Name=DFL (1)
X=Height, nm
Y=DFL, nN
-200,022; 2084,1878
-199,62156; 2080,3501
-199,22111; 2073,9539
-198,82067; 2074,5935
-198,42023; 2070,7558
-198,01978; 2069,4766
-197,61934; 2066,9181
-197,21889; 2063,72
-196,81845; 2059,8823
-196,418; 2057,3238
-196,01756; 2055,4049
-195,61711; 2054,7653
-195,21667; 2052,2068
-194,81623; 2049,0087
-194,41578; 2043,8918
-194,01534; 2040,6937
-193,61489; 2041,3333
-193,21445; 2037,4956
-192,814; 2034,9371
-192,41356; 2029,1805
-192,01311; 2025,9824
-191,61267; 2027,2616
-191,21223; 2025,3428
-190,81178; 2023,4239
-190,41134; 2015,1089
-190,01089; 2015,1089
-189,61045; 2013,8296
-189,21; 2011,9108
-188,80956; 2010,6315
-188,40911; 2005,5146
-188,00867; 2001,6768
-187,60823; 2000,3976
-187,20778; 1997,8391
-186,80734; 1994,641
-186,40689; 1993,3618
-186,00645; 1988,8844
-185,606; 1987,6052
-185,20556; 1984,4071
-184,80511; 1982,4882
-184,40467; 1981,209
-184,00423; 1976,7317
-183,60378; 1974,1732
-183,20334; 1969,0562
-182,80289; 1969,6959
-182,40245; 1969,0562
-182,002; 1963,2997
-181,60156; 1960,1016
-181,20111; 1956,9035
-180,80067; 1955,6242
-180,40023; 1955,6242
-179,99978; 1952,4261
-179,59934; 1945,3903
-179,19889; 1944,1111
-178,79845; 1941,5526
-178,398; 1942,1922
-177,99756; 1938,9941
-177,59711; 1934,5168
-177,19667; 1931,9583
-176,79623; 1928,1206
-176,39578; 1927,4809
-175,99534; 1925,5621
-175,59489; 1923,6432
-175,19445; 1919,1659
-174,794; 1916,6074
-174,39356; 1915,3282
-173,99311; 1912,7697
-173,59267; 1910,8508
-173,19223; 1905,7339
-172,79178; 1903,1754
-172,39134; 1899,9773
-171,99089; 1900,6169
-171,59045; 1899,3377
-171,19; 1896,1396
-170,78956; 1890,383
-170,38911; 1887,8245
-169,98867; 1887,1849
-169,58823; 1885,9056
-169,18778; 1884,6264
-168,78734; 1877,5906
-168,38689; 1876,951
-167,98645; 1875,0321
-167,586; 1874,3925
-167,18556; 1871,834
-166,78511; 1865,4378
-166,38467; 1862,2397
-165,98423; 1860,3208
-165,58378; 1859,0416
-165,18334; 1857,1227
-164,78289; 1855,8435
-164,38245; 1850,0869
-163,982; 1847,5284
-163,58156; 1846,8888
-163,18111; 1845,6096
-162,78067; 1843,0511
-162,38023; 1838,5738
-161,97978; 1836,0153
-161,57934; 1830,2587
-161,17889; 1834,0964
-160,77845; 1830,2587
-160,378; 1827,0606
-159,97756; 1823,8625
-159,57711; 1818,7455
-159,17667; 1820,0248
-158,77623; 1819,3852
-158,37578; 1814,9078
-157,97534; 1809,7909
-157,57489; 1807,872
-157,17445; 1805,9531
-156,774; 1807,2324
-156,37356; 1802,1154
-155,97311; 1798,9173
-155,57267; 1796,3588
-155,17222; 1793,8004
-154,77178; 1794,44
-154,37134; 1789,323
-153,97089; 1788,0438
-153,57045; 1782,9268
-153,17; 1779,7287
-152,76956; 1779,7287
-152,36911; 1776,5306
-151,96867; 1774,6118
-151,56822; 1771,4137
-151,16778; 1767,5759
-150,76734; 1765,6571
-150,36689; 1766,2967
-149,96645; 1763,0986
-149,566; 1761,1797
-149,16556; 1755,4232
-148,76511; 1752,8647
-148,36467; 1753,5043
-147,96422; 1750,9458
-147,56378; 1748,3873
-147,16334; 1742,6308
-146,76289; 1740,7119
-146,36245; 1738,793
-145,962; 1738,793
-145,56156; 1735,5949
-145,16111; 1730,478
-144,76067; 1727,2799
-144,36022; 1726,6403
-143,95978; 1726,0007
-143,55934; 1721,5233
-143,15889; 1720,2441
-142,75845; 1716,4064
-142,358; 1712,5686
-141,95756; 1711,2894
-141,55711; 1709,3705
-141,15667; 1707,4517
-140,75622; 1703,614
-140,35578; 1699,7762
-139,95534; 1696,5781
-139,55489; 1699,1366
-139,15445; 1696,5781
-138,754; 1692,7404
-138,35356; 1688,2631
-137,95311; 1685,065
-137,55267; 1685,065
-137,15222; 1683,7857
-136,75178; 1680,5876
-136,35134; 1674,8311
-135,95089; 1671,633
-135,55045; 1671,633
-135,15; 1670,3537
-134,74956; 1667,1556
-134,34911; 1663,9575
-133,94867; 1658,8406
-133,54822; 1657,5613
-133,14778; 1656,9217
-132,74734; 1653,7236
-132,34689; 1653,7236
-131,94645; 1647,967
-131,546; 1645,4085
-131,14556; 1643,4897
-130,74511; 1641,5708
-130,34467; 1640,9312
-129,94422; 1634,535
-129,54378; 1632,6161
-129,14334; 1630,6973
-128,74289; 1630,6973
-128,34245; 1628,7784
-127,942; 1624,3011
-127,54156; 1619,8237
-127,14111; 1617,2653
-126,74067; 1617,9049
-126,34022; 1616,6256
-125,93978; 1612,7879
-125,53934; 1607,671
-125,13889; 1605,7521
-124,73845; 1604,4729
-124,338; 1604,4729
-123,93756; 1599,9955
-123,53711; 1595,5182
-123,13667; 1592,9597
-122,73622; 1588,4824
-122,33578; 1589,7616
-121,93534; 1587,2031
-121,53489; 1584,005
-121,13445; 1580,1673
-120,734; 1576,9692
-120,33356; 1575,69
-119,93311; 1574,4107
-119,53267; 1570,573
-119,13222; 1569,2938
-118,73178; 1564,8164
-118,33134; 1562,2579
-117,93089; 1564,1768
-117,53045; 1559,6995
-117,13; 1557,141
-116,72956; 1550,7448
-116,32911; 1547,5467
-115,92867; 1548,8259
-115,52822; 1546,9071
-115,12778; 1543,709
-114,72734; 1537,9524
-114,32689; 1536,0335
-113,92645; 1534,7543
-113,526; 1535,3939
-113,12556; 1530,9166
-112,72511; 1527,0788
-112,32467; 1523,8807
-111,92422; 1520,6826
-111,52378; 1521,9619
-111,12334; 1516,8449
-110,72289; 1514,2864
-110,32245; 1511,728
-109,922; 1507,8902
-109,52156; 1506,611
-109,12111; 1505,3318
-108,72067; 1502,1337
-108,32022; 1498,2959
-107,91978; 1494,4582
-107,51934; 1490,6205
-107,11889; 1492,5394
-106,71845; 1489,3413
-106,318; 1486,1432
-105,91756; 1481,0262
-105,51711; 1477,8281
-105,11667; 1479,1074
-104,71622; 1477,1885
-104,31578; 1473,3508
-103,91534; 1468,8734
-103,51489; 1466,315
-103,11445; 1465,0357
-102,714; 1464,3961
-102,31356; 1461,8376
-101,91311; 1455,4414
-101,51267; 1451,6037
-101,11222; 1450,9641
-100,71178; 1450,9641
-100,31134; 1445,8471
-99,910891; 1443,9283
-99,510447; 1438,8113
-99,110002; 1436,8924
-98,709558; 1435,6132
-98,309113; 1432,4151
-97,908669; 1430,4962
-97,508224; 1426,6585
-97,10778; 1422,8208
-96,707336; 1420,2623
-96,306891; 1422,1812
-95,906447; 1418,3435
-95,506002; 1415,1454
-95,105558; 1409,3888
-94,705113; 1406,8303
-94,304669; 1407,4699
-93,904224; 1404,2718
-93,50378; 1402,9926
-93,103336; 1395,9568
-92,702891; 1394,6775
-92,302447; 1395,3171
-91,902002; 1392,7587
-91,501558; 1388,9209
-91,101113; 1383,804
-90,700669; 1380,6059
-90,300224; 1379,3266
-89,89978; 1377,4078
-89,499336; 1374,2097
-89,098891; 1371,6512
-88,698447; 1366,5342
-88,298002; 1364,6154
-87,897558; 1362,0569
-87,497113; 1360,7777
-87,096669; 1358,8588
-86,696224; 1352,4626
-86,29578; 1351,1834
-85,895335; 1347,3456
-85,494891; 1347,3456
-85,094447; 1346,0664
-84,694002; 1341,5891
-84,293558; 1335,1929
-83,893113; 1332,6344
-83,492669; 1331,3551
-83,092224; 1330,7155
-82,69178; 1328,7967
-82,291335; 1321,7608
-81,890891; 1322,4005
-81,490447; 1317,9231
-81,090002; 1317,2835
-80,689558; 1314,725
-80,289113; 1307,6892
-79,888669; 1305,7703
-79,488224; 1303,8515
-79,08778; 1303,8515
-78,687335; 1300,0138
-78,286891; 1295,5364
-77,886447; 1292,3383
-77,486002; 1289,7798
-77,085558; 1286,5817
-76,685113; 1287,2214
-76,284669; 1283,3836
-75,884224; 1278,9063
-75,48378; 1275,7082
-75,083335; 1271,8705
-74,682891; 1272,5101
-74,282447; 1269,312
-73,882002; 1266,1139
-73,481558; 1261,6366
-73,081113; 1257,7988
-72,680669; 1257,7988
-72,280224; 1255,88
-71,87978; 1253,9611
-71,479335; 1247,5649
-71,078891; 1244,3668
-70,678446; 1243,0876
-70,278002; 1242,448
-69,877558; 1238,6103
-69,477113; 1234,1329
-69,076669; 1230,9348
-68,676224; 1229,016
-68,27578; 1229,016
-67,875335; 1224,5386
-67,474891; 1223,2594
-67,074446; 1217,5028
-66,674002; 1215,5839
-66,273558; 1214,3047
-65,873113; 1211,1066
-65,472669; 1209,8274
-65,072224; 1204,7104
-64,67178; 1200,2331
-64,271335; 1195,7557
-63,870891; 1195,7557
-63,470446; 1193,8369
-63,070002; 1189,9991
-62,669558; 1184,8822
-62,269113; 1182,3237
-61,868669; 1181,6841
-61,468224; 1181,0445
-61,06778; 1177,2067
-60,667335; 1171,4502
-60,266891; 1169,5313
-59,866446; 1165,6936
-59,466002; 1166,3332
-59,065557; 1162,4955
-58,665113; 1158,6578
-58,264669; 1156,0993
-57,864224; 1153,5408
-57,46378; 1152,2616
-57,063335; 1148,4238
-56,662891; 1144,5861
-56,262446; 1140,7484
-55,862002; 1138,1899
-55,461557; 1136,2711
-55,061113; 1133,7126
-54,660669; 1131,1541
-54,260224; 1126,0371
-53,85978; 1123,4787
-53,459335; 1119,6409
-53,058891; 1120,9202
-52,658446; 1118,3617
-52,258002; 1114,524
-51,857557; 1109,407
-51,457113; 1104,2901
-51,056669; 1104,2901
-50,656224; 1103,6504
-50,25578; 1100,4523
-49,855335; 1093,4165
-49,454891; 1092,1373
-49,054446; 1090,2184
-48,654002; 1089,5788
-48,253557; 1085,7411
-47,853113; 1081,2637
-47,452668; 1078,0656
-47,052224; 1076,1468
-46,65178; 1074,8675
-46,251335; 1071,0298
-45,850891; 1069,111
-45,450446; 1063,994
-45,050002; 1062,0751
-44,649557; 1060,1563
-44,249113; 1057,5978
-43,848668; 1055,6789
-43,448224; 1051,8412
-43,04778; 1047,3639
-42,647335; 1044,8054
-42,246891; 1045,445
-41,846446; 1040,9677
-41,446002; 1038,4092
-41,045557; 1032,013
-40,645113; 1029,4545
-40,244668; 1029,4545
-39,844224; 1028,1753
-39,44378; 1025,6168
-39,043335; 1018,581
-38,642891; 1016,6621
-38,242446; 1013,464
-37,842002; 1012,1848
-37,441557; 1010,9056
-37,041113; 1004,5094
-36,640668; 1001,9509
-36,240224; 1001,3113
-35,839779; 998,11315
-35,439335; 995,55467
-35,038891; 992,99619
-34,638446; 987,23961
-34,238002; 986,59999
-33,837557; 982,76227
-33,437113; 981,48303
-33,036668; 978,92455
-32,636224; 974,44721
-32,235779; 971,24911
-31,835335; 967,41139
-31,434891; 968,05101
-31,034446; 966,13215
-30,634002; 961,01519
-30,233557; 956,53785
-29,833113; 952,70014
-29,432668; 952,06052
-29,032224; 952,06052
-28,631779; 946,94356
-28,231335; 942,46622
-27,830891; 939,26812
-27,430446; 936,70964
-27,030002; 937,98888
-26,629557; 932,87192
-26,229113; 929,0342
-25,828668; 925,8361
-25,428224; 922,638
-25,027779; 922,638
-24,627335; 916,88142
-24,226891; 916,88142
-23,826446; 913,0437
-23,426002; 908,56636
-23,025557; 907,92674
-22,625113; 904,72864
-22,224668; 903,4494
-21,824224; 901,53054
-21,423779; 896,41358
-21,023335; 891,93624
-20,62289; 893,21548
-20,222446; 888,73814
-19,822002; 888,09852
-19,421557; 881,70232
-19,021113; 878,50422
-18,620668; 878,50422
-18,220224; 875,94574
-17,819779; 874,02688
-17,419335; 868,2703
-17,01889; 864,43258
-16,618446; 863,15334
-16,218002; 859,95524
-15,817557; 859,95524
-15,417113; 855,4779
-15,016668; 850,36094
-14,616224; 848,44208
-14,215779; 846,52322
-13,815335; 843,32512
-13,41489; 844,60436
-13,014446; 837,56854
-12,614002; 835,64969
-12,213557; 831,81197
-11,813113; 829,25349
-11,412668; 828,61387
-11,012224; 823,49691
-10,611779; 821,57805
-10,211335; 816,46109
-9,8108904; 815,82147
-9,4104459; 815,18185
-9,0100015; 811,34413
-8,609557; 808,14603
-8,2091126; 803,02907
-7,8086681; 801,74983
-7,4082237; 801,11021
-7,0077792; 797,91211
-6,6073348; 793,43477
-6,2068903; 790,87629
-5,8064459; 785,75933
-5,4060014; 785,11971
-5,005557; 783,20085
-4,6051126; 779,36313
-4,2046681; 776,80465
-3,8042237; 772,96693
-3,4037792; 771,68769
-3,0033348; 768,48959
-2,6028903; 767,84997
-2,2024459; 764,65187
-1,8020014; 760,17453
-1,401557; 755,69719
-1,0011125; 753,77833
-0,60066807; 753,13871
-0,20022362; 749,30099
0,20022082; 745,46327
0,60066527; 740,98593
1,0011097; 739,06707
1,4015542; 738,42745
1,8019986; 735,86897
2,2024431; 730,11239
2,6028875; 726,27467
3,003332; 724,99543
3,4037764; 723,71619
3,8042209; 723,07657
4,2046653; 717,31999
4,6051098; 716,04076
5,0055542; 712,20304
5,4059986; 710,9238
5,8064431; 709,64456
6,2068875; 705,16722
6,607332; 702,60874
7,0077764; 697,49178
7,4082209; 694,9333
7,8086653; 691,09558
8,2091098; 690,45596
8,6095542; 687,25786
9,0099987; 684,05976
9,4104431; 678,9428
9,8108876; 677,66356
10,211332; 676,38432
10,611776; 673,18622
11,012221; 670,62774
11,412665; 665,51078
11,81311; 663,59192
12,213554; 662,31268
12,613999; 661,03344
13,014443; 656,5561
13,414888; 652,07876
13,815332; 649,52028
14,215777; 648,88066
14,616221; 646,9618
15,016665; 642,48446
15,41711; 641,20522
15,817554; 634,1694
16,217999; 635,44864
16,618443; 634,1694
17,018888; 630,33168
17,419332; 629,05244
17,819777; 622,65624
18,220221; 621,377
18,620665; 618,81852
19,02111; 616,89966
19,421554; 615,62042
19,821999; 610,50346
20,222443; 606,02612
20,622888; 603,46764
21,023332; 603,46764
21,423777; 601,54878
21,824221; 598,35068
22,224665; 592,59411
22,62511; 590,67525
23,025554; 590,03563
23,425999; 588,11677
23,826443; 584,91867
24,226888; 579,16209
24,627332; 577,88285
25,027777; 577,24323
25,428221; 574,04513
25,828665; 572,12627
26,22911; 569,56779
26,629554; 563,81121
27,029999; 563,81121
27,430443; 559,97349
27,830888; 558,69425
28,231332; 558,69425
28,631777; 551,01881
29,032221; 549,09995
29,432666; 545,90185
29,83311; 544,62261
30,233554; 545,90185
30,633999; 539,50565
31,034443; 535,02831
31,434888; 533,74907
31,835332; 531,19059
32,235777; 531,83021
32,636221; 527,99249
33,036666; 520,95667
33,43711; 520,95667
33,837554; 519,03781
34,237999; 518,39819
34,638443; 515,20009
35,038888; 510,72275
35,439332; 508,80389
35,839777; 504,96617
36,240221; 504,96617
36,640666; 501,76807
37,04111; 499,20959
37,441554; 497,29073
37,841999; 492,81339
38,242443; 489,61529
38,642888; 489,61529
39,043332; 486,41719
39,443777; 484,49833
39,844221; 478,74175
40,244666; 476,18328
40,64511; 477,46251
41,045555; 474,26442
41,445999; 471,70594
41,846443; 468,50784
42,246888; 462,75126
42,647332; 461,47202
43,047777; 460,8324
43,448221; 458,27392
43,848666; 454,4362
44,24911; 453,15696
44,649555; 449,95886
45,049999; 450,59848
45,450443; 446,76076
45,850888; 442,92304
46,251332; 439,72494
46,651777; 435,2476
47,052221; 435,2476
47,452666; 432,68912
47,85311; 430,77026
48,253555; 427,57216
48,653999; 425,01368
49,054443; 421,81558
49,454888; 419,2571
49,855332; 419,89672
50,255777; 416,69862
50,656221; 412,22128
51,056666; 408,38356
51,45711; 407,74394
51,857555; 405,82508
52,257999; 403,90622
52,658444; 400,0685
53,058888; 396,8704
53,459332; 394,95154
53,859777; 394,95154
54,260221; 392,39306
54,660666; 386,63648
55,06111; 384,71762
55,461555; 382,15914
55,861999; 381,51952
56,262444; 378,96104
56,662888; 375,76294
57,063332; 373,20446
57,463777; 369,36674
57,864221; 370,64598
58,264666; 367,44788
58,66511; 365,52902
59,065555; 362,33092
59,465999; 357,21397
59,866444; 354,65549
60,266888; 352,73663
60,667332; 351,45739
61,067777; 348,25929
61,468221; 344,42157
61,868666; 340,58385
62,26911; 342,50271
62,669555; 339,30461
63,069999; 338,66499
63,470444; 332,90841
63,870888; 327,15183
64,271333; 327,15183
64,671777; 326,51221
65,072221; 323,95373
65,472666; 318,83677
65,87311; 316,27829
66,273555; 314,99905
66,673999; 313,71981
67,074444; 311,80095
67,474888; 308,60285
67,875333; 304,76513
68,275777; 301,56703
68,676221; 299,00855
69,076666; 297,08969
69,47711; 295,81045
69,877555; 291,97273
70,277999; 290,05387
70,678444; 286,21615
71,078888; 285,57653
71,479333; 283,65767
71,879777; 280,45957
72,280221; 276,62185
72,680666; 271,50489
73,08111; 273,42375
73,481555; 270,22565
73,881999; 267,66717
74,282444; 264,46907
74,682888; 259,99173
75,083333; 259,99173
75,483777; 258,71249
75,884221; 256,79363
76,284666; 251,03705
76,68511; 249,11819
77,085555; 246,55971
77,485999; 245,92009
77,886444; 244,00123
78,286888; 238,88427
78,687333; 237,60504
79,087777; 233,76732
79,488222; 231,20884
79,888666; 229,9296
80,28911; 227,37112
80,689555; 225,45226
81,089999; 223,5334
81,490444; 217,77682
81,890888; 215,21834
82,291333; 215,21834
82,691777; 212,65986
83,092222; 209,46176
83,492666; 205,62404
83,89311; 204,3448
84,293555; 203,70518
84,693999; 199,86746
85,094444; 196,66936
85,494888; 193,47126
85,895333; 192,19202
86,295777; 190,91278
86,696222; 187,71468
87,096666; 183,87696
87,49711; 183,23734
87,897555; 180,03924
88,297999; 178,12038
88,698444; 175,5619
89,098888; 172,3638
89,499333; 171,08456
89,899777; 167,88646
90,300222; 164,68836
90,700666; 162,7695
91,101111; 161,49026
91,501555; 158,29216
91,901999; 155,09406
92,302444; 151,25634
92,702888; 149,33748
93,103333; 147,41862
93,503777; 146,779
93,904222; 143,5809
94,304666; 138,46394
94,705111; 139,10356
95,105555; 136,54508
95,505999; 133,9866
95,906444; 131,42812
96,306888; 127,5904
96,707333; 126,95078
97,107777; 123,75268
97,508222; 122,47344
97,908666; 119,27534
98,309111; 117,35649
98,709555; 114,79801
99,109999; 112,23953
99,510444; 110,32067
99,910888; 107,12257
100,31133; 105,84333
100,71178; 103,92447
101,11222; 101,36599
101,51267; 97,528267
101,91311; 97,528267
102,31356; 94,969787
102,714; 93,050927
103,11444; 88,573588
103,51489; 86,015108
103,91533; 84,735868
104,31578; 82,817008
104,71622; 80,898148
105,11667; 76,420809
105,51711; 74,501949
105,91756; 71,943469
106,318; 70,024609
106,71844; 69,384989
107,11889; 64,90765
107,51933; 62,34917
107,91978; 59,79069
108,32022; 56,59259
108,72067; 54,03411
109,12111; 54,67373
109,52156; 49,556771
109,922; 48,917151
110,32244; 45,719051
110,72289; 43,160571
111,12333; 42,520951
111,52378; 40,602092
111,92422; 36,764372
112,32467; 32,287032
112,72511; 32,287032
113,12556; 30,368172
113,526; 29,728552
113,92644; 26,530453
114,32689; 24,611593
114,72733; 23,971973
115,12778; 23,971973
115,52822; 24,611593
115,92867; 22,053113
116,32911; 21,413493
116,72956; 18,855013
117,13; 18,215393
117,53044; 17,575773
117,93089; 16,296534
118,33133; 16,296534
118,73178; 15,017294
119,13222; 14,377674
119,53267; 12,458814
119,93311; 13,098434
120,33356; 15,017294
120,734; 18,855013
121,13444; 16,936154
121,53489; 15,656914
121,93533; 16,936154
122,33578; 16,296534
122,73622; 18,215393
123,13667; 17,575773
123,53711; 19,494633
123,93756; 22,692733
124,338; 23,332353
124,73844; 23,971973
125,13889; 22,692733
125,53933; 22,692733
125,93978; 24,611593
126,34022; 25,890833
126,74067; 23,971973
127,14111; 24,611593
127,54156; 23,332353
127,942; 23,332353
128,34244; 22,692733
128,74289; 22,053113
129,14333; 22,053113
129,54378; 21,413493
129,94422; 22,053113
130,34467; 20,773873
130,74511; 20,773873
131,14556; 20,773873
131,546; 22,053113
131,94644; 22,692733
132,34689; 21,413493
132,74733; 22,692733
133,14778; 22,692733
133,54822; 23,332353
133,94867; 22,053113
134,34911; 22,053113
134,74956; 23,971973
135,15; 23,332353
135,55044; 23,332353
135,95089; 23,332353
136,35133; 22,692733
136,75178; 23,332353
137,15222; 23,971973
137,55267; 23,332353
137,95311; 24,611593
138,35356; 23,971973
138,754; 23,971973
139,15444; 25,251213
139,55489; 23,971973
139,95533; 23,971973
140,35578; 23,971973
140,75622; 24,611593
141,15667; 23,971973
141,55711; 24,611593
141,95756; 23,971973
142,358; 24,611593
142,75844; 25,251213
143,15889; 23,971973
143,55933; 23,971973
143,95978; 24,611593
144,36022; 24,611593
144,76067; 23,332353
145,16111; 24,611593
145,56156; 24,611593
145,962; 24,611593
146,36244; 24,611593
146,76289; 23,971973
147,16333; 23,971973
147,56378; 25,251213
147,96422; 23,971973
148,36467; 23,971973
148,76511; 23,971973
149,16556; 24,611593
149,566; 23,332353
149,96644; 23,332353
150,36689; 23,971973
150,76733; 23,971973
151,16778; 23,332353
151,56822; 24,611593
151,96867; 23,332353
152,36911; 24,611593
152,76956; 23,332353
153,17; 23,332353
153,57044; 24,611593
153,97089; 23,332353
154,37133; 23,332353
154,77178; 23,971973
155,17222; 23,971973
155,57267; 22,692733
155,97311; 23,971973
156,37356; 23,971973
156,774; 23,971973
157,17444; 23,971973
157,57489; 23,332353
157,97533; 24,611593
158,37578; 23,971973
158,77622; 23,971973
159,17667; 23,332353
159,57711; 24,611593
159,97756; 23,971973
160,378; 23,971973
160,77844; 23,971973
161,17889; 23,332353
161,57933; 23,971973
161,97978; 23,971973
162,38022; 23,971973
162,78067; 23,971973
163,18111; 23,971973
163,58156; 23,332353
163,982; 23,971973
164,38244; 24,611593
164,78289; 23,971973
165,18333; 23,971973
165,58378; 24,611593
165,98422; 23,332353
166,38467; 23,332353
166,78511; 24,611593
167,18556; 24,611593
167,586; 23,971973
167,98644; 23,971973
168,38689; 23,971973
168,78733; 23,332353
169,18778; 24,611593
169,58822; 23,332353
169,98867; 23,971973
170,38911; 24,611593
170,78956; 24,611593
171,19; 24,611593
171,59044; 24,611593
171,99089; 24,611593
172,39133; 23,332353
172,79178; 24,611593
173,19222; 24,611593
173,59267; 24,611593
173,99311; 24,611593
174,39356; 25,251213
174,794; 24,611593
175,19444; 25,251213
175,59489; 25,251213
175,99533; 25,251213
176,39578; 24,611593
176,79622; 24,611593
177,19667; 25,251213
177,59711; 24,611593
177,99756; 24,611593
178,398; 25,251213
178,79844; 24,611593
179,19889; 24,611593
179,59933; 24,611593
179,99978; 25,251213
180,40022; 25,251213
180,80067; 24,611593
181,20111; 25,251213
181,60156; 24,611593
182,002; 24,611593
182,40244; 25,251213
182,80289; 25,251213
183,20333; 25,251213
183,60378; 24,611593
184,00422; 25,890833
184,40467; 25,251213
184,80511; 25,251213
185,20556; 25,251213
185,606; 25,251213
186,00644; 25,890833
186,40689; 24,611593
186,80733; 25,251213
187,20778; 25,251213
187,60822; 25,890833
188,00867; 25,251213
188,40911; 25,251213
188,80956; 25,251213
189,21; 25,251213
189,61044; 25,890833
190,01089; 25,890833
190,41133; 25,251213
190,81178; 25,251213
191,21222; 25,251213
191,61267; 25,251213
192,01311; 25,890833
192,41356; 25,251213
192,814; 25,251213
193,21444; 25,890833
193,61489; 25,890833
194,01533; 23,971973
194,41578; 25,890833
194,81622; 26,530453
195,21667; 25,890833
195,61711; 25,890833
196,01756; 25,890833
196,418; 25,890833
196,81844; 25,890833
197,21889; 25,890833
197,61933; 26,530453
198,01978; 25,890833
198,42022; 26,530453
198,82067; 25,890833
199,22111; 25,890833
199,62156; 27,170073
200,022; 25,890833


Name=DFL (2)
X=Height, nm
Y=DFL, nN
-200,022; 2102,7368
-199,62156; 2103,3764
-199,22111; 2103,3764
-198,82067; 2102,0972
-198,42023; 2099,5387
-198,01978; 2096,3406
-197,61934; 2093,7821
-197,21889; 2093,7821
-196,81845; 2092,5029
-196,418; 2091,8633
-196,01756; 2089,3048
-195,61711; 2084,1878
-195,21667; 2084,8274
-194,81623; 2084,1878
-194,41578; 2082,269
-194,01534; 2080,9897
-193,61489; 2075,8728
-193,21445; 2075,2331
-192,814; 2075,2331
-192,41356; 2073,3143
-192,01311; 2071,3954
-191,61267; 2067,5577
-191,21223; 2064,3596
-190,81178; 2065,6388
-190,41134; 2063,72
-190,01089; 2063,72
-189,61045; 2061,1615
-189,21; 2057,3238
-188,80956; 2056,6842
-188,40911; 2055,4049
-188,00867; 2054,1257
-187,60823; 2052,8464
-187,20778; 2047,0899
-186,80734; 2046,4502
-186,40689; 2045,171
-186,00645; 2043,8918
-185,606; 2044,5314
-185,20556; 2038,7748
-184,80511; 2036,8559
-184,40467; 2036,8559
-184,00423; 2033,6578
-183,60378; 2034,9371
-183,20334; 2031,0994
-182,80289; 2027,9013
-182,40245; 2027,2616
-182,002; 2024,0635
-181,60156; 2025,3428
-181,20111; 2022,1447
-180,80067; 2017,6673
-180,40023; 2017,0277
-179,99978; 2013,19
-179,59934; 2013,8296
-179,19889; 2013,19
-178,79845; 2009,3523
-178,398; 2008,7127
-177,99756; 2004,8749
-177,59711; 2005,5146
-177,19667; 2005,5146
-176,79623; 2002,3165
-176,39578; 2001,0372
-175,99534; 1996,5599
-175,59489; 1994,641
-175,19445; 1996,5599
-174,794; 1993,3618
-174,39356; 1988,8844
-173,99311; 1987,6052
-173,59267; 1983,7675
-173,19223; 1985,0467
-172,79178; 1985,6863
-172,39134; 1981,209
-171,99089; 1978,0109
-171,59045; 1976,092
-171,19; 1974,8128
-170,78956; 1974,8128
-170,38911; 1973,5336
-169,98867; 1969,0562
-169,58823; 1967,1374
-169,18778; 1964,5789
-168,78734; 1964,5789
-168,38689; 1965,2185
-167,98645; 1960,1016
-167,586; 1957,5431
-167,18556; 1956,2638
-166,78511; 1953,7054
-166,38467; 1954,9846
-165,98423; 1953,0657
-165,58378; 1947,9488
-165,18334; 1945,3903
-164,78289; 1942,8318
-164,38245; 1944,1111
-163,982; 1942,8318
-163,58156; 1937,7149
-163,18111; 1935,796
-162,78067; 1932,5979
-162,38023; 1933,2375
-161,97978; 1934,5168
-161,57934; 1928,1206
-161,17889; 1927,4809
-160,77845; 1923,0036
-160,378; 1921,7244
-159,97756; 1923,6432
-159,57711; 1919,1659
-159,17667; 1916,6074
-158,77623; 1913,4093
-158,37578; 1910,2112
-157,97534; 1911,4904
-157,57489; 1908,932
-157,17445; 1906,3735
-156,774; 1904,4546
-156,37356; 1899,9773
-155,97311; 1901,2565
-155,57267; 1899,3377
-155,17222; 1896,7792
-154,77178; 1894,8603
-154,37134; 1890,383
-153,97089; 1889,1037
-153,57045; 1891,0226
-153,17; 1885,9056
-152,76956; 1885,266
-152,36911; 1880,7887
-151,96867; 1878,2302
-151,56822; 1880,1491
-151,16778; 1876,951
-150,76734; 1875,6717
-150,36689; 1872,4736
-149,96645; 1867,9963
-149,566; 1869,9151
-149,16556; 1867,9963
-148,76511; 1865,4378
-148,36467; 1863,5189
-147,96422; 1857,1227
-147,56378; 1857,1227
-147,16334; 1856,4831
-146,76289; 1854,5643
-146,36245; 1853,285
-145,962; 1848,1681
-145,56156; 1845,6096
-145,16111; 1846,2492
-144,76067; 1843,0511
-144,36022; 1843,6907
-143,95978; 1839,2134
-143,55934; 1834,736
-143,15889; 1834,736
-142,75845; 1833,4568
-142,358; 1832,8172
-141,95756; 1829,6191
-141,55711; 1822,5833
-141,15667; 1822,5833
-140,75622; 1821,304
-140,35578; 1821,304
-139,95534; 1820,6644
-139,55489; 1814,2682
-139,15445; 1812,3493
-138,754; 1811,0701
-138,35356; 1810,4305
-137,95311; 1809,1512
-137,55267; 1803,3947
-137,15222; 1800,8362
-136,75178; 1799,5569
-136,35134; 1798,2777
-135,95089; 1799,5569
-135,55045; 1795,0796
-135,15; 1790,6023
-134,74956; 1789,323
-134,34911; 1786,7645
-133,94867; 1786,1249
-133,54822; 1784,2061
-133,14778; 1779,0891
-132,74734; 1778,4495
-132,34689; 1776,5306
-131,94645; 1775,891
-131,546; 1775,2514
-131,14556; 1769,4948
-130,74511; 1767,5759
-130,34467; 1764,3778
-129,94422; 1763,7382
-129,54378; 1763,7382
-129,14334; 1761,1797
-128,74289; 1756,7024
-128,34245; 1754,7835
-127,942; 1752,2251
-127,54156; 1752,2251
-127,14111; 1750,3062
-126,74067; 1746,4685
-126,34022; 1743,91
-125,93978; 1739,4327
-125,53934; 1740,7119
-125,13889; 1738,1534
-124,73845; 1734,9553
-124,338; 1732,3968
-123,93756; 1728,5591
-123,53711; 1727,9195
-123,13667; 1727,9195
-122,73622; 1725,361
-122,33578; 1721,5233
-121,93534; 1718,3252
-121,53489; 1715,1271
-121,13445; 1715,7667
-120,734; 1713,8479
-120,33356; 1711,2894
-119,93311; 1708,0913
-119,53267; 1704,2536
-119,13222; 1703,614
-118,73178; 1702,3347
-118,33134; 1700,4159
-117,93089; 1696,5781
-117,53045; 1692,1008
-117,13; 1692,7404
-116,72956; 1690,8216
-116,32911; 1690,1819
-115,92867; 1685,065
-115,52822; 1681,2273
-115,12778; 1678,6688
-114,72734; 1677,3895
-114,32689; 1678,6688
-113,92645; 1674,1914
-113,526; 1669,0745
-113,12556; 1668,4349
-112,72511; 1665,8764
-112,32467; 1666,516
-111,92422; 1664,5971
-111,52378; 1658,8406
-111,12334; 1656,9217
-110,72289; 1653,7236
-110,32245; 1655,0028
-109,922; 1652,4444
-109,52156; 1647,967
-109,12111; 1646,6878
-108,72067; 1641,5708
-108,32022; 1640,9312
-107,91978; 1640,9312
-107,51934; 1635,1746
-107,11889; 1633,8954
-106,71845; 1629,418
-106,318; 1628,1388
-105,91756; 1630,6973
-105,51711; 1625,5803
-105,11667; 1623,0218
-104,71622; 1619,1841
-104,31578; 1616,6256
-103,91534; 1617,2653
-103,51489; 1614,0672
-103,11445; 1612,1483
-102,714; 1607,0313
-102,31356; 1602,554
-101,91311; 1604,4729
-101,51267; 1600,6351
-101,11222; 1599,9955
-100,71178; 1596,7974
-100,31134; 1591,0408
-99,910891; 1590,4012
-99,510447; 1588,4824
-99,110002; 1587,2031
-98,709558; 1585,2843
-98,309113; 1578,8881
-97,908669; 1578,2484
-97,508224; 1578,8881
-97,10778; 1576,3296
-96,707336; 1575,0503
-96,306891; 1568,0145
-95,906447; 1566,7353
-95,506002; 1564,8164
-95,105558; 1562,8976
-94,705113; 1562,8976
-94,304669; 1557,141
-93,904224; 1553,9429
-93,50378; 1552,6636
-93,103336; 1549,4655
-92,702891; 1550,7448
-92,302447; 1546,9071
-91,902002; 1542,4297
-91,501558; 1539,2316
-91,101113; 1537,3128
-90,700669; 1537,9524
-90,300224; 1534,7543
-89,89978; 1530,9166
-89,499336; 1528,3581
-89,098891; 1525,16
-88,698447; 1524,5204
-88,298002; 1521,9619
-87,897558; 1518,1242
-87,497113; 1513,6468
-87,096669; 1511,0883
-86,696224; 1511,0883
-86,29578; 1509,8091
-85,895335; 1506,611
-85,494891; 1502,7733
-85,094447; 1498,9356
-84,694002; 1498,9356
-84,293558; 1496,3771
-83,893113; 1495,0978
-83,492669; 1491,8998
-83,092224; 1487,4224
-82,69178; 1484,8639
-82,291335; 1484,2243
-81,890891; 1481,6658
-81,490447; 1479,1074
-81,090002; 1473,9904
-80,689558; 1471,4319
-80,289113; 1470,1527
-79,888669; 1468,2338
-79,488224; 1467,5942
-79,08778; 1463,7565
-78,687335; 1458,6395
-78,286891; 1456,7207
-77,886447; 1456,081
-77,486002; 1454,1622
-77,085558; 1451,6037
-76,685113; 1445,8471
-76,284669; 1443,2886
-75,884224; 1442,649
-75,48378; 1440,7302
-75,083335; 1439,4509
-74,682891; 1434,9736
-74,282447; 1430,4962
-73,882002; 1428,5774
-73,481558; 1427,2981
-73,081113; 1426,0189
-72,680669; 1421,5416
-72,280224; 1418,3435
-71,87978; 1414,5057
-71,479335; 1413,2265
-71,078891; 1413,2265
-70,678446; 1410,0284
-70,278002; 1406,1907
-69,877558; 1401,7133
-69,477113; 1399,1549
-69,076669; 1398,5152
-68,676224; 1397,236
-68,27578; 1392,119
-67,875335; 1388,9209
-67,474891; 1386,3625
-67,074446; 1386,3625
-66,674002; 1384,4436
-66,273558; 1380,6059
-65,873113; 1378,0474
-65,472669; 1373,5701
-65,072224; 1372,9304
-64,67178; 1372,2908
-64,271335; 1367,8135
-63,870891; 1364,6154
-63,470446; 1360,138
-63,070002; 1358,8588
-62,669558; 1358,2192
-62,269113; 1355,0211
-61,868669; 1352,4626
-61,468224; 1347,9853
-61,06778; 1343,5079
-60,667335; 1342,8683
-60,266891; 1340,9494
-59,866446; 1337,7513
-59,466002; 1335,1929
-59,065557; 1329,4363
-58,665113; 1328,157
-58,264669; 1328,157
-57,864224; 1326,2382
-57,46378; 1323,0401
-57,063335; 1318,5627
-56,662891; 1314,725
-56,262446; 1315,3646
-55,862002; 1311,5269
-55,461557; 1310,2477
-55,061113; 1305,1307
-54,660669; 1300,0138
-54,260224; 1300,6534
-53,85978; 1296,8157
-53,459335; 1296,8157
-53,058891; 1291,6987
-52,658446; 1287,2214
-52,258002; 1287,2214
-51,857557; 1284,0233
-51,457113; 1284,0233
-51,056669; 1278,9063
-50,656224; 1273,7893
-50,25578; 1272,5101
-49,855335; 1270,5912
-49,454891; 1268,6724
-49,054446; 1268,0328
-48,654002; 1261,6366
-48,253557; 1257,7988
-47,853113; 1256,5196
-47,452668; 1253,9611
-47,052224; 1253,9611
-46,65178; 1249,4838
-46,251335; 1243,7272
-45,850891; 1242,448
-45,450446; 1241,8084
-45,050002; 1239,8895
-44,649557; 1237,331
-44,249113; 1230,9348
-43,848668; 1228,3763
-43,448224; 1227,0971
-43,04778; 1225,8179
-42,647335; 1224,5386
-42,246891; 1218,1424
-41,846446; 1215,5839
-41,446002; 1213,0255
-41,045557; 1211,1066
-40,645113; 1211,1066
-40,244668; 1204,7104
-39,844224; 1201,5123
-39,44378; 1198,9538
-39,043335; 1197,035
-38,642891; 1196,3953
-38,242446; 1192,5576
-37,842002; 1188,7199
-37,441557; 1184,8822
-37,041113; 1182,3237
-36,640668; 1182,3237
-36,240224; 1181,6841
-35,839779; 1175,2879
-35,439335; 1172,7294
-35,038891; 1169,5313
-34,638446; 1167,6124
-34,238002; 1166,9728
-33,837557; 1162,4955
-33,437113; 1158,0181
-33,036668; 1154,1804
-32,636224; 1151,6219
-32,235779; 1151,6219
-31,835335; 1149,7031
-31,434891; 1144,5861
-31,034446; 1142,0276
-30,634002; 1139,4692
-30,233557; 1138,1899
-29,833113; 1136,9107
-29,432668; 1131,7937
-29,032224; 1127,956
-28,631779; 1125,3975
-28,231335; 1122,1994
-27,830891; 1121,5598
-27,430446; 1119,6409
-27,030002; 1115,1636
-26,629557; 1111,3259
-26,229113; 1108,7674
-25,828668; 1107,4882
-25,428224; 1106,2089
-25,027779; 1101,7316
-24,627335; 1097,2542
-24,226891; 1094,0561
-23,826446; 1094,0561
-23,426002; 1090,858
-23,025557; 1088,9392
-22,625113; 1084,4618
-22,224668; 1079,9845
-21,824224; 1077,426
-21,423779; 1076,1468
-21,023335; 1074,2279
-20,62289; 1069,7506
-20,222446; 1066,5525
-19,822002; 1063,3544
-19,421557; 1062,0751
-19,021113; 1061,4355
-18,620668; 1056,3186
-18,220224; 1053,1205
-17,819779; 1050,562
-17,419335; 1046,0846
-17,01889; 1047,3639
-16,618446; 1043,5262
-16,218002; 1039,0488
-15,817557; 1036,4903
-15,417113; 1030,7338
-15,016668; 1030,0941
-14,616224; 1030,7338
-14,215779; 1024,9772
-13,815335; 1022,4187
-13,41489; 1020,4998
-13,014446; 1015,3829
-12,614002; 1016,0225
-12,213557; 1010,9056
-11,813113; 1008,3471
-11,412668; 1005,149
-11,012224; 1000,6716
-10,611779; 1001,9509
-10,211335; 997,47353
-9,8108904; 994,27543
-9,4104459; 991,07733
-9,0100015; 985,32075
-8,609557; 985,32075
-8,2091126; 984,04151
-7,8086681; 979,56417
-7,4082237; 978,28493
-7,0077792; 972,52835
-6,6073348; 969,96987
-6,2068903; 970,60949
-5,8064459; 966,13215
-5,4060014; 964,85291
-5,005557; 958,45671
-4,6051126; 954,619
-4,2046681; 955,25862
-3,8042237; 952,70014
-3,4037792; 949,50204
-3,0033348; 944,38508
-2,6028903; 939,26812
-2,2024459; 939,90774
-1,8020014; 936,07002
-1,401557; 934,15116
-1,0011125; 932,2323
-0,60066807; 925,19648
-0,20022362; 924,55686
0,20022082; 923,27762
0,60066527; 920,07952
1,0011097; 916,88142
1,4015542; 911,12484
1,8019986; 908,56636
2,2024431; 905,36826
2,6028875; 905,36826
3,003332; 902,80978
3,4037764; 897,69282
3,8042209; 895,13434
4,2046653; 891,93624
4,6051098; 890,657
5,0055542; 889,37776
5,4059986; 883,62118
5,8064431; 879,78346
6,2068875; 876,58536
6,607332; 874,6665
7,0077764; 874,02688
7,4082209; 871,4684
7,8086653; 865,0722
8,2091098; 861,8741
8,6095542; 860,59486
9,0099987; 859,31562
9,4104431; 858,03638
9,8108876; 851,64018
10,211332; 847,80246
10,611776; 844,60436
11,012221; 843,32512
11,412665; 841,40626
11,81311; 837,56854
12,213554; 833,73083
12,613999; 828,61387
13,014443; 828,61387
13,414888; 826,69501
13,815332; 824,13653
14,215777; 819,01957
14,616221; 813,90261
15,016665; 813,26299
15,41711; 810,06489
15,817554; 808,78565
16,217999; 804,94793
16,618443; 799,19135
17,018888; 797,91211
17,419332; 794,07439
17,819777; 794,71401
18,220221; 792,15553
18,620665; 785,11971
19,02111; 783,20085
19,421554; 780,64237
19,821999; 778,72351
20,222443; 776,16503
20,622888; 770,40845
21,023332; 767,21035
21,423777; 764,01225
21,824221; 764,65187
22,224665; 762,09339
22,62511; 758,89529
23,025554; 753,13871
23,425999; 750,58023
23,826443; 748,66137
24,226888; 746,74251
24,627332; 742,90479
25,027777; 737,78783
25,428221; 735,22935
25,828665; 733,95011
26,22911; 732,03125
26,629554; 729,47277
27,029999; 724,99543
27,430443; 719,87847
27,830888; 717,31999
28,231332; 717,31999
28,631777; 714,76152
29,032221; 710,28418
29,432666; 705,80684
29,83311; 703,24836
30,233554; 701,3295
30,633999; 700,05026
31,034443; 696,85216
31,434888; 692,37482
31,835332; 689,17672
32,235777; 686,61824
32,636221; 685,97862
33,036666; 683,42014
33,43711; 676,38432
33,837554; 673,82584
34,237999; 670,62774
34,638443; 668,70888
35,038888; 668,70888
35,439332; 663,59192
35,839777; 659,7542
36,240221; 657,19572
36,640666; 654,63724
37,04111; 653,358
37,441554; 649,52028
37,841999; 643,7637
38,242443; 641,20522
38,642888; 637,3675
39,043332; 638,00712
39,443777; 636,72788
39,844221; 630,9713
40,244666; 625,85434
40,64511; 623,29586
41,045555; 621,377
41,445999; 620,09776
41,846443; 616,89966
42,246888; 614,34118
42,647332; 608,5846
43,047777; 607,94498
43,448221; 606,66574
43,848666; 603,46764
44,24911; 597,71106
44,649555; 594,51297
45,049999; 591,95449
45,450443; 590,03563
45,850888; 589,39601
46,251332; 584,27905
46,651777; 581,72057
47,052221; 577,88285
47,452666; 575,96399
47,85311; 575,32437
48,253555; 571,48665
48,653999; 567,00931
49,054443; 563,81121
49,454888; 561,89235
49,855332; 560,61311
50,255777; 558,69425
50,656221; 552,93767
51,056666; 547,82071
51,45711; 546,54147
51,857555; 544,62261
52,257999; 543,34337
52,658444; 540,14527
53,058888; 533,74907
53,459332; 531,19059
53,859777; 530,55097
54,260221; 527,35287
54,660666; 525,43401
55,06111; 520,31705
55,461555; 516,47933
55,861999; 515,20009
56,262444; 513,28123
56,662888; 512,00199
57,063332; 505,60579
57,463777; 502,40769
57,864221; 497,93035
58,264666; 497,29073
58,66511; 496,65111
59,065555; 490,89453
59,465999; 487,69643
59,866444; 485,77757
60,266888; 481,93985
60,667332; 482,57947
61,067777; 478,74175
61,468221; 473,6248
61,868666; 471,06632
62,26911; 466,58898
62,669555; 467,2286
63,069999; 465,30974
63,470444; 460,19278
63,870888; 456,99468
64,271333; 453,15696
64,671777; 453,15696
65,072221; 450,59848
65,472666; 446,76076
65,87311; 443,56266
66,273555; 437,80608
66,673999; 437,80608
67,074444; 435,2476
67,474888; 432,68912
67,875333; 428,8514
68,275777; 425,01368
68,676221; 421,81558
69,076666; 420,53634
69,47711; 419,2571
69,877555; 416,059
70,277999; 410,94204
70,678444; 405,82508
71,078888; 405,82508
71,479333; 404,54584
71,879777; 401,34774
72,280221; 398,14964
72,680666; 392,39306
73,08111; 390,4742
73,481555; 390,4742
73,881999; 387,2761
74,282444; 383,43838
74,682888; 378,96104
75,083333; 373,84408
75,483777; 374,4837
75,884221; 373,84408
76,284666; 370,00636
76,68511; 366,80826
77,085555; 362,33092
77,485999; 359,77244
77,886444; 358,4932
78,286888; 354,65549
78,687333; 350,17815
79,087777; 345,70081
79,488222; 343,78195
79,888666; 341,86309
80,28911; 340,58385
80,689555; 338,02537
81,089999; 332,26879
81,490444; 328,43107
81,890888; 327,15183
82,291333; 325,87259
82,691777; 323,95373
83,092222; 317,55753
83,492666; 313,08019
83,89311; 311,80095
84,293555; 309,88209
84,693999; 307,96323
85,094444; 303,48589
85,494888; 300,28779
85,895333; 297,72931
86,295777; 295,17083
86,696222; 294,53121
87,096666; 290,69349
87,49711; 285,57653
87,897555; 283,01805
88,297999; 280,45957
88,698444; 278,54071
89,098888; 275,98223
89,499333; 272,14451
89,899777; 268,94641
90,300222; 264,46907
90,700666; 264,46907
91,101111; 262,55021
91,501555; 258,07287
91,901999; 254,23515
92,302444; 250,39743
92,702888; 248,47857
93,103333; 247,83895
93,503777; 244,64085
93,904222; 238,24466
94,304666; 235,04656
94,705111; 231,84846
95,105555; 230,56922
95,505999; 230,56922
95,906444; 225,45226
96,306888; 220,97492
96,707333; 215,85796
97,107777; 215,85796
97,508222; 215,21834
97,908666; 212,02024
98,309111; 207,5429
98,709555; 204,3448
99,109999; 201,78632
99,510444; 200,50708
99,910888; 197,30898
100,31133; 190,91278
100,71178; 188,3543
101,11222; 184,51658
101,51267; 182,59772
101,91311; 182,59772
102,31356; 178,76
102,714; 174,28266
103,11444; 170,44494
103,51489; 168,52608
103,91533; 167,24684
104,31578; 164,68836
104,71622; 160,85064
105,11667; 157,01292
105,51711; 153,81482
105,91756; 151,89596
106,318; 149,9771
106,71844; 143,5809
107,11889; 139,10356
107,51933; 135,90546
107,91978; 134,62622
108,32022; 132,70736
108,72067; 130,7885
109,12111; 126,31116
109,52156; 122,47344
109,922; 120,55458
110,32244; 118,63573
110,72289; 116,07725
111,12333; 110,96029
111,52378; 107,12257
111,92422; 103,92447
112,32467; 100,72637
112,72511; 99,447127
113,12556; 96,249027
113,526; 91,771687
113,92644; 88,573588
114,32689; 86,015108
114,72733; 84,735868
115,12778; 82,177388
115,52822; 77,060429
115,92867; 74,501949
116,32911; 70,664229
116,72956; 69,384989
117,13; 66,186889
117,53044; 61,06993
117,93089; 59,15107
118,33133; 55,95297
118,73178; 54,03411
119,13222; 52,115251
119,53267; 46,998291
119,93311; 43,800191
120,33356; 40,602092
120,734; 37,403992
121,13444; 35,485132
121,53489; 32,287032
121,93533; 29,728552
122,33578; 26,530453
122,73622; 22,692733
123,13667; 20,773873
123,53711; 17,575773
123,93756; 13,738054
124,338; 11,179574
124,73844; 7,3418543
125,13889; 4,1437546
125,53933; 3,5041347
125,93978; -0,33358502
126,34022; -3,5316848
126,74067; -7,3694044
127,14111; -9,2882643
127,54156; -11,207124
127,942; -14,405224
128,34244; -18,242944
128,74289; -20,801423
129,14333; -22,720283
129,54378; -24,639143
129,94422; -29,116483
130,34467; -31,035342
130,74511; -32,954202
131,14556; -35,512682
131,546; -38,071162
131,94644; -40,629642
132,34689; -43,188121
132,74733; -45,746601
133,14778; -46,386221
133,54822; -48,305081
133,94867; -52,142801
134,34911; -52,782421
134,74956; -55,98052
135,15; -55,98052
135,55044; -57,25976
135,95089; -57,89938
136,35133; -59,17862
136,75178; -60,45786
137,15222; -56,62014
137,55267; -54,061661
137,95311; -51,503181
138,35356; -48,305081
138,754; -46,386221
139,15444; -25,918383
139,55489; -6,7297845
139,95533; -5,4505446
140,35578; -4,8109246
140,75622; -2,8920648
141,15667; -2,2524449
141,55711; -0,97320497
141,95756; 0,30603492
142,358; 0,30603492
142,75844; 2,2248948
143,15889; 2,2248948
143,55933; 3,5041347
143,95978; 4,1437546
144,36022; 4,7833745
144,76067; 4,7833745
145,16111; 6,7022344
145,56156; 6,7022344
145,962; 7,3418543
146,36244; 7,3418543
146,76289; 6,7022344
147,16333; 6,0626144
147,56378; 7,9814743
147,96422; 7,3418543
148,36467; 7,9814743
148,76511; 8,6210942
149,16556; 9,2607142
149,566; 10,539954
149,96644; 9,9003341
150,36689; 10,539954
150,76733; 10,539954
151,16778; 11,179574
151,56822; 11,179574
151,96867; 11,819194
152,36911; 11,819194
152,76956; 11,819194
153,17; 11,819194
153,57044; 13,098434
153,97089; 13,098434
154,37133; 13,738054
154,77178; 14,377674
155,17222; 13,738054
155,57267; 14,377674
155,97311; 15,017294
156,37356; 14,377674
156,774; 14,377674
157,17444; 15,017294
157,57489; 15,656914
157,97533; 15,017294
158,37578; 16,296534
158,77622; 16,296534
159,17667; 15,656914
159,57711; 16,936154
159,97756; 16,936154
160,378; 17,575773
160,77844; 18,215393
161,17889; 18,215393
161,57933; 17,575773
161,97978; 18,215393
162,38022; 18,215393
162,78067; 18,215393
163,18111; 18,215393
163,58156; 19,494633
163,982; 18,855013
164,38244; 18,855013
164,78289; 20,134253
165,18333; 18,855013
165,58378; 20,773873
165,98422; 20,773873
166,38467; 20,134253
166,78511; 20,134253
167,18556; 20,134253
167,586; 18,855013
167,98644; 20,134253
168,38689; 20,134253
168,78733; 20,134253
169,18778; 20,134253
169,58822; 20,773873
169,98867; 20,134253
170,38911; 20,134253
170,78956; 19,494633
171,19; 20,134253
171,59044; 20,134253
171,99089; 20,773873
172,39133; 20,134253
172,79178; 20,773873
173,19222; 20,773873
173,59267; 21,413493
173,99311; 20,773873
174,39356; 20,773873
174,794; 21,413493
175,19444; 20,773873
175,59489; 20,773873
175,99533; 20,773873
176,39578; 21,413493
176,79622; 22,053113
177,19667; 22,053113
177,59711; 21,413493
177,99756; 22,053113
178,398; 22,053113
178,79844; 22,053113
179,19889; 21,413493
179,59933; 21,413493
179,99978; 22,053113
180,40022; 22,053113
180,80067; 22,692733
181,20111; 22,053113
181,60156; 22,053113
182,002; 22,692733
182,40244; 22,053113
182,80289; 22,692733
183,20333; 21,413493
183,60378; 22,053113
184,00422; 22,692733
184,40467; 22,053113
184,80511; 22,692733
185,20556; 22,692733
185,606; 22,053113
186,00644; 22,053113
186,40689; 22,053113
186,80733; 22,053113
187,20778; 23,332353
187,60822; 23,332353
188,00867; 23,332353
188,40911; 23,332353
188,80956; 22,692733
189,21; 22,692733
189,61044; 23,332353
190,01089; 23,332353
190,41133; 22,692733
190,81178; 22,692733
191,21222; 22,692733
191,61267; 23,332353
192,01311; 23,971973
192,41356; 22,692733
192,814; 23,971973
193,21444; 23,971973
193,61489; 23,971973
194,01533; 23,971973
194,41578; 24,611593
194,81622; 24,611593
195,21667; 25,251213
195,61711; 24,611593
196,01756; 24,611593
196,418; 24,611593
196,81844; 24,611593
197,21889; 23,971973
197,61933; 24,611593
198,01978; 24,611593
198,42022; 24,611593
198,82067; 25,251213
199,22111; 24,611593
199,62156; 24,611593
200,022; 25,251213
