Name=DFL (1)
X=Height, nm
Y=DFL, nN
-200,022; 1776,5306
-199,62156; 1772,6929
-199,22111; 1769,4948
-198,82067; 1770,774
-198,42023; 1769,4948
-198,01978; 1765,6571
-197,61934; 1760,5401
-197,21889; 1760,5401
-196,81845; 1760,5401
-196,418; 1759,2609
-196,01756; 1755,4232
-195,61711; 1750,9458
-195,21667; 1749,027
-194,81623; 1749,027
-194,41578; 1747,7477
-194,01534; 1744,5496
-193,61489; 1742,6308
-193,21445; 1739,4327
-192,814; 1738,1534
-192,41356; 1736,2346
-192,01311; 1735,5949
-191,61267; 1732,3968
-191,21223; 1729,1988
-190,81178; 1726,6403
-190,41134; 1723,4422
-190,01089; 1726,6403
-189,61045; 1722,8026
-189,21; 1718,3252
-188,80956; 1715,7667
-188,40911; 1712,5686
-188,00867; 1714,4875
-187,60823; 1713,2083
-187,20778; 1709,3705
-186,80734; 1703,614
-186,40689; 1702,9743
-186,00645; 1702,3347
-185,606; 1702,9743
-185,20556; 1698,497
-184,80511; 1694,0197
-184,40467; 1691,4612
-184,00423; 1690,1819
-183,60378; 1691,4612
-183,20334; 1686,9838
-182,80289; 1685,065
-182,40245; 1681,2273
-182,002; 1678,6688
-181,60156; 1679,3084
-181,20111; 1676,1103
-180,80067; 1674,1914
-180,40023; 1671,633
-179,99978; 1667,1556
-179,59934; 1667,1556
-179,19889; 1667,7952
-178,79845; 1664,5971
-178,398; 1662,6783
-177,99756; 1657,5613
-177,59711; 1655,0028
-177,19667; 1656,2821
-176,79623; 1654,3632
-176,39578; 1651,1651
-175,99534; 1646,6878
-175,59489; 1643,4897
-175,19445; 1644,1293
-174,794; 1644,1293
-174,39356; 1640,9312
-173,99311; 1639,0123
-173,59267; 1635,1746
-173,19223; 1633,8954
-172,79178; 1635,1746
-172,39134; 1629,418
-171,99089; 1630,0577
-171,59045; 1624,9407
-171,19; 1621,7426
-170,78956; 1622,3822
-170,38911; 1619,1841
-169,98867; 1619,1841
-169,58823; 1615,3464
-169,18778; 1610,2294
-168,78734; 1610,2294
-168,38689; 1610,8691
-167,98645; 1608,3106
-167,586; 1606,3917
-167,18556; 1600,6351
-166,78511; 1599,3559
-166,38467; 1600,6351
-165,98423; 1598,7163
-165,58378; 1596,7974
-165,18334; 1591,0408
-164,78289; 1589,122
-164,38245; 1587,8427
-163,982; 1586,5635
-163,58156; 1585,9239
-163,18111; 1580,8069
-162,78067; 1577,6088
-162,38023; 1578,2484
-161,97978; 1576,3296
-161,57934; 1575,0503
-161,17889; 1572,4919
-160,77845; 1568,0145
-160,378; 1568,0145
-159,97756; 1564,8164
-159,57711; 1564,8164
-159,17667; 1564,8164
-158,77623; 1559,6995
-158,37578; 1557,7806
-157,97534; 1554,5825
-157,57489; 1555,2221
-157,17445; 1554,5825
-156,774; 1550,1052
-156,37356; 1546,9071
-155,97311; 1545,6278
-155,57267; 1544,3486
-155,17222; 1544,3486
-154,77178; 1541,7901
-154,37134; 1536,0335
-153,97089; 1534,7543
-153,57045; 1534,1147
-153,17; 1532,8354
-152,76956; 1530,9166
-152,36911; 1527,7185
-151,96867; 1524,5204
-151,56822; 1522,6015
-151,16778; 1523,8807
-150,76734; 1518,7638
-150,36689; 1519,4034
-149,96645; 1515,5657
-149,566; 1511,728
-149,16556; 1512,3676
-148,76511; 1509,1695
-148,36467; 1508,5299
-147,96422; 1507,2506
-147,56378; 1501,494
-147,16334; 1498,2959
-146,76289; 1500,8544
-146,36245; 1498,2959
-145,962; 1498,2959
-145,56156; 1491,2601
-145,16111; 1489,3413
-144,76067; 1489,9809
-144,36022; 1487,4224
-143,95978; 1488,7017
-143,55934; 1481,6658
-143,15889; 1481,6658
-142,75845; 1479,747
-142,358; 1478,4677
-141,95756; 1477,8281
-141,55711; 1472,0715
-141,15667; 1470,1527
-140,75622; 1470,1527
-140,35578; 1466,315
-139,95534; 1465,0357
-139,55489; 1467,5942
-139,15445; 1460,5584
-138,754; 1460,5584
-138,35356; 1456,7207
-137,95311; 1455,4414
-137,55267; 1456,7207
-137,15222; 1450,9641
-136,75178; 1449,6848
-136,35134; 1445,8471
-135,95089; 1445,8471
-135,55045; 1446,4867
-135,15; 1443,2886
-134,74956; 1438,8113
-134,34911; 1436,2528
-133,94867; 1434,334
-133,54822; 1435,6132
-133,14778; 1433,0547
-132,74734; 1427,9378
-132,34689; 1427,9378
-131,94645; 1424,1
-131,546; 1425,3793
-131,14556; 1422,1812
-130,74511; 1418,9831
-130,34467; 1418,3435
-129,94422; 1414,5057
-129,54378; 1414,5057
-129,14334; 1411,3076
-128,74289; 1410,668
-128,34245; 1408,1095
-127,942; 1403,6322
-127,54156; 1401,7133
-127,14111; 1399,7945
-126,74067; 1401,0737
-126,34022; 1399,1549
-125,93978; 1394,6775
-125,53934; 1392,119
-125,13889; 1392,7587
-124,73845; 1390,2002
-124,338; 1390,8398
-123,93756; 1384,4436
-123,53711; 1381,8851
-123,13667; 1381,8851
-122,73622; 1379,9663
-122,33578; 1380,6059
-121,93534; 1373,5701
-121,53489; 1373,5701
-121,13445; 1371,0116
-120,734; 1369,0927
-120,33356; 1369,7323
-119,93311; 1365,255
-119,53267; 1362,6965
-119,13222; 1360,7777
-118,73178; 1357,5796
-118,33134; 1356,9399
-117,93089; 1356,3003
-117,53045; 1352,4626
-117,13; 1353,1022
-116,72956; 1346,0664
-116,32911; 1346,706
-115,92867; 1346,706
-115,52822; 1343,5079
-115,12778; 1343,5079
-114,72734; 1337,1117
-114,32689; 1336,4721
-113,92645; 1335,8325
-113,526; 1333,9136
-113,12556; 1333,274
-112,72511; 1326,2382
-112,32467; 1326,8778
-111,92422; 1326,8778
-111,52378; 1321,7608
-111,12334; 1321,7608
-110,72289; 1318,5627
-110,32245; 1314,0854
-109,922; 1315,3646
-109,52156; 1311,5269
-109,12111; 1311,5269
-108,72067; 1308,9684
-108,32022; 1305,1307
-107,91978; 1305,1307
-107,51934; 1300,6534
-107,11889; 1301,9326
-106,71845; 1300,6534
-106,318; 1294,8968
-105,91756; 1294,2572
-105,51711; 1291,6987
-105,11667; 1291,6987
-104,71622; 1291,0591
-104,31578; 1285,9421
-103,91534; 1281,4648
-103,51489; 1282,1044
-103,11445; 1280,8252
-102,714; 1279,5459
-102,31356; 1275,7082
-101,91311; 1272,5101
-101,51267; 1269,9516
-101,11222; 1269,9516
-100,71178; 1269,9516
-100,31134; 1264,8347
-99,910891; 1264,8347
-99,510447; 1260,9969
-99,110002; 1259,7177
-98,709558; 1258,4385
-98,309113; 1255,2404
-97,908669; 1253,9611
-97,508224; 1250,763
-97,10778; 1247,5649
-96,707336; 1245,6461
-96,306891; 1245,6461
-95,906447; 1244,3668
-95,506002; 1240,5291
-95,105558; 1236,6914
-94,705113; 1235,4122
-94,304669; 1235,4122
-93,904224; 1234,1329
-93,50378; 1230,9348
-93,103336; 1225,8179
-92,702891; 1225,8179
-92,302447; 1225,1782
-91,902002; 1224,5386
-91,501558; 1220,7009
-91,101113; 1216,2236
-90,700669; 1214,3047
-90,300224; 1215,5839
-89,89978; 1213,0255
-89,499336; 1209,1877
-89,098891; 1207,2689
-88,698447; 1204,7104
-88,298002; 1203,4312
-87,897558; 1202,1519
-87,497113; 1199,5934
-87,096669; 1197,035
-86,696224; 1195,1161
-86,29578; 1191,2784
-85,895335; 1190,6388
-85,494891; 1190,6388
-85,094447; 1186,801
-84,694002; 1183,6029
-84,293558; 1180,4048
-83,893113; 1177,8464
-83,492669; 1179,1256
-83,092224; 1177,8464
-82,69178; 1174,0086
-82,291335; 1169,5313
-81,890891; 1167,6124
-81,490447; 1167,6124
-81,090002; 1165,6936
-80,689558; 1161,8559
-80,289113; 1158,6578
-79,888669; 1157,3785
-79,488224; 1157,3785
-79,08778; 1156,7389
-78,687335; 1151,6219
-78,286891; 1150,9823
-77,886447; 1146,505
-77,486002; 1143,9465
-77,085558; 1144,5861
-76,685113; 1140,7484
-76,284669; 1139,4692
-75,884224; 1136,2711
-75,48378; 1133,7126
-75,083335; 1130,5145
-74,682891; 1131,1541
-74,282447; 1127,3164
-73,882002; 1125,3975
-73,481558; 1122,1994
-73,081113; 1119,6409
-72,680669; 1120,2806
-72,280224; 1119,0013
-71,87978; 1115,1636
-71,479335; 1110,0466
-71,078891; 1110,6863
-70,678446; 1108,7674
-70,278002; 1108,1278
-69,877558; 1104,2901
-69,477113; 1099,8127
-69,076669; 1100,4523
-68,676224; 1096,6146
-68,27578; 1096,6146
-67,875335; 1092,1373
-67,474891; 1090,2184
-67,074446; 1087,6599
-66,674002; 1086,3807
-66,273558; 1083,8222
-65,873113; 1082,543
-65,472669; 1079,3449
-65,072224; 1075,5072
-64,67178; 1074,8675
-64,271335; 1070,3902
-63,870891; 1072,3091
-63,470446; 1068,4713
-63,070002; 1065,2732
-62,669558; 1063,3544
-62,269113; 1058,877
-61,868669; 1060,1563
-61,468224; 1059,5167
-61,06778; 1053,7601
-60,667335; 1050,562
-60,266891; 1048,0035
-59,866446; 1048,0035
-59,466002; 1048,0035
-59,065557; 1042,8865
-58,665113; 1040,9677
-58,264669; 1038,4092
-57,864224; 1035,8507
-57,46378; 1037,13
-57,063335; 1029,4545
-56,662891; 1029,4545
-56,262446; 1026,896
-55,862002; 1023,6979
-55,461557; 1025,6168
-55,061113; 1019,8602
-54,660669; 1017,9414
-54,260224; 1016,6621
-53,85978; 1012,1848
-53,459335; 1010,9056
-53,058891; 1010,9056
-52,658446; 1006,4282
-52,258002; 1005,7886
-51,857557; 1001,3113
-51,457113; 999,39239
-51,056669; 1000,032
-50,656224; 996,83391
-50,25578; 993,63581
-49,855335; 988,51885
-49,454891; 987,87923
-49,054446; 987,23961
-48,654002; 985,32075
-48,253557; 981,48303
-47,853113; 977,64531
-47,452668; 976,36607
-47,052224; 975,08683
-46,65178; 973,80759
-46,251335; 970,60949
-45,850891; 968,69063
-45,450446; 965,49253
-45,050002; 965,49253
-44,649557; 962,29443
-44,249113; 959,73595
-43,848668; 955,89823
-43,448224; 953,33976
-43,04778; 952,70014
-42,647335; 948,2228
-42,246891; 950,78128
-41,846446; 946,30394
-41,446002; 941,8266
-41,045557; 940,54736
-40,645113; 936,07002
-40,244668; 937,98888
-39,844224; 936,07002
-39,44378; 931,59268
-39,043335; 928,39458
-38,642891; 925,8361
-38,242446; 925,8361
-37,842002; 925,8361
-37,441557; 919,4399
-37,041113; 916,88142
-36,640668; 915,60218
-36,240224; 913,68332
-35,839779; 914,32294
-35,439335; 907,92674
-35,038891; 907,28712
-34,638446; 904,72864
-34,238002; 901,53054
-33,837557; 902,17016
-33,437113; 897,69282
-33,036668; 895,77396
-32,636224; 893,21548
-32,235779; 888,73814
-31,835335; 887,4589
-31,434891; 888,09852
-31,034446; 884,2608
-30,634002; 883,62118
-30,233557; 877,8646
-29,833113; 875,30612
-29,432668; 877,22498
-29,032224; 873,38726
-28,631779; 870,82878
-28,231335; 866,99106
-27,830891; 864,43258
-27,430446; 863,79296
-27,030002; 861,8741
-26,629557; 859,31562
-26,229113; 855,4779
-25,828668; 852,2798
-25,428224; 852,2798
-25,027779; 852,2798
-24,627335; 847,16284
-24,226891; 846,52322
-23,826446; 843,32512
-23,426002; 840,76664
-23,025557; 840,12702
-22,625113; 836,92892
-22,224668; 834,37045
-21,824224; 831,81197
-21,423779; 827,97425
-21,023335; 825,41577
-20,62289; 826,69501
-20,222446; 823,49691
-19,822002; 822,21767
-19,421557; 815,82147
-19,021113; 813,90261
-18,620668; 815,82147
-18,220224; 811,98375
-17,819779; 810,06489
-17,419335; 803,02907
-17,01889; 803,02907
-16,618446; 803,02907
-16,218002; 799,83097
-15,817557; 799,19135
-15,417113; 792,79515
-15,016668; 790,87629
-14,616224; 791,51591
-14,215779; 788,31781
-13,815335; 786,39895
-13,41489; 783,20085
-13,014446; 779,36313
-12,614002; 780,00275
-12,213557; 776,80465
-11,813113; 776,16503
-11,412668; 772,96693
-11,012224; 768,48959
-10,611779; 767,21035
-10,211335; 762,73301
-9,8108904; 765,29149
-9,4104459; 762,09339
-9,0100015; 758,25567
-8,609557; 755,05757
-8,2091126; 751,85947
-7,8086681; 751,85947
-7,4082237; 749,94061
-7,0077792; 746,74251
-6,6073348; 742,26517
-6,2068903; 742,26517
-5,8064459; 741,62555
-5,4060014; 740,98593
-5,005557; 735,86897
-4,6051126; 732,03125
-4,2046681; 730,75201
-3,8042237; 728,83315
-3,4037792; 728,83315
-3,0033348; 723,71619
-2,6028903; 721,79733
-2,2024459; 720,51809
-1,8020014; 716,68037
-1,401557; 716,04076
-1,0011125; 713,48228
-0,60066807; 710,28418
-0,20022362; 707,7257
0,20022082; 705,16722
0,60066527; 702,60874
1,0011097; 703,88798
1,4015542; 700,68988
1,8019986; 696,85216
2,2024431; 693,65406
2,6028875; 689,17672
3,003332; 691,7352
3,4037764; 689,17672
3,8042209; 686,61824
4,2046653; 681,50128
4,6051098; 680,86166
5,0055542; 680,22204
5,4059986; 678,9428
5,8064431; 675,10508
6,2068875; 670,62774
6,607332; 668,70888
7,0077764; 667,42964
7,4082209; 667,42964
7,8086653; 662,9523
8,2091098; 661,03344
8,6095542; 658,47496
9,0099987; 657,19572
9,4104431; 655,27686
9,8108876; 653,358
10,211332; 650,79952
10,611776; 646,9618
11,012221; 645,04294
11,412665; 640,5656
11,81311; 643,12408
12,213554; 638,64674
12,613999; 635,44864
13,014443; 632,89016
13,414888; 630,33168
13,815332; 632,25054
14,215777; 628,41282
14,616221; 625,21472
15,016665; 621,377
15,41711; 619,45814
15,817554; 618,81852
16,217999; 616,89966
16,618443; 614,34118
17,018888; 610,50346
17,419332; 607,94498
17,819777; 608,5846
18,220221; 607,30536
18,620665; 601,54878
19,02111; 601,54878
19,421554; 597,71106
19,821999; 595,15259
20,222443; 594,51297
20,622888; 590,03563
21,023332; 590,67525
21,423777; 586,83753
21,824221; 582,99981
22,224665; 581,08095
22,62511; 581,72057
23,025554; 578,52247
23,425999; 575,32437
23,826443; 570,84703
24,226888; 568,28855
24,627332; 568,92817
25,027777; 568,28855
25,428221; 563,81121
25,828665; 558,69425
26,22911; 559,97349
26,629554; 558,05463
27,029999; 557,41501
27,430443; 552,93767
27,830888; 549,09995
28,231332; 548,46033
28,631777; 545,26223
29,032221; 545,26223
29,432666; 540,14527
29,83311; 538,86603
30,233554; 536,94717
30,633999; 533,10945
31,034443; 532,46983
31,434888; 529,27173
31,835332; 527,35287
32,235777; 525,43401
32,636221; 522,23591
33,036666; 519,03781
33,43711; 520,95667
33,837554; 516,47933
34,237999; 515,20009
34,638443; 511,36237
35,038888; 508,80389
35,439332; 509,44351
35,839777; 504,32655
36,240221; 503,68693
36,640666; 498,56997
37,04111; 497,93035
37,441554; 497,29073
37,841999; 495,37187
38,242443; 492,17377
38,642888; 489,61529
39,043332; 485,13795
39,443777; 485,77757
39,844221; 483,85871
40,244666; 480,02099
40,64511; 480,02099
41,045555; 474,90404
41,445999; 474,26442
41,846443; 471,70594
42,246888; 468,50784
42,647332; 468,50784
43,047777; 464,67012
43,448221; 461,47202
43,848666; 459,55316
44,24911; 458,91354
44,649555; 456,99468
45,049999; 452,51734
45,450443; 449,95886
45,850888; 448,04
46,251332; 446,76076
46,651777; 446,76076
47,052221; 443,56266
47,452666; 437,80608
47,85311; 438,4457
48,253555; 435,2476
48,653999; 433,96836
49,054443; 431,40988
49,454888; 426,29292
49,855332; 426,29292
50,255777; 423,73444
50,656221; 422,4552
51,056666; 419,89672
51,45711; 417,33824
51,857555; 414,14014
52,257999; 413,50052
52,658444; 411,58166
53,058888; 409,6628
53,459332; 407,10432
53,859777; 404,54584
54,260221; 401,98736
54,660666; 397,51002
55,06111; 400,70812
55,461555; 397,51002
55,861999; 393,6723
56,262444; 391,11382
56,662888; 388,55534
57,063332; 389,83458
57,463777; 387,2761
57,864221; 383,43838
58,264666; 380,8799
58,66511; 378,32142
59,065555; 376,40256
59,465999; 376,40256
59,866444; 373,20446
60,266888; 370,64598
60,667332; 367,44788
61,067777; 366,80826
61,468221; 366,16864
61,868666; 361,05168
62,26911; 360,41206
62,669555; 357,21397
63,069999; 353,37625
63,470444; 354,01587
63,870888; 351,45739
64,271333; 348,25929
64,671777; 347,61967
65,072221; 343,78195
65,472666; 341,86309
65,87311; 341,86309
66,273555; 339,30461
66,673999; 338,66499
67,074444; 334,18765
67,474888; 330,98955
67,875333; 330,98955
68,275777; 328,43107
68,676221; 327,15183
69,076666; 322,67449
69,47711; 322,03487
69,877555; 320,75563
70,277999; 319,47639
70,678444; 316,27829
71,078888; 312,44057
71,479333; 310,52171
71,879777; 309,88209
72,280221; 308,60285
72,680666; 304,12551
73,08111; 302,84627
73,481555; 300,28779
73,881999; 298,36893
74,282444; 297,08969
74,682888; 294,53121
75,083333; 293,89159
75,483777; 289,41425
75,884221; 287,49539
76,284666; 285,57653
76,68511; 285,57653
77,085555; 283,01805
77,485999; 281,09919
77,886444; 277,26147
78,286888; 275,34261
78,687333; 274,70299
79,087777; 273,42375
79,488222; 270,86527
79,888666; 265,74831
80,28911; 267,66717
80,689555; 265,10869
81,089999; 263,82945
81,490444; 261,91059
81,890888; 257,43325
82,291333; 256,15401
82,691777; 254,87477
83,092222; 251,67667
83,492666; 250,39743
83,89311; 248,47857
84,293555; 245,28047
84,693999; 244,00123
85,094444; 240,80313
85,494888; 240,80313
85,895333; 238,88427
86,295777; 236,3258
86,696222; 234,40694
87,096666; 231,20884
87,49711; 231,20884
87,897555; 228,01074
88,297999; 226,7315
88,698444; 222,89378
89,098888; 220,97492
89,499333; 220,3353
89,899777; 219,05606
90,300222; 217,1372
90,700666; 212,65986
91,101111; 213,29948
91,501555; 210,10138
91,901999; 208,82214
92,302444; 206,90328
92,702888; 203,06556
93,103333; 202,42594
93,503777; 199,86746
93,904222; 198,58822
94,304666; 196,02974
94,705111; 195,39012
95,105555; 192,19202
95,505999; 191,5524
95,906444; 188,3543
96,306888; 186,43544
96,707333; 185,1562
97,107777; 183,23734
97,508222; 181,9581
97,908666; 176,84114
98,309111; 177,48076
98,709555; 175,5619
99,109999; 173,64304
99,510444; 172,3638
99,910888; 169,1657
100,31133; 168,52608
100,71178; 167,24684
101,11222; 165,32798
101,51267; 161,49026
101,91311; 160,85064
102,31356; 157,65254
102,714; 157,65254
103,11444; 155,09406
103,51489; 151,89596
103,91533; 151,89596
104,31578; 148,69786
104,71622; 148,05824
105,11667; 145,49976
105,51711; 144,22052
105,91756; 142,30166
106,318; 140,3828
106,71844; 137,82432
107,11889; 137,1847
107,51933; 134,62622
107,91978; 133,34698
108,32022; 132,70736
108,72067; 128,23002
109,12111; 128,23002
109,52156; 126,31116
109,922; 123,75268
110,32244; 122,47344
110,72289; 119,27534
111,12333; 118,63573
111,52378; 117,35649
111,92422; 115,43763
112,32467; 111,59991
112,72511; 112,23953
113,12556; 110,96029
113,526; 109,04143
113,92644; 107,12257
114,32689; 103,92447
114,72733; 103,92447
115,12778; 103,28485
115,52822; 100,72637
115,92867; 96,888647
116,32911; 97,528267
116,72956; 95,609407
117,13; 94,969787
117,53044; 93,050927
117,93089; 91,132067
118,33133; 89,213207
118,73178; 89,213207
119,13222; 88,573588
119,53267; 84,735868
119,93311; 86,015108
120,33356; 84,096248
120,734; 82,177388
121,13444; 81,537768
121,53489; 80,258528
121,93533; 80,898148
122,33578; 80,898148
122,73622; 80,258528
123,13667; 78,979288
123,53711; 78,979288
123,93756; 77,700048
124,338; 77,700048
124,73844; 75,781189
125,13889; 74,501949
125,53933; 76,420809
125,93978; 75,141569
126,34022; 74,501949
126,74067; 72,583089
127,14111; 73,862329
127,54156; 72,583089
127,942; 71,943469
128,34244; 71,943469
128,74289; 70,024609
129,14333; 69,384989
129,54378; 69,384989
129,94422; 70,024609
130,34467; 68,105749
130,74511; 68,745369
131,14556; 68,105749
131,546; 67,466129
131,94644; 66,826509
132,34689; 64,90765
132,74733; 65,547269
133,14778; 64,90765
133,54822; 64,90765
133,94867; 62,34917
134,34911; 63,62841
134,74956; 61,70955
135,15; 61,70955
135,55044; 62,34917
135,95089; 61,70955
136,35133; 62,98879
136,75178; 63,62841
137,15222; 64,26803
137,55267; 63,62841
137,95311; 63,62841
138,35356; 64,26803
138,754; 64,26803
139,15444; 63,62841
139,55489; 63,62841
139,95533; 64,90765
140,35578; 66,826509
140,75622; 65,547269
141,15667; 64,26803
141,55711; 66,826509
141,95756; 66,826509
142,358; 66,826509
142,75844; 66,186889
143,15889; 65,547269
143,55933; 66,826509
143,95978; 66,186889
144,36022; 65,547269
144,76067; 65,547269
145,16111; 64,90765
145,56156; 65,547269
145,962; 65,547269
146,36244; 64,26803
146,76289; 64,26803
147,16333; 63,62841
147,56378; 62,98879
147,96422; 63,62841
148,36467; 61,70955
148,76511; 63,62841
149,16556; 61,70955
149,566; 61,06993
149,96644; 61,06993
150,36689; 61,06993
150,76733; 61,06993
151,16778; 60,43031
151,56822; 61,06993
151,96867; 59,79069
152,36911; 59,79069
152,76956; 59,79069
153,17; 61,06993
153,57044; 61,06993
153,97089; 59,15107
154,37133; 59,79069
154,77178; 59,79069
155,17222; 61,06993
155,57267; 61,70955
155,97311; 62,98879
156,37356; 62,34917
156,774; 62,34917
157,17444; 62,34917
157,57489; 61,06993
157,97533; 62,34917
158,37578; 61,70955
158,77622; 62,34917
159,17667; 60,43031
159,57711; 61,70955
159,97756; 62,34917
160,378; 62,34917
160,77844; 63,62841
161,17889; 62,34917
161,57933; 63,62841
161,97978; 62,34917
162,38022; 62,34917
162,78067; 62,34917
163,18111; 61,06993
163,58156; 61,06993
163,982; 61,70955
164,38244; 61,70955
164,78289; 59,79069
165,18333; 61,06993
165,58378; 60,43031
165,98422; 61,06993
166,38467; 60,43031
166,78511; 60,43031
167,18556; 59,79069
167,586; 60,43031
167,98644; 60,43031
168,38689; 59,79069
168,78733; 59,79069
169,18778; 60,43031
169,58822; 60,43031
169,98867; 60,43031
170,38911; 61,06993
170,78956; 60,43031
171,19; 60,43031
171,59044; 62,34917
171,99089; 61,06993
172,39133; 61,70955
172,79178; 61,70955
173,19222; 62,34917
173,59267; 61,70955
173,99311; 62,34917
174,39356; 62,34917
174,794; 62,98879
175,19444; 62,98879
175,59489; 62,98879
175,99533; 62,34917
176,39578; 63,62841
176,79622; 62,98879
177,19667; 62,34917
177,59711; 62,34917
177,99756; 63,62841
178,398; 63,62841
178,79844; 63,62841
179,19889; 62,98879
179,59933; 62,34917
179,99978; 62,34917
180,40022; 62,98879
180,80067; 62,98879
181,20111; 63,62841
181,60156; 63,62841
182,002; 62,98879
182,40244; 63,62841
182,80289; 63,62841
183,20333; 62,98879
183,60378; 63,62841
184,00422; 63,62841
184,40467; 63,62841
184,80511; 63,62841
185,20556; 64,26803
185,606; 64,26803
186,00644; 63,62841
186,40689; 63,62841
186,80733; 63,62841
187,20778; 64,26803
187,60822; 63,62841
188,00867; 63,62841
188,40911; 63,62841
188,80956; 63,62841
189,21; 63,62841
189,61044; 64,26803
190,01089; 63,62841
190,41133; 62,98879
190,81178; 63,62841
191,21222; 64,90765
191,61267; 62,98879
192,01311; 63,62841
192,41356; 64,26803
192,814; 63,62841
193,21444; 64,26803
193,61489; 63,62841
194,01533; 64,26803
194,41578; 64,90765
194,81622; 64,26803
195,21667; 63,62841
195,61711; 64,26803
196,01756; 64,26803
196,418; 64,26803
196,81844; 64,90765
197,21889; 64,26803
197,61933; 63,62841
198,01978; 64,26803
198,42022; 64,26803
198,82067; 64,26803
199,22111; 64,90765
199,62156; 64,26803
200,022; 64,26803


Name=DFL (2)
X=Height, nm
Y=DFL, nN
-200,022; 1787,4042
-199,62156; 1785,4853
-199,22111; 1785,4853
-198,82067; 1783,5664
-198,42023; 1783,5664
-198,01978; 1780,3683
-197,61934; 1775,891
-197,21889; 1776,5306
-196,81845; 1775,2514
-196,418; 1775,891
-196,01756; 1774,6118
-195,61711; 1769,4948
-195,21667; 1766,2967
-194,81623; 1765,6571
-194,41578; 1764,3778
-194,01534; 1764,3778
-193,61489; 1761,1797
-193,21445; 1757,9816
-192,814; 1756,7024
-192,41356; 1757,342
-192,01311; 1756,7024
-191,61267; 1752,8647
-191,21223; 1750,3062
-190,81178; 1747,1081
-190,41134; 1747,1081
-190,01089; 1746,4685
-189,61045; 1746,4685
-189,21; 1741,9911
-188,80956; 1738,793
-188,40911; 1739,4327
-188,00867; 1738,1534
-187,60823; 1737,5138
-187,20778; 1735,5949
-186,80734; 1729,1988
-186,40689; 1729,1988
-186,00645; 1729,1988
-185,606; 1727,2799
-185,20556; 1727,2799
-184,80511; 1722,1629
-184,40467; 1717,046
-184,00423; 1717,6856
-183,60378; 1717,6856
-183,20334; 1716,4064
-182,80289; 1713,2083
-182,40245; 1708,0913
-182,002; 1706,8121
-181,60156; 1707,4517
-181,20111; 1706,1724
-180,80067; 1702,9743
-180,40023; 1699,7762
-179,99978; 1697,2178
-179,59934; 1697,2178
-179,19889; 1697,8574
-178,79845; 1694,0197
-178,398; 1691,4612
-177,99756; 1686,3442
-177,59711; 1686,3442
-177,19667; 1685,7046
-176,79623; 1683,7857
-176,39578; 1682,5065
-175,99534; 1678,0292
-175,59489; 1675,4707
-175,19445; 1678,0292
-174,794; 1675,4707
-174,39356; 1672,9122
-173,99311; 1670,3537
-173,59267; 1665,2368
-173,19223; 1665,8764
-172,79178; 1665,8764
-172,39134; 1662,6783
-171,99089; 1660,7594
-171,59045; 1655,0028
-171,19; 1653,084
-170,78956; 1653,7236
-170,38911; 1653,084
-169,98867; 1650,5255
-169,58823; 1646,6878
-169,18778; 1643,4897
-168,78734; 1642,8501
-168,38689; 1642,8501
-167,98645; 1640,2916
-167,586; 1638,3727
-167,18556; 1633,2558
-166,78511; 1632,6161
-166,38467; 1631,9765
-165,98423; 1631,9765
-165,58378; 1629,418
-165,18334; 1624,3011
-164,78289; 1621,7426
-164,38245; 1622,3822
-163,982; 1620,4634
-163,58156; 1619,1841
-163,18111; 1614,0672
-162,78067; 1612,7879
-162,38023; 1611,5087
-161,97978; 1611,5087
-161,57934; 1609,5898
-161,17889; 1605,1125
-160,77845; 1601,9144
-160,378; 1599,3559
-159,97756; 1599,3559
-159,57711; 1599,3559
-159,17667; 1596,7974
-158,77623; 1591,6805
-158,37578; 1589,7616
-157,97534; 1588,4824
-157,57489; 1589,122
-157,17445; 1586,5635
-156,774; 1582,0862
-156,37356; 1579,5277
-155,97311; 1577,6088
-155,57267; 1578,8881
-155,17222; 1576,3296
-154,77178; 1574,4107
-154,37134; 1569,9334
-153,97089; 1567,3749
-153,57045; 1568,6541
-153,17; 1566,0957
-152,76956; 1566,0957
-152,36911; 1561,6183
-151,96867; 1558,4202
-151,56822; 1558,4202
-151,16778; 1555,8617
-150,76734; 1555,2221
-150,36689; 1552,024
-149,96645; 1548,8259
-149,566; 1548,1863
-149,16556; 1547,5467
-148,76511; 1546,9071
-148,36467; 1542,4297
-147,96422; 1539,2316
-147,56378; 1536,0335
-147,16334; 1534,7543
-146,76289; 1534,1147
-146,36245; 1534,1147
-145,962; 1529,6373
-145,56156; 1525,16
-145,16111; 1525,7996
-144,76067; 1524,5204
-144,36022; 1523,2411
-143,95978; 1521,3223
-143,55934; 1516,2053
-143,15889; 1514,9261
-142,75845; 1514,2864
-142,358; 1512,3676
-141,95756; 1511,0883
-141,55711; 1507,8902
-141,15667; 1504,0525
-140,75622; 1504,6921
-140,35578; 1502,7733
-139,95534; 1501,494
-139,55489; 1498,2959
-139,15445; 1493,8186
-138,754; 1492,5394
-138,35356; 1493,8186
-137,95311; 1491,2601
-137,55267; 1488,7017
-137,15222; 1484,2243
-136,75178; 1482,3055
-136,35134; 1483,5847
-135,95089; 1481,6658
-135,55045; 1481,6658
-135,15; 1476,5489
-134,74956; 1472,0715
-134,34911; 1473,3508
-133,94867; 1472,0715
-133,54822; 1470,1527
-133,14778; 1468,8734
-132,74734; 1462,4772
-132,34689; 1463,1169
-131,94645; 1461,8376
-131,546; 1461,8376
-131,14556; 1459,2791
-130,74511; 1454,1622
-130,34467; 1451,6037
-129,94422; 1450,9641
-129,54378; 1450,9641
-129,14334; 1449,0452
-128,74289; 1444,5679
-128,34245; 1441,3698
-127,942; 1440,0905
-127,54156; 1438,8113
-127,14111; 1438,8113
-126,74067; 1434,9736
-126,34022; 1431,7755
-125,93978; 1431,1359
-125,53934; 1429,217
-125,13889; 1429,217
-124,73845; 1427,2981
-124,338; 1422,1812
-123,93756; 1420,2623
-123,53711; 1418,3435
-123,13667; 1418,3435
-122,73622; 1417,7038
-122,33578; 1412,5869
-121,93534; 1410,0284
-121,53489; 1408,7492
-121,13445; 1408,7492
-120,734; 1408,7492
-120,33356; 1403,6322
-119,93311; 1400,4341
-119,53267; 1399,1549
-119,13222; 1395,3171
-118,73178; 1396,5964
-118,33134; 1394,0379
-117,93089; 1392,119
-117,53045; 1390,2002
-117,13; 1386,3625
-116,72956; 1387,6417
-116,32911; 1385,0832
-115,92867; 1384,4436
-115,52822; 1380,6059
-115,12778; 1376,7682
-114,72734; 1378,0474
-114,32689; 1375,4889
-113,92645; 1374,2097
-113,526; 1372,2908
-113,12556; 1367,1739
-112,72511; 1366,5342
-112,32467; 1365,255
-111,92422; 1363,3361
-111,52378; 1362,6965
-111,12334; 1356,9399
-110,72289; 1355,0211
-110,32245; 1354,3815
-109,922; 1353,1022
-109,52156; 1351,1834
-109,12111; 1348,6249
-108,72067; 1345,4268
-108,32022; 1342,8683
-107,91978; 1344,1475
-107,51934; 1342,8683
-107,11889; 1339,0306
-106,71845; 1335,8325
-106,318; 1332,6344
-105,91756; 1333,9136
-105,51711; 1332,6344
-105,11667; 1329,4363
-104,71622; 1326,8778
-104,31578; 1324,3193
-103,91534; 1321,7608
-103,51489; 1321,1212
-103,11445; 1321,1212
-102,714; 1317,9231
-102,31356; 1314,0854
-101,91311; 1311,5269
-101,51267; 1310,8873
-101,11222; 1309,6081
-100,71178; 1307,6892
-100,31134; 1304,4911
-99,910891; 1300,6534
-99,510447; 1300,6534
-99,110002; 1300,6534
-98,709558; 1298,7345
-98,309113; 1296,176
-97,908669; 1292,3383
-97,508224; 1291,0591
-97,10778; 1290,4195
-96,707336; 1289,7798
-96,306891; 1286,5817
-95,906447; 1283,3836
-95,506002; 1281,4648
-95,105558; 1278,9063
-94,705113; 1278,9063
-94,304669; 1276,9874
-93,904224; 1275,0686
-93,50378; 1269,9516
-93,103336; 1268,6724
-92,702891; 1268,6724
-92,302447; 1267,3931
-91,902002; 1264,195
-91,501558; 1260,3573
-91,101113; 1257,7988
-90,700669; 1259,0781
-90,300224; 1255,2404
-89,89978; 1255,88
-89,499336; 1250,763
-89,098891; 1246,2857
-88,698447; 1247,5649
-88,298002; 1245,0065
-87,897558; 1244,3668
-87,497113; 1243,0876
-87,096669; 1237,331
-86,696224; 1237,331
-86,29578; 1236,6914
-85,895335; 1233,4933
-85,494891; 1232,8537
-85,094447; 1229,016
-84,694002; 1225,8179
-84,293558; 1223,899
-83,893113; 1222,6198
-83,492669; 1222,6198
-83,092224; 1218,782
-82,69178; 1216,8632
-82,291335; 1214,9443
-81,890891; 1213,6651
-81,490447; 1214,3047
-81,090002; 1209,8274
-80,689558; 1207,2689
-80,289113; 1205,35
-79,888669; 1202,1519
-79,488224; 1204,0708
-79,08778; 1201,5123
-78,687335; 1196,3953
-78,286891; 1194,4765
-77,886447; 1191,918
-77,486002; 1191,918
-77,085558; 1189,9991
-76,685113; 1186,801
-76,284669; 1185,5218
-75,884224; 1179,7652
-75,48378; 1181,0445
-75,083335; 1179,7652
-74,682891; 1175,2879
-74,282447; 1175,9275
-73,882002; 1170,1709
-73,481558; 1170,1709
-73,081113; 1170,1709
-72,680669; 1166,9728
-72,280224; 1166,3332
-71,87978; 1161,2162
-71,479335; 1158,6578
-71,078891; 1158,6578
-70,678446; 1156,0993
-70,278002; 1156,0993
-69,877558; 1152,2616
-69,477113; 1147,7842
-69,076669; 1149,7031
-68,676224; 1145,8654
-68,27578; 1145,2257
-67,875335; 1143,9465
-67,474891; 1137,5503
-67,074446; 1137,5503
-66,674002; 1136,2711
-66,273558; 1134,9918
-65,873113; 1133,7126
-65,472669; 1128,5956
-65,072224; 1125,3975
-64,67178; 1124,7579
-64,271335; 1123,4787
-63,870891; 1122,839
-63,470446; 1120,2806
-63,070002; 1115,8032
-62,669558; 1113,8844
-62,269113; 1112,6051
-61,868669; 1111,9655
-61,468224; 1110,0466
-61,06778; 1106,8485
-60,667335; 1103,6504
-60,266891; 1103,0108
-59,866446; 1102,3712
-59,466002; 1099,8127
-59,065557; 1096,6146
-58,665113; 1093,4165
-58,264669; 1090,2184
-57,864224; 1090,2184
-57,46378; 1090,858
-57,063335; 1084,4618
-56,662891; 1082,543
-56,262446; 1081,2637
-55,862002; 1078,7053
-55,461557; 1079,9845
-55,061113; 1076,1468
-54,660669; 1071,0298
-54,260224; 1070,3902
-53,85978; 1067,1921
-53,459335; 1066,5525
-53,058891; 1066,5525
-52,658446; 1062,7148
-52,258002; 1058,877
-51,857557; 1056,3186
-51,457113; 1055,0393
-51,056669; 1054,3997
-50,656224; 1052,4808
-50,25578; 1049,2827
-49,855335; 1046,7243
-49,454891; 1044,8054
-49,054446; 1045,445
-48,654002; 1042,2469
-48,253557; 1037,7696
-47,853113; 1035,8507
-47,452668; 1033,2922
-47,052224; 1032,6526
-46,65178; 1032,013
-46,251335; 1028,8149
-45,850891; 1025,6168
-45,450446; 1022,4187
-45,050002; 1021,1395
-44,649557; 1022,4187
-44,249113; 1018,581
-43,848668; 1014,7433
-43,448224; 1012,1848
-43,04778; 1010,2659
-42,647335; 1009,6263
-42,246891; 1008,3471
-41,846446; 1004,5094
-41,446002; 1001,9509
-41,045557; 998,11315
-40,645113; 997,47353
-40,244668; 996,83391
-39,844224; 994,91505
-39,44378; 991,71695
-39,043335; 987,23961
-38,642891; 986,59999
-38,242446; 986,59999
-37,842002; 984,68113
-37,441557; 981,48303
-37,041113; 978,28493
-36,640668; 975,72645
-36,240224; 975,08683
-35,839779; 973,80759
-35,439335; 970,60949
-35,038891; 966,77177
-34,638446; 964,21329
-34,238002; 962,29443
-33,837557; 962,29443
-33,437113; 959,73595
-33,036668; 957,17747
-32,636224; 953,97938
-32,235779; 952,70014
-31,835335; 950,78128
-31,434891; 950,14166
-31,034446; 945,66432
-30,634002; 942,46622
-30,233557; 939,90774
-29,833113; 939,26812
-29,432668; 939,26812
-29,032224; 936,07002
-28,631779; 932,2323
-28,231335; 928,39458
-27,830891; 927,11534
-27,430446; 927,75496
-27,030002; 925,8361
-26,629557; 923,27762
-26,229113; 919,4399
-25,828668; 916,2418
-25,428224; 915,60218
-25,027779; 914,32294
-24,627335; 912,40408
-24,226891; 907,92674
-23,826446; 904,72864
-23,426002; 903,4494
-23,025557; 902,17016
-22,625113; 900,89092
-22,224668; 897,0532
-21,824224; 893,8551
-21,423779; 891,29662
-21,023335; 891,29662
-20,62289; 889,37776
-20,222446; 886,81928
-19,822002; 884,2608
-19,421557; 880,42308
-19,021113; 879,78346
-18,620668; 879,14384
-18,220224; 876,58536
-17,819779; 874,6665
-17,419335; 870,18916
-17,01889; 867,63068
-16,618446; 868,90992
-16,218002; 865,0722
-15,817557; 863,79296
-15,417113; 858,676
-15,016668; 855,4779
-14,616224; 856,11752
-14,215779; 853,55904
-13,815335; 853,55904
-13,41489; 849,0817
-13,014446; 846,52322
-12,614002; 845,8836
-12,213557; 842,6855
-11,813113; 842,6855
-11,412668; 838,20816
-11,012224; 835,01007
-10,611779; 832,45159
-10,211335; 831,17235
-9,8108904; 831,81197
-9,4104459; 828,61387
-9,0100015; 824,13653
-8,609557; 821,57805
-8,2091126; 819,01957
-7,8086681; 819,65919
-7,4082237; 819,01957
-7,0077792; 813,26299
-6,6073348; 810,70451
-6,2068903; 808,14603
-5,8064459; 810,06489
-5,4060014; 808,14603
-5,005557; 803,02907
-4,6051126; 799,19135
-4,2046681; 795,99325
-3,8042237; 795,99325
-3,4037792; 796,63287
-3,0033348; 792,15553
-2,6028903; 790,23667
-2,2024459; 784,48009
-1,8020014; 784,48009
-1,401557; 783,84047
-1,0011125; 781,92161
-0,60066807; 779,36313
-0,20022362; 774,88579
0,20022082; 772,32731
0,60066527; 773,60655
1,0011097; 771,04807
1,4015542; 767,84997
1,8019986; 765,29149
2,2024431; 760,17453
2,6028875; 761,45377
3,003332; 758,89529
3,4037764; 757,61605
3,8042209; 753,77833
4,2046653; 751,21985
4,6051098; 749,30099
5,0055542; 748,66137
5,4059986; 747,38213
5,8064431; 744,18403
6,2068875; 740,34631
6,607332; 737,14821
7,0077764; 735,86897
7,4082209; 734,58973
7,8086653; 732,67087
8,2091098; 728,83315
8,6095542; 724,99543
9,0099987; 723,07657
9,4104431; 721,79733
9,8108876; 721,79733
10,211332; 717,95961
10,611776; 713,48228
11,012221; 713,48228
11,412665; 711,56342
11,81311; 710,9238
12,213554; 708,36532
12,613999; 702,60874
13,014443; 700,05026
13,414888; 699,41064
13,815332; 698,77102
14,215777; 696,85216
14,616221; 691,7352
15,016665; 688,5371
15,41711; 685,97862
15,817554; 686,61824
16,217999; 686,61824
16,618443; 681,50128
17,018888; 678,30318
17,419332; 676,38432
17,819777; 675,10508
18,220221; 675,7447
18,620665; 671,90698
19,02111; 666,79002
19,421554; 666,1504
19,821999; 662,9523
20,222443; 662,9523
20,622888; 661,67306
21,023332; 655,27686
21,423777; 653,99762
21,824221; 650,1599
22,224665; 650,1599
22,62511; 649,52028
23,025554; 645,68256
23,425999; 642,48446
23,826443; 639,28636
24,226888; 639,28636
24,627332; 636,72788
25,027777; 634,80902
25,428221; 632,25054
25,828665; 627,7732
26,22911; 625,21472
26,629554; 626,49396
27,029999; 623,29586
27,430443; 621,377
27,830888; 616,89966
28,231332; 613,06194
28,631777; 614,34118
29,032221; 611,14308
29,432666; 609,22422
29,83311; 606,02612
30,233554; 602,1884
30,633999; 602,1884
31,034443; 601,54878
31,434888; 598,9903
31,835332; 595,79221
32,235777; 591,95449
32,636221; 590,67525
33,036666; 589,39601
33,43711; 588,11677
33,837554; 584,91867
34,237999; 580,44133
34,638443; 577,88285
35,038888; 576,60361
35,439332; 575,32437
35,839777; 573,40551
36,240221; 571,48665
36,640666; 566,36969
37,04111; 564,45083
37,441554; 565,09045
37,841999; 561,89235
38,242443; 558,69425
38,642888; 555,49615
39,043332; 552,29805
39,443777; 552,29805
39,844221; 550,37919
40,244666; 547,18109
40,64511; 543,98299
41,045555; 540,78489
41,445999; 539,50565
41,846443; 538,86603
42,246888; 536,30755
42,647332; 533,10945
43,047777; 529,91135
43,448221; 527,35287
43,848666; 526,07363
44,24911; 524,79439
44,649555; 522,23591
45,049999; 518,39819
45,450443; 514,56047
45,850888; 515,20009
46,251332; 512,64161
46,651777; 510,72275
47,052221; 508,16427
47,452666; 501,76807
47,85311; 501,76807
48,253555; 500,48883
48,653999; 498,56997
49,054443; 497,93035
49,454888; 492,17377
49,855332; 488,97567
50,255777; 489,61529
50,656221; 486,41719
51,056666; 484,49833
51,45711; 480,66061
51,857555; 478,10213
52,257999; 476,8229
52,658444; 476,18328
53,058888; 473,6248
53,459332; 471,70594
53,859777; 465,30974
54,260221; 464,0305
54,660666; 463,39088
55,06111; 460,19278
55,461555; 458,91354
55,861999; 454,4362
56,262444; 453,15696
56,662888; 451,87772
57,063332; 449,95886
57,463777; 449,31924
57,864221; 444,8419
58,264666; 441,00418
58,66511; 440,36456
59,065555; 438,4457
59,465999; 437,80608
59,866444; 433,32874
60,266888; 429,49102
60,667332; 426,93254
61,067777; 425,01368
61,468221; 425,01368
61,868666; 422,4552
62,26911; 417,97786
62,669555; 416,059
63,069999; 414,77976
63,470444; 413,50052
63,870888; 410,94204
64,271333; 407,74394
64,671777; 405,82508
65,072221; 403,90622
65,472666; 400,70812
65,87311; 400,70812
66,273555; 396,8704
66,673999; 393,6723
67,074444; 392,39306
67,474888; 389,83458
67,875333; 389,19496
68,275777; 386,63648
68,676221; 384,078
69,076666; 379,60066
69,47711; 379,60066
69,877555; 377,6818
70,277999; 376,40256
70,678444; 371,92522
71,078888; 368,72712
71,479333; 366,80826
71,879777; 365,52902
72,280221; 363,61016
72,680666; 362,33092
73,08111; 358,4932
73,481555; 357,21397
73,881999; 354,01587
74,282444; 353,37625
74,682888; 352,09701
75,083333; 348,25929
75,483777; 344,42157
75,884221; 344,42157
76,284666; 341,22347
76,68511; 341,22347
77,085555; 338,02537
77,485999; 333,54803
77,886444; 332,90841
78,286888; 330,34993
78,687333; 329,71031
79,087777; 328,43107
79,488222; 322,03487
79,888666; 321,39525
80,28911; 319,47639
80,689555; 318,19715
81,089999; 316,91791
81,490444; 311,80095
81,890888; 310,52171
82,291333; 307,96323
82,691777; 306,04437
83,092222; 306,68399
83,492666; 300,92741
83,89311; 300,28779
84,293555; 297,08969
84,693999; 293,89159
85,094444; 294,53121
85,494888; 291,97273
85,895333; 288,77463
86,295777; 288,13501
86,696222; 282,37843
87,096666; 281,73881
87,49711; 282,37843
87,897555; 278,54071
88,297999; 275,98223
88,698444; 272,14451
89,098888; 270,86527
89,499333; 270,22565
89,899777; 267,66717
90,300222; 265,10869
90,700666; 260,63135
91,101111; 258,71249
91,501555; 259,99173
91,901999; 255,51439
92,302444; 254,23515
92,702888; 250,39743
93,103333; 246,55971
93,503777; 247,83895
93,904222; 245,28047
94,304666; 243,36161
94,705111; 239,52389
95,105555; 236,3258
95,505999; 235,68618
95,906444; 234,40694
96,306888; 231,84846
96,707333; 229,28998
97,107777; 226,7315
97,508222; 225,45226
97,908666; 222,89378
98,309111; 220,97492
98,709555; 219,05606
99,109999; 215,21834
99,510444; 213,29948
99,910888; 210,741
100,31133; 210,10138
100,71178; 207,5429
101,11222; 203,70518
101,51267; 201,1467
101,91311; 199,22784
102,31356; 197,9486
102,714; 197,30898
103,11444; 193,47126
103,51489; 190,27316
103,91533; 188,3543
104,31578; 186,43544
104,71622; 185,1562
105,11667; 181,9581
105,51711; 178,12038
105,91756; 176,84114
106,318; 174,92228
106,71844; 173,64304
107,11889; 171,72418
107,51933; 167,24684
107,91978; 164,68836
108,32022; 163,40912
108,72067; 161,49026
109,12111; 159,5714
109,52156; 157,65254
109,922; 154,45444
110,32244; 151,89596
110,72289; 149,9771
111,12333; 149,33748
111,52378; 147,41862
111,92422; 143,5809
112,32467; 140,3828
112,72511; 139,10356
113,12556; 137,1847
113,526; 135,26584
113,92644; 132,06774
114,32689; 129,50926
114,72733; 126,95078
115,12778; 125,67154
115,52822; 124,3923
115,92867; 120,55458
116,32911; 117,35649
116,72956; 116,07725
117,13; 112,87915
117,53044; 112,23953
117,93089; 110,32067
118,33133; 106,48295
118,73178; 104,56409
119,13222; 102,00561
119,53267; 100,08675
119,93311; 98,807507
120,33356; 96,249027
120,734; 93,050927
121,13444; 90,492447
121,53489; 87,294348
121,93533; 87,294348
122,33578; 84,096248
122,73622; 82,177388
123,13667; 79,618908
123,53711; 76,420809
123,93756; 76,420809
124,338; 73,222709
124,73844; 70,664229
125,13889; 69,384989
125,53933; 64,26803
125,93978; 63,62841
126,34022; 63,62841
126,74067; 60,43031
127,14111; 59,15107
127,54156; 55,95297
127,942; 52,754871
128,34244; 50,836011
128,74289; 50,196391
129,14333; 48,917151
129,54378; 44,439811
129,94422; 43,160571
130,34467; 41,881331
130,74511; 38,683232
131,14556; 37,403992
131,546; 34,845512
131,94644; 32,287032
132,34689; 31,647412
132,74733; 28,449313
133,14778; 29,088933
133,54822; 25,890833
133,94867; 22,053113
134,34911; 22,692733
134,74956; 20,134253
135,15; 18,855013
135,55044; 17,575773
135,95089; 14,377674
136,35133; 12,458814
136,75178; 11,179574
137,15222; 9,9003341
137,55267; 11,179574
137,95311; 9,2607142
138,35356; 10,539954
138,754; 11,179574
139,15444; 13,098434
139,55489; 16,936154
139,95533; 18,215393
140,35578; 18,855013
140,75622; 19,494633
141,15667; 21,413493
141,55711; 23,971973
141,95756; 25,251213
142,358; 27,170073
142,75844; 28,449313
143,15889; 29,088933
143,55933; 31,007792
143,95978; 31,647412
144,36022; 31,647412
144,76067; 32,287032
145,16111; 32,287032
145,56156; 34,205892
145,962; 36,124752
146,36244; 36,124752
146,76289; 36,764372
147,16333; 37,403992
147,56378; 38,683232
147,96422; 38,683232
148,36467; 39,962472
148,76511; 38,683232
149,16556; 39,962472
149,566; 40,602092
149,96644; 41,241711
150,36689; 42,520951
150,76733; 41,881331
151,16778; 42,520951
151,56822; 43,160571
151,96867; 42,520951
152,36911; 43,160571
152,76956; 44,439811
153,17; 43,800191
153,57044; 44,439811
153,97089; 45,079431
154,37133; 45,079431
154,77178; 45,719051
155,17222; 46,358671
155,57267; 46,358671
155,97311; 46,998291
156,37356; 47,637911
156,774; 47,637911
157,17444; 46,998291
157,57489; 47,637911
157,97533; 47,637911
158,37578; 48,277531
158,77622; 48,917151
159,17667; 48,277531
159,57711; 48,277531
159,97756; 47,637911
160,378; 48,277531
160,77844; 47,637911
161,17889; 48,277531
161,57933; 48,917151
161,97978; 50,196391
162,38022; 49,556771
162,78067; 48,917151
163,18111; 50,196391
163,58156; 49,556771
163,982; 50,196391
164,38244; 49,556771
164,78289; 50,196391
165,18333; 50,836011
165,58378; 50,836011
165,98422; 52,115251
166,38467; 51,475631
166,78511; 52,754871
167,18556; 52,115251
167,586; 52,754871
167,98644; 52,115251
168,38689; 52,754871
168,78733; 51,475631
169,18778; 53,39449
169,58822; 53,39449
169,98867; 52,754871
170,38911; 53,39449
170,78956; 54,03411
171,19; 54,03411
171,59044; 53,39449
171,99089; 54,03411
172,39133; 54,03411
172,79178; 53,39449
173,19222; 54,67373
173,59267; 54,67373
173,99311; 55,31335
174,39356; 55,95297
174,794; 55,31335
175,19444; 55,31335
175,59489; 54,67373
175,99533; 55,31335
176,39578; 55,95297
176,79622; 55,95297
177,19667; 55,95297
177,59711; 55,95297
177,99756; 56,59259
178,398; 56,59259
178,79844; 56,59259
179,19889; 57,87183
179,59933; 57,23221
179,99978; 57,87183
180,40022; 57,87183
180,80067; 57,87183
181,20111; 57,87183
181,60156; 57,87183
182,002; 59,79069
182,40244; 59,15107
182,80289; 60,43031
183,20333; 59,79069
183,60378; 59,79069
184,00422; 59,79069
184,40467; 59,15107
184,80511; 60,43031
185,20556; 59,79069
185,606; 60,43031
186,00644; 59,79069
186,40689; 60,43031
186,80733; 59,79069
187,20778; 60,43031
187,60822; 60,43031
188,00867; 61,06993
188,40911; 60,43031
188,80956; 61,06993
189,21; 61,06993
189,61044; 60,43031
190,01089; 61,06993
190,41133; 61,70955
190,81178; 61,70955
191,21222; 61,70955
191,61267; 61,70955
192,01311; 61,06993
192,41356; 62,34917
192,814; 62,34917
193,21444; 62,34917
193,61489; 62,98879
194,01533; 61,70955
194,41578; 62,34917
194,81622; 62,34917
195,21667; 62,34917
195,61711; 62,34917
196,01756; 62,34917
196,418; 62,34917
196,81844; 63,62841
197,21889; 63,62841
197,61933; 62,98879
198,01978; 62,98879
198,42022; 62,98879
198,82067; 62,98879
199,22111; 63,62841
199,62156; 62,98879
200,022; 62,98879
