Name=DFL (1)
X=Height, nm
Y=DFL, nN
-200,022; 1940,2733
-199,62156; 1937,0752
-199,22111; 1932,5979
-198,82067; 1929,3998
-198,42023; 1926,8413
-198,01978; 1926,8413
-197,61934; 1924,2828
-197,21889; 1923,6432
-196,81845; 1918,5263
-196,418; 1914,6885
-196,01756; 1914,0489
-195,61711; 1912,1301
-195,21667; 1910,8508
-194,81623; 1907,0131
-194,41578; 1902,5358
-194,01534; 1897,4188
-193,61489; 1899,3377
-193,21445; 1898,0584
-192,814; 1895,4999
-192,41356; 1890,383
-192,01311; 1885,266
-191,61267; 1885,266
-191,21223; 1884,6264
-190,81178; 1881,4283
-190,41134; 1877,5906
-190,01089; 1874,3925
-189,61045; 1871,1944
-189,21; 1871,1944
-188,80956; 1869,2755
-188,40911; 1865,4378
-188,00867; 1863,5189
-187,60823; 1858,402
-187,20778; 1859,0416
-186,80734; 1854,5643
-186,40689; 1853,285
-186,00645; 1850,7265
-185,606; 1846,2492
-185,20556; 1844,3303
-184,80511; 1842,4115
-184,40467; 1842,4115
-184,00423; 1839,2134
-183,60378; 1833,4568
-183,20334; 1828,9795
-182,80289; 1829,6191
-182,40245; 1827,0606
-182,002; 1826,421
-181,60156; 1820,6644
-181,20111; 1816,8267
-180,80067; 1816,1871
-180,40023; 1814,9078
-179,99978; 1814,2682
-179,59934; 1807,872
-179,19889; 1804,6739
-178,79845; 1803,3947
-178,398; 1803,3947
-177,99756; 1800,1966
-177,59711; 1796,9985
-177,19667; 1793,1607
-176,79623; 1789,9626
-176,39578; 1791,2419
-175,99534; 1787,4042
-175,59489; 1786,1249
-175,19445; 1782,9268
-174,794; 1777,1702
-174,39356; 1775,891
-173,99311; 1775,2514
-173,59267; 1773,3325
-173,19223; 1770,1344
-172,79178; 1765,0175
-172,39134; 1760,5401
-171,99089; 1763,0986
-171,59045; 1759,9005
-171,19; 1757,9816
-170,78956; 1754,1439
-170,38911; 1747,7477
-169,98867; 1749,6666
-169,58823; 1747,7477
-169,18778; 1743,91
-168,78734; 1738,793
-168,38689; 1736,8742
-167,98645; 1735,5949
-167,586; 1735,5949
-167,18556; 1732,3968
-166,78511; 1727,9195
-166,38467; 1722,8026
-165,98423; 1720,8837
-165,58378; 1718,9648
-165,18334; 1717,046
-164,78289; 1716,4064
-164,38245; 1711,2894
-163,982; 1709,3705
-163,58156; 1706,1724
-163,18111; 1704,8932
-162,78067; 1704,8932
-162,38023; 1700,4159
-161,97978; 1696,5781
-161,57934; 1692,7404
-161,17889; 1693,38
-160,77845; 1692,1008
-160,378; 1688,9027
-159,97756; 1685,065
-159,57711; 1679,948
-159,17667; 1680,5876
-158,77623; 1679,948
-158,37578; 1677,3895
-157,97534; 1671,633
-157,57489; 1669,7141
-157,17445; 1666,516
-156,774; 1667,7952
-156,37356; 1664,5971
-155,97311; 1660,1198
-155,57267; 1657,5613
-155,17222; 1654,3632
-154,77178; 1653,7236
-154,37134; 1651,8047
-153,97089; 1649,2463
-153,57045; 1645,4085
-153,17; 1642,8501
-152,76956; 1639,0123
-152,36911; 1639,652
-151,96867; 1637,0935
-151,56822; 1632,6161
-151,16778; 1631,3369
-150,76734; 1625,5803
-150,36689; 1626,8596
-149,96645; 1625,5803
-149,566; 1621,103
-149,16556; 1618,5445
-148,76511; 1612,7879
-148,36467; 1612,7879
-147,96422; 1614,0672
-147,56378; 1609,5898
-147,16334; 1603,8332
-146,76289; 1602,554
-146,36245; 1599,3559
-145,962; 1600,6351
-145,56156; 1595,5182
-145,16111; 1591,6805
-144,76067; 1591,6805
-144,36022; 1585,9239
-143,95978; 1588,4824
-143,55934; 1583,3654
-143,15889; 1582,7258
-142,75845; 1580,8069
-142,358; 1575,0503
-141,95756; 1574,4107
-141,55711; 1573,1315
-141,15667; 1570,573
-140,75622; 1569,9334
-140,35578; 1563,5372
-139,95534; 1559,0598
-139,55489; 1560,9787
-139,15445; 1557,141
-138,754; 1555,8617
-138,35356; 1550,7448
-137,95311; 1546,9071
-137,55267; 1549,4655
-137,15222; 1546,2674
-136,75178; 1544,3486
-136,35134; 1539,8712
-135,95089; 1535,3939
-135,55045; 1534,7543
-135,15; 1533,475
-134,74956; 1531,5562
-134,34911; 1527,0788
-133,94867; 1525,16
-133,54822; 1523,2411
-133,14778; 1521,9619
-132,74734; 1518,1242
-132,34689; 1517,4845
-131,94645; 1512,3676
-131,546; 1509,8091
-131,14556; 1508,5299
-130,74511; 1505,9714
-130,34467; 1505,3318
-129,94422; 1500,8544
-129,54378; 1498,9356
-129,14334; 1494,4582
-128,74289; 1495,7375
-128,34245; 1494,4582
-127,942; 1491,2601
-127,54156; 1486,1432
-127,14111; 1481,6658
-126,74067; 1482,3055
-126,34022; 1481,0262
-125,93978; 1479,1074
-125,53934; 1473,3508
-125,13889; 1470,7923
-124,73845; 1469,5131
-124,338; 1470,1527
-123,93756; 1465,6753
-123,53711; 1462,4772
-123,13667; 1458,6395
-122,73622; 1456,7207
-122,33578; 1456,7207
-121,93534; 1450,9641
-121,53489; 1450,9641
-121,13445; 1447,1264
-120,734; 1443,2886
-120,33356; 1443,2886
-119,93311; 1438,8113
-119,53267; 1438,1717
-119,13222; 1436,2528
-118,73178; 1430,4962
-118,33134; 1429,217
-117,93089; 1428,5774
-117,53045; 1427,9378
-117,13; 1427,2981
-116,72956; 1419,6227
-116,32911; 1417,7038
-115,92867; 1417,7038
-115,52822; 1415,785
-115,12778; 1416,4246
-114,72734; 1407,4699
-114,32689; 1406,8303
-113,92645; 1406,1907
-113,526; 1402,353
-113,12556; 1402,353
-112,72511; 1397,236
-112,32467; 1392,119
-111,92422; 1393,3983
-111,52378; 1391,4794
-111,12334; 1388,9209
-110,72289; 1388,9209
-110,32245; 1381,2455
-109,922; 1381,8851
-109,52156; 1379,3266
-109,12111; 1374,2097
-108,72067; 1376,7682
-108,32022; 1372,2908
-107,91978; 1369,0927
-107,51934; 1367,8135
-107,11889; 1365,8946
-106,71845; 1365,255
-106,318; 1360,7777
-105,91756; 1355,6607
-105,51711; 1355,0211
-105,11667; 1351,823
-104,71622; 1353,1022
-104,31578; 1351,1834
-103,91534; 1342,2287
-103,51489; 1344,1475
-103,11445; 1340,9494
-102,714; 1341,5891
-102,31356; 1339,6702
-101,91311; 1332,6344
-101,51267; 1331,9948
-101,11222; 1329,4363
-100,71178; 1328,7967
-100,31134; 1326,8778
-99,910891; 1323,6797
-99,510447; 1318,5627
-99,110002; 1317,9231
-98,709558; 1313,4458
-98,309113; 1315,3646
-97,908669; 1312,8062
-97,508224; 1306,41
-97,10778; 1307,6892
-96,707336; 1300,0138
-96,306891; 1301,9326
-95,906447; 1301,293
-95,506002; 1294,8968
-95,105558; 1292,9779
-94,705113; 1288,5006
-94,304669; 1289,1402
-93,904224; 1290,4195
-93,50378; 1284,6629
-93,103336; 1280,1855
-92,702891; 1278,9063
-92,302447; 1276,9874
-91,902002; 1278,2667
-91,501558; 1273,1497
-91,101113; 1269,312
-90,700669; 1266,1139
-90,300224; 1262,9158
-89,89978; 1264,195
-89,499336; 1259,7177
-89,098891; 1257,7988
-88,698447; 1254,6007
-88,298002; 1251,4027
-87,897558; 1251,4027
-87,497113; 1248,8442
-87,096669; 1246,2857
-86,696224; 1243,0876
-86,29578; 1238,6103
-85,895335; 1237,331
-85,494891; 1239,2499
-85,094447; 1236,0518
-84,694002; 1232,2141
-84,293558; 1227,0971
-83,893113; 1223,899
-83,492669; 1224,5386
-83,092224; 1224,5386
-82,69178; 1220,7009
-82,291335; 1213,0255
-81,890891; 1211,7462
-81,490447; 1210,467
-81,090002; 1209,8274
-80,689558; 1206,6293
-80,289113; 1201,5123
-79,888669; 1200,2331
-79,488224; 1198,3142
-79,08778; 1197,6746
-78,687335; 1194,4765
-78,286891; 1191,2784
-77,886447; 1187,4407
-77,486002; 1184,8822
-77,085558; 1182,9633
-76,685113; 1182,3237
-76,284669; 1179,1256
-75,884224; 1175,9275
-75,48378; 1171,4502
-75,083335; 1168,8917
-74,682891; 1172,7294
-74,282447; 1167,6124
-73,882002; 1164,4143
-73,481558; 1159,937
-73,081113; 1156,7389
-72,680669; 1156,7389
-72,280224; 1156,0993
-71,87978; 1153,5408
-71,479335; 1145,8654
-71,078891; 1143,9465
-70,678446; 1143,9465
-70,278002; 1142,6673
-69,877558; 1139,4692
-69,477113; 1134,3522
-69,076669; 1131,7937
-68,676224; 1129,2352
-68,27578; 1130,5145
-67,875335; 1126,6768
-67,474891; 1126,0371
-67,074446; 1120,2806
-66,674002; 1115,8032
-66,273558; 1116,4428
-65,873113; 1113,2447
-65,472669; 1112,6051
-65,072224; 1108,7674
-64,67178; 1102,3712
-64,271335; 1101,7316
-63,870891; 1101,7316
-63,470446; 1099,8127
-63,070002; 1095,975
-62,669558; 1089,5788
-62,269113; 1087,6599
-61,868669; 1088,9392
-61,468224; 1086,3807
-61,06778; 1083,8222
-60,667335; 1078,0656
-60,266891; 1076,1468
-59,866446; 1076,1468
-59,466002; 1074,8675
-59,065557; 1071,0298
-58,665113; 1065,9129
-58,264669; 1061,4355
-57,864224; 1060,7959
-57,46378; 1060,1563
-57,063335; 1056,3186
-56,662891; 1055,0393
-56,262446; 1050,562
-55,862002; 1048,0035
-55,461557; 1046,7243
-55,061113; 1046,0846
-54,660669; 1044,1658
-54,260224; 1039,0488
-53,85978; 1034,5715
-53,459335; 1030,7338
-53,058891; 1032,013
-52,658446; 1030,0941
-52,258002; 1026,2564
-51,857557; 1021,7791
-51,457113; 1019,2206
-51,056669; 1017,9414
-50,656224; 1017,9414
-50,25578; 1014,1037
-49,855335; 1007,7075
-49,454891; 1007,7075
-49,054446; 1003,2301
-48,654002; 1005,149
-48,253557; 1000,6716
-47,853113; 994,91505
-47,452668; 995,55467
-47,052224; 990,43771
-46,65178; 991,71695
-46,251335; 987,87923
-45,850891; 984,04151
-45,450446; 981,48303
-45,050002; 978,28493
-44,649557; 977,64531
-44,249113; 975,72645
-43,848668; 972,52835
-43,448224; 969,96987
-43,04778; 964,85291
-42,647335; 961,01519
-42,246891; 964,21329
-41,846446; 960,37557
-41,446002; 958,45671
-41,045557; 952,06052
-40,645113; 948,2228
-40,244668; 949,50204
-39,844224; 948,2228
-39,44378; 945,0247
-39,043335; 937,98888
-38,642891; 937,34926
-38,242446; 936,70964
-37,842002; 933,51154
-37,441557; 933,51154
-37,041113; 927,75496
-36,640668; 922,638
-36,240224; 921,99838
-35,839779; 919,4399
-35,439335; 919,4399
-35,038891; 916,2418
-34,638446; 910,48522
-34,238002; 909,8456
-33,837557; 906,00788
-33,437113; 905,36826
-33,036668; 903,4494
-32,636224; 897,69282
-32,235779; 895,13434
-31,835335; 891,29662
-31,434891; 891,93624
-31,034446; 892,57586
-30,634002; 886,17966
-30,233557; 883,62118
-29,833113; 878,50422
-29,432668; 877,8646
-29,032224; 879,14384
-28,631779; 874,02688
-28,231335; 868,90992
-27,830891; 868,2703
-27,430446; 865,0722
-27,030002; 866,35144
-26,629557; 861,8741
-26,229113; 857,39676
-25,828668; 854,83828
-25,428224; 852,91942
-25,027779; 852,91942
-24,627335; 848,44208
-24,226891; 846,52322
-23,826446; 844,60436
-23,426002; 839,4874
-23,025557; 836,92892
-22,625113; 837,56854
-22,224668; 834,37045
-21,824224; 831,81197
-21,423779; 826,69501
-21,023335; 823,49691
-20,62289; 826,05539
-20,222446; 822,85729
-19,822002; 819,65919
-19,421557; 813,26299
-19,021113; 812,62337
-18,620668; 811,34413
-18,220224; 810,06489
-17,819779; 808,78565
-17,419335; 801,11021
-17,01889; 799,83097
-16,618446; 797,91211
-16,218002; 796,63287
-15,817557; 794,71401
-15,417113; 790,87629
-15,016668; 787,03857
-14,616224; 785,75933
-14,215779; 786,39895
-13,815335; 781,92161
-13,41489; 781,28199
-13,014446; 776,16503
-12,614002; 772,96693
-12,213557; 771,68769
-11,813113; 772,32731
-11,412668; 769,12921
-11,012224; 765,29149
-10,611779; 760,81415
-10,211335; 757,61605
-9,8108904; 759,53491
-9,4104459; 756,33681
-9,0100015; 754,41795
-8,609557; 748,66137
-8,2091126; 745,46327
-7,8086681; 747,38213
-7,4082237; 745,46327
-7,0077792; 742,90479
-6,6073348; 737,78783
-6,2068903; 734,58973
-5,8064459; 733,95011
-5,4060014; 732,67087
-5,005557; 729,47277
-4,6051126; 724,99543
-4,2046681; 723,71619
-3,8042237; 721,79733
-3,4037792; 719,87847
-3,0033348; 717,95961
-2,6028903; 716,04076
-2,2024459; 711,56342
-1,8020014; 709,00494
-1,401557; 707,7257
-1,0011125; 706,44646
-0,60066807; 705,16722
-0,20022362; 700,68988
0,20022082; 697,49178
0,60066527; 694,29368
1,0011097; 695,57292
1,4015542; 692,37482
1,8019986; 690,45596
2,2024431; 685,339
2,6028875; 682,1409
3,003332; 682,1409
3,4037764; 681,50128
3,8042209; 678,30318
4,2046653; 672,5466
4,6051098; 671,90698
5,0055542; 670,62774
5,4059986; 670,62774
5,8064431; 666,1504
6,2068875; 662,9523
6,607332; 660,39382
7,0077764; 657,19572
7,4082209; 657,19572
7,8086653; 653,99762
8,2091098; 651,43914
8,6095542; 647,60142
9,0099987; 646,32218
9,4104431; 643,7637
9,8108876; 641,84484
10,211332; 640,5656
10,611776; 637,3675
11,012221; 634,1694
11,412665; 630,9713
11,81311; 632,89016
12,213554; 630,33168
12,613999; 627,13358
13,014443; 622,65624
13,414888; 618,81852
13,815332; 620,09776
14,215777; 617,53928
14,616221; 614,9808
15,016665; 611,14308
15,41711; 609,22422
15,817554; 607,30536
16,217999; 608,5846
16,618443; 602,1884
17,018888; 599,62992
17,419332; 597,71106
17,819777; 592,59411
18,220221; 595,79221
18,620665; 590,67525
19,02111; 590,03563
19,421554; 585,55829
19,821999; 582,36019
20,222443; 582,36019
20,622888; 581,08095
21,023332; 577,88285
21,423777; 575,96399
21,824221; 570,20741
22,224665; 569,56779
22,62511; 570,20741
23,025554; 566,36969
23,425999; 565,73007
23,826443; 558,69425
24,226888; 557,41501
24,627332; 558,05463
25,027777; 555,49615
25,428221; 554,21691
25,828665; 548,46033
26,22911; 545,26223
26,629554; 545,90185
27,029999; 544,62261
27,430443; 542,70375
27,830888; 537,58679
28,231332; 535,02831
28,631777; 533,10945
29,032221; 531,83021
29,432666; 529,91135
29,83311; 527,35287
30,233554; 523,51515
30,633999; 521,59629
31,034443; 520,31705
31,434888; 518,39819
31,835332; 516,47933
32,235777; 513,92085
32,636221; 510,72275
33,036666; 506,24541
33,43711; 508,80389
33,837554; 504,96617
34,237999; 501,12845
34,638443; 499,20959
35,038888; 494,73225
35,439332; 497,29073
35,839777; 496,65111
36,240221; 491,53415
36,640666; 487,05681
37,04111; 485,77757
37,441554; 483,21909
37,841999; 485,13795
38,242443; 479,38137
38,642888; 476,8229
39,043332; 474,90404
39,443777; 472,34556
39,844221; 472,98518
40,244666; 469,14746
40,64511; 467,2286
41,045555; 465,30974
41,445999; 461,47202
41,846443; 461,47202
42,246888; 458,91354
42,647332; 456,35506
43,047777; 453,15696
43,448221; 451,87772
43,848666; 448,04
44,24911; 450,59848
44,649555; 446,12114
45,049999; 444,20228
45,450443; 440,36456
45,850888; 435,2476
46,251332; 437,80608
46,651777; 435,88722
47,052221; 432,0495
47,452666; 428,21178
47,85311; 426,29292
48,253555; 426,93254
48,653999; 425,01368
49,054443; 421,17596
49,454888; 418,61748
49,855332; 414,77976
50,255777; 413,50052
50,656221; 414,14014
51,056666; 410,30242
51,45711; 409,02318
51,857555; 404,54584
52,257999; 403,90622
52,658444; 402,62698
53,058888; 400,70812
53,459332; 397,51002
53,859777; 394,31192
54,260221; 391,75344
54,660666; 389,19496
55,06111; 389,83458
55,461555; 387,91572
55,861999; 384,078
56,262444; 380,8799
56,662888; 379,60066
57,063332; 378,96104
57,463777; 378,32142
57,864221; 375,12332
58,264666; 370,64598
58,66511; 369,36674
59,065555; 366,80826
59,465999; 368,72712
59,866444; 362,97054
60,266888; 358,4932
60,667332; 357,85359
61,067777; 355,93473
61,468221; 355,93473
61,868666; 352,73663
62,26911; 350,81777
62,669555; 348,25929
63,069999; 345,06119
63,470444; 343,78195
63,870888; 341,22347
64,271333; 339,30461
64,671777; 338,02537
65,072221; 334,82727
65,472666; 332,26879
65,87311; 332,90841
66,273555; 329,71031
66,673999; 327,79145
67,074444; 323,95373
67,474888; 321,39525
67,875333; 322,67449
68,275777; 320,11601
68,676221; 317,55753
69,076666; 312,44057
69,47711; 311,16133
69,877555; 311,16133
70,277999; 309,24247
70,678444; 307,96323
71,078888; 302,84627
71,479333; 300,92741
71,879777; 299,64817
72,280221; 299,64817
72,680666; 295,81045
73,08111; 293,89159
73,481555; 290,05387
73,881999; 289,41425
74,282444; 287,49539
74,682888; 286,21615
75,083333; 284,29729
75,483777; 280,45957
75,884221; 278,54071
76,284666; 275,34261
76,68511; 275,98223
77,085555; 272,14451
77,485999; 270,86527
77,886444; 267,02755
78,286888; 265,74831
78,687333; 266,38793
79,087777; 263,18983
79,488222; 262,55021
79,888666; 255,51439
80,28911; 254,87477
80,689555; 255,51439
81,089999; 253,59553
81,490444; 251,03705
81,890888; 247,19933
82,291333; 245,28047
82,691777; 244,00123
83,092222; 241,44275
83,492666; 239,52389
83,89311; 239,52389
84,293555; 234,40694
84,693999; 234,40694
85,094444; 232,48808
85,494888; 228,65036
85,895333; 229,28998
86,295777; 224,81264
86,696222; 222,25416
87,096666; 219,69568
87,49711; 220,3353
87,897555; 217,77682
88,297999; 215,85796
88,698444; 210,741
89,098888; 209,46176
89,499333; 209,46176
89,899777; 207,5429
90,300222; 206,26366
90,700666; 199,86746
91,101111; 201,1467
91,501555; 199,22784
91,901999; 197,9486
92,302444; 196,02974
92,702888; 190,91278
93,103333; 189,63354
93,503777; 188,99392
93,904222; 187,07506
94,304666; 185,1562
94,705111; 183,23734
95,105555; 178,76
95,505999; 178,76
95,906444; 176,20152
96,306888; 174,92228
96,707333; 173,00342
97,107777; 170,44494
97,508222; 168,52608
97,908666; 164,68836
98,309111; 166,60722
98,709555; 164,04874
99,109999; 162,12988
99,510444; 157,65254
99,910888; 154,45444
100,31133; 154,45444
100,71178; 154,45444
101,11222; 152,53558
101,51267; 146,779
101,91311; 147,41862
102,31356; 144,86014
102,714; 144,22052
103,11444; 142,94128
103,51489; 137,82432
103,91533; 137,1847
104,31578; 135,90546
104,71622; 134,62622
105,11667; 132,70736
105,51711; 130,7885
105,91756; 127,5904
106,318; 126,95078
106,71844; 123,75268
107,11889; 123,11306
107,51933; 121,1942
107,91978; 118,63573
108,32022; 116,07725
108,72067; 113,51877
109,12111; 114,15839
109,52156; 112,87915
109,922; 109,04143
110,32244; 107,12257
110,72289; 104,56409
111,12333; 103,28485
111,52378; 105,20371
111,92422; 100,72637
112,32467; 96,888647
112,72511; 95,609407
113,12556; 93,050927
113,526; 94,330167
113,92644; 90,492447
114,32689; 86,654728
114,72733; 86,015108
115,12778; 84,096248
115,52822; 83,456628
115,92867; 80,258528
116,32911; 78,339668
116,72956; 77,060429
117,13; 75,141569
117,53044; 72,583089
117,93089; 71,943469
118,33133; 69,384989
118,73178; 66,826509
119,13222; 64,90765
119,53267; 62,34917
119,93311; 62,34917
120,33356; 60,43031
120,734; 59,15107
121,13444; 55,95297
121,53489; 54,03411
121,93533; 52,115251
122,33578; 52,115251
122,73622; 50,836011
123,13667; 46,358671
123,53711; 46,358671
123,93756; 44,439811
124,338; 43,800191
124,73844; 41,241711
125,13889; 39,322852
125,53933; 36,764372
125,93978; 34,845512
126,34022; 33,566272
126,74067; 31,007792
127,14111; 30,368172
127,54156; 28,449313
127,942; 26,530453
128,34244; 25,251213
128,74289; 23,332353
129,14333; 23,332353
129,54378; 20,773873
129,94422; 20,134253
130,34467; 15,656914
130,74511; 16,296534
131,14556; 15,017294
131,546; 13,098434
131,94644; 11,819194
132,34689; 8,6210942
132,74733; 7,9814743
133,14778; 7,3418543
133,54822; 6,0626144
133,94867; 2,8645147
134,34911; 2,2248948
134,74956; 0,30603492
135,15; 0,94565487
135,55044; 0,30603492
135,95089; -2,8920648
136,35133; -2,2524449
136,75178; -3,5316848
137,15222; -1,6128249
137,55267; 9,2607142
137,95311; 21,413493
138,35356; 21,413493
138,754; 22,053113
139,15444; 22,692733
139,55489; 22,053113
139,95533; 22,053113
140,35578; 22,053113
140,75622; 22,692733
141,15667; 22,692733
141,55711; 23,332353
141,95756; 22,692733
142,358; 23,332353
142,75844; 23,971973
143,15889; 23,971973
143,55933; 22,692733
143,95978; 23,971973
144,36022; 23,971973
144,76067; 23,332353
145,16111; 23,971973
145,56156; 23,971973
145,962; 23,971973
146,36244; 24,611593
146,76289; 23,332353
147,16333; 25,251213
147,56378; 25,251213
147,96422; 25,251213
148,36467; 24,611593
148,76511; 25,890833
149,16556; 25,251213
149,566; 24,611593
149,96644; 25,890833
150,36689; 24,611593
150,76733; 25,251213
151,16778; 25,251213
151,56822; 26,530453
151,96867; 25,890833
152,36911; 25,890833
152,76956; 25,890833
153,17; 25,890833
153,57044; 26,530453
153,97089; 27,170073
154,37133; 26,530453
154,77178; 27,170073
155,17222; 27,809693
155,57267; 27,170073
155,97311; 27,809693
156,37356; 27,170073
156,774; 27,170073
157,17444; 27,809693
157,57489; 27,170073
157,97533; 27,809693
158,37578; 28,449313
158,77622; 28,449313
159,17667; 27,809693
159,57711; 28,449313
159,97756; 27,809693
160,378; 28,449313
160,77844; 28,449313
161,17889; 28,449313
161,57933; 29,088933
161,97978; 29,088933
162,38022; 29,088933
162,78067; 29,088933
163,18111; 30,368172
163,58156; 29,728552
163,982; 29,728552
164,38244; 29,728552
164,78289; 30,368172
165,18333; 29,088933
165,58378; 29,728552
165,98422; 29,728552
166,38467; 30,368172
166,78511; 31,007792
167,18556; 30,368172
167,586; 30,368172
167,98644; 31,007792
168,38689; 30,368172
168,78733; 31,007792
169,18778; 30,368172
169,58822; 31,647412
169,98867; 31,007792
170,38911; 31,007792
170,78956; 31,007792
171,19; 31,007792
171,59044; 31,647412
171,99089; 31,647412
172,39133; 31,647412
172,79178; 32,926652
173,19222; 32,926652
173,59267; 32,287032
173,99311; 32,287032
174,39356; 32,287032
174,794; 32,287032
175,19444; 32,926652
175,59489; 32,287032
175,99533; 31,647412
176,39578; 32,926652
176,79622; 33,566272
177,19667; 32,287032
177,59711; 32,926652
177,99756; 33,566272
178,398; 33,566272
178,79844; 33,566272
179,19889; 33,566272
179,59933; 32,287032
179,99978; 34,205892
180,40022; 34,205892
180,80067; 33,566272
181,20111; 33,566272
181,60156; 33,566272
182,002; 34,205892
182,40244; 34,845512
182,80289; 34,845512
183,20333; 33,566272
183,60378; 34,205892
184,00422; 34,845512
184,40467; 34,845512
184,80511; 35,485132
185,20556; 35,485132
185,606; 34,845512
186,00644; 36,124752
186,40689; 34,205892
186,80733; 35,485132
187,20778; 34,845512
187,60822; 34,845512
188,00867; 34,845512
188,40911; 35,485132
188,80956; 36,124752
189,21; 36,124752
189,61044; 35,485132
190,01089; 35,485132
190,41133; 35,485132
190,81178; 36,124752
191,21222; 36,124752
191,61267; 36,124752
192,01311; 36,124752
192,41356; 35,485132
192,814; 36,764372
193,21444; 36,764372
193,61489; 36,764372
194,01533; 37,403992
194,41578; 36,764372
194,81622; 36,764372
195,21667; 36,124752
195,61711; 36,764372
196,01756; 36,764372
196,418; 37,403992
196,81844; 36,764372
197,21889; 36,764372
197,61933; 36,764372
198,01978; 36,764372
198,42022; 37,403992
198,82067; 36,764372
199,22111; 37,403992
199,62156; 37,403992
200,022; 36,764372


Name=DFL (2)
X=Height, nm
Y=DFL, nN
-200,022; 1969,0562
-199,62156; 1970,9751
-199,22111; 1967,777
-198,82067; 1963,9393
-198,42023; 1962,0204
-198,01978; 1960,7412
-197,61934; 1962,66
-197,21889; 1961,3808
-196,81845; 1956,2638
-196,418; 1954,9846
-196,01756; 1951,1469
-195,61711; 1951,7865
-195,21667; 1952,4261
-194,81623; 1947,9488
-194,41578; 1946,0299
-194,01534; 1942,8318
-193,61489; 1942,8318
-193,21445; 1944,1111
-192,814; 1940,2733
-192,41356; 1938,3545
-192,01311; 1934,5168
-191,61267; 1932,5979
-191,21223; 1933,8771
-190,81178; 1933,2375
-190,41134; 1929,3998
-190,01089; 1926,8413
-189,61045; 1923,6432
-189,21; 1924,2828
-188,80956; 1922,364
-188,40911; 1921,0847
-188,00867; 1919,1659
-187,60823; 1915,3282
-187,20778; 1914,0489
-186,80734; 1915,3282
-186,40689; 1912,7697
-186,00645; 1910,8508
-185,606; 1905,7339
-185,20556; 1903,815
-184,80511; 1905,7339
-184,40467; 1903,1754
-184,00423; 1901,2565
-183,60378; 1898,698
-183,20334; 1894,2207
-182,80289; 1895,4999
-182,40245; 1895,4999
-182,002; 1892,9415
-181,60156; 1891,0226
-181,20111; 1886,5453
-180,80067; 1883,9868
-180,40023; 1885,266
-179,99978; 1883,3472
-179,59934; 1882,0679
-179,19889; 1877,5906
-178,79845; 1874,3925
-178,398; 1876,3113
-177,99756; 1873,7529
-177,59711; 1873,1132
-177,19667; 1869,9151
-176,79623; 1866,0774
-176,39578; 1865,4378
-175,99534; 1866,0774
-175,59489; 1862,2397
-175,19445; 1860,9605
-174,794; 1856,4831
-174,39356; 1853,9246
-173,99311; 1855,8435
-173,59267; 1852,6454
-173,19223; 1852,0058
-172,79178; 1848,8077
-172,39134; 1843,0511
-171,99089; 1844,3303
-171,59045; 1844,3303
-171,19; 1842,4115
-170,78956; 1841,7719
-170,38911; 1834,736
-169,98867; 1833,4568
-169,58823; 1834,736
-169,18778; 1833,4568
-168,78734; 1828,9795
-168,38689; 1825,1417
-167,98645; 1824,5021
-167,586; 1822,5833
-167,18556; 1823,2229
-166,78511; 1822,5833
-166,38467; 1818,7455
-165,98423; 1814,2682
-165,58378; 1813,6286
-165,18334; 1812,3493
-164,78289; 1812,3493
-164,38245; 1808,5116
-163,982; 1804,6739
-163,58156; 1803,3947
-163,18111; 1802,1154
-162,78067; 1802,755
-162,38023; 1799,5569
-161,97978; 1795,0796
-161,57934; 1791,8815
-161,17889; 1789,9626
-160,77845; 1791,2419
-160,378; 1789,323
-159,97756; 1786,1249
-159,57711; 1783,5664
-159,17667; 1780,3683
-158,77623; 1782,2872
-158,37578; 1781,008
-157,97534; 1778,4495
-157,57489; 1774,6118
-157,17445; 1770,1344
-156,774; 1771,4137
-156,37356; 1769,4948
-155,97311; 1766,9363
-155,57267; 1763,7382
-155,17222; 1759,2609
-154,77178; 1759,2609
-154,37134; 1758,6213
-153,97089; 1757,342
-153,57045; 1755,4232
-153,17; 1749,027
-152,76956; 1747,7477
-152,36911; 1748,3873
-151,96867; 1746,4685
-151,56822; 1745,8289
-151,16778; 1741,3515
-150,76734; 1738,1534
-150,36689; 1738,793
-149,96645; 1736,8742
-149,566; 1735,5949
-149,16556; 1730,478
-148,76511; 1724,7214
-148,36467; 1722,8026
-147,96422; 1722,8026
-147,56378; 1722,1629
-147,16334; 1721,5233
-146,76289; 1715,7667
-146,36245; 1713,8479
-145,962; 1713,2083
-145,56156; 1711,2894
-145,16111; 1709,3705
-144,76067; 1705,5328
-144,36022; 1702,3347
-143,95978; 1702,3347
-143,55934; 1701,0555
-143,15889; 1699,7762
-142,75845; 1696,5781
-142,358; 1692,1008
-141,95756; 1690,8216
-141,55711; 1689,5423
-141,15667; 1687,6235
-140,75622; 1688,2631
-140,35578; 1680,5876
-139,95534; 1678,6688
-139,55489; 1678,6688
-139,15445; 1677,3895
-138,754; 1675,4707
-138,35356; 1670,9933
-137,95311; 1666,516
-137,55267; 1664,5971
-137,15222; 1664,5971
-136,75178; 1663,9575
-136,35134; 1659,4802
-135,95089; 1655,0028
-135,55045; 1653,084
-135,15; 1653,084
-134,74956; 1651,8047
-134,34911; 1649,8859
-133,94867; 1644,1293
-133,54822; 1642,8501
-133,14778; 1640,9312
-132,74734; 1640,9312
-132,34689; 1637,7331
-131,94645; 1635,8142
-131,546; 1631,3369
-131,14556; 1628,7784
-130,74511; 1630,0577
-130,34467; 1626,2199
-129,94422; 1624,3011
-129,54378; 1620,4634
-129,14334; 1615,986
-128,74289; 1615,986
-128,34245; 1613,4275
-127,942; 1613,4275
-127,54156; 1608,9502
-127,14111; 1604,4729
-126,74067; 1604,4729
-126,34022; 1602,554
-125,93978; 1601,2748
-125,53934; 1598,7163
-125,13889; 1592,3201
-124,73845; 1591,6805
-124,338; 1590,4012
-123,93756; 1588,4824
-123,53711; 1587,8427
-123,13667; 1582,0862
-122,73622; 1580,1673
-122,33578; 1578,8881
-121,93534; 1575,69
-121,53489; 1574,4107
-121,13445; 1572,4919
-120,734; 1568,0145
-120,33356; 1566,7353
-119,93311; 1565,456
-119,53267; 1562,2579
-119,13222; 1561,6183
-118,73178; 1555,8617
-118,33134; 1552,024
-117,93089; 1550,1052
-117,53045; 1550,1052
-117,13; 1548,8259
-116,72956; 1545,6278
-116,32911; 1541,7901
-115,92867; 1539,2316
-115,52822; 1537,9524
-115,12778; 1538,592
-114,72734; 1534,1147
-114,32689; 1529,6373
-113,92645; 1528,9977
-113,526; 1524,5204
-113,12556; 1525,7996
-112,72511; 1523,2411
-112,32467; 1517,4845
-111,92422; 1516,8449
-111,52378; 1511,0883
-111,12334; 1512,3676
-110,72289; 1513,0072
-110,32245; 1505,9714
-109,922; 1504,6921
-109,52156; 1500,8544
-109,12111; 1499,5752
-108,72067; 1499,5752
-108,32022; 1494,4582
-107,91978; 1493,179
-107,51934; 1488,7017
-107,11889; 1485,5036
-106,71845; 1486,7828
-106,318; 1484,2243
-105,91756; 1481,6658
-105,51711; 1477,1885
-105,11667; 1472,0715
-104,71622; 1473,9904
-104,31578; 1471,4319
-103,91534; 1470,1527
-103,51489; 1466,9546
-103,11445; 1461,8376
-102,714; 1462,4772
-102,31356; 1459,2791
-101,91311; 1457,9999
-101,51267; 1454,8018
-101,11222; 1449,0452
-100,71178; 1447,766
-100,31134; 1447,1264
-99,910891; 1445,8471
-99,510447; 1444,5679
-99,110002; 1438,8113
-98,709558; 1436,2528
-98,309113; 1435,6132
-97,908669; 1432,4151
-97,508224; 1433,0547
-97,10778; 1430,4962
-96,707336; 1425,3793
-96,306891; 1422,1812
-95,906447; 1421,5416
-95,506002; 1420,2623
-95,105558; 1417,0642
-94,705113; 1413,8661
-94,304669; 1409,3888
-93,904224; 1408,7492
-93,50378; 1408,7492
-93,103336; 1404,9114
-92,702891; 1402,353
-92,302447; 1397,236
-91,902002; 1396,5964
-91,501558; 1395,9568
-91,101113; 1393,3983
-90,700669; 1390,2002
-90,300224; 1385,7228
-89,89978; 1383,1644
-89,499336; 1383,1644
-89,098891; 1380,6059
-88,698447; 1380,6059
-88,298002; 1375,4889
-87,897558; 1371,6512
-87,497113; 1371,0116
-87,096669; 1367,8135
-86,696224; 1367,8135
-86,29578; 1363,9758
-85,895335; 1357,5796
-85,494891; 1357,5796
-85,094447; 1356,3003
-84,694002; 1354,3815
-84,293558; 1353,1022
-83,893113; 1347,3456
-83,492669; 1342,8683
-83,092224; 1342,8683
-82,69178; 1340,9494
-82,291335; 1339,6702
-81,890891; 1336,4721
-81,490447; 1331,3551
-81,090002; 1330,0759
-80,689558; 1329,4363
-80,289113; 1328,157
-79,888669; 1324,3193
-79,488224; 1319,2024
-79,08778; 1317,9231
-78,687335; 1315,3646
-78,286891; 1314,725
-77,886447; 1314,0854
-77,486002; 1308,3288
-77,085558; 1305,7703
-76,685113; 1301,9326
-76,284669; 1301,9326
-75,884224; 1301,293
-75,48378; 1296,176
-75,083335; 1293,6176
-74,682891; 1290,4195
-74,282447; 1288,5006
-73,882002; 1288,5006
-73,481558; 1284,0233
-73,081113; 1281,4648
-72,680669; 1277,6271
-72,280224; 1275,7082
-71,87978; 1277,6271
-71,479335; 1273,7893
-71,078891; 1268,6724
-70,678446; 1266,7535
-70,278002; 1261,6366
-69,877558; 1262,9158
-69,477113; 1261,6366
-69,076669; 1256,5196
-68,676224; 1253,3215
-68,27578; 1249,4838
-67,875335; 1247,5649
-67,474891; 1248,8442
-67,074446; 1246,9253
-66,674002; 1241,8084
-66,273558; 1237,331
-65,873113; 1234,7725
-65,472669; 1235,4122
-65,072224; 1234,1329
-64,67178; 1229,016
-64,271335; 1225,8179
-63,870891; 1222,6198
-63,470446; 1221,3405
-63,070002; 1221,3405
-62,669558; 1217,5028
-62,269113; 1212,3858
-61,868669; 1210,467
-61,468224; 1207,2689
-61,06778; 1209,1877
-60,667335; 1205,9896
-60,266891; 1200,8727
-59,866446; 1198,9538
-59,466002; 1195,7557
-59,065557; 1195,7557
-58,665113; 1195,1161
-58,264669; 1188,7199
-57,864224; 1186,1614
-57,46378; 1183,6029
-57,063335; 1179,1256
-56,662891; 1182,3237
-56,262446; 1177,8464
-55,862002; 1172,0898
-55,461557; 1170,1709
-55,061113; 1166,9728
-54,660669; 1166,9728
-54,260224; 1166,3332
-53,85978; 1159,937
-53,459335; 1158,0181
-53,058891; 1153,5408
-52,658446; 1155,4597
-52,258002; 1153,5408
-51,857557; 1147,1446
-51,457113; 1146,505
-51,056669; 1141,388
-50,656224; 1139,4692
-50,25578; 1141,388
-49,855335; 1136,2711
-49,454891; 1133,073
-49,054446; 1130,5145
-48,654002; 1125,3975
-48,253557; 1127,956
-47,853113; 1123,4787
-47,452668; 1120,2806
-47,052224; 1117,7221
-46,65178; 1111,9655
-46,251335; 1112,6051
-45,850891; 1111,9655
-45,450446; 1108,1278
-45,050002; 1104,9297
-44,649557; 1101,092
-44,249113; 1098,5335
-43,848668; 1098,5335
-43,448224; 1095,3354
-43,04778; 1092,1373
-42,647335; 1087,0203
-42,246891; 1083,1826
-41,846446; 1085,7411
-41,446002; 1081,9034
-41,045557; 1081,2637
-40,645113; 1075,5072
-40,244668; 1069,7506
-39,844224; 1071,6694
-39,44378; 1069,7506
-39,043335; 1065,9129
-38,642891; 1063,994
-38,242446; 1057,5978
-37,842002; 1056,3186
-37,441557; 1055,6789
-37,041113; 1053,7601
-36,640668; 1050,562
-36,240224; 1045,445
-35,839779; 1042,8865
-35,439335; 1041,6073
-35,038891; 1040,3281
-34,638446; 1037,7696
-34,238002; 1033,2922
-33,837557; 1028,8149
-33,437113; 1027,5357
-33,036668; 1026,2564
-32,636224; 1024,9772
-32,235779; 1019,8602
-31,835335; 1014,7433
-31,434891; 1014,7433
-31,034446; 1012,8244
-30,634002; 1012,1848
-30,233557; 1008,3471
-29,833113; 1003,2301
-29,432668; 1000,032
-29,032224; 999,39239
-28,631779; 997,47353
-28,231335; 994,91505
-27,830891; 990,43771
-27,430446; 986,59999
-27,030002; 985,32075
-26,629557; 983,40189
-26,229113; 982,76227
-25,828668; 978,28493
-25,428224; 973,80759
-25,027779; 971,88873
-24,627335; 971,24911
-24,226891; 968,69063
-23,826446; 966,13215
-23,426002; 961,65481
-23,025557; 957,81709
-22,625113; 956,53785
-22,224668; 955,25862
-21,824224; 953,33976
-21,423779; 950,14166
-21,023335; 945,66432
-20,62289; 943,10584
-20,222446; 942,46622
-19,822002; 940,54736
-19,421557; 936,70964
-19,021113; 931,59268
-18,620668; 929,0342
-18,220224; 929,67382
-17,819779; 927,75496
-17,419335; 924,55686
-17,01889; 919,4399
-16,618446; 916,2418
-16,218002; 914,32294
-15,817557; 913,0437
-15,417113; 911,12484
-15,016668; 907,28712
-14,616224; 902,80978
-14,215779; 900,89092
-13,815335; 898,97206
-13,41489; 897,69282
-13,014446; 895,13434
-12,614002; 890,01738
-12,213557; 886,81928
-11,813113; 886,17966
-11,412668; 884,2608
-11,012224; 882,34194
-10,611779; 877,8646
-10,211335; 874,02688
-9,8108904; 872,10802
-9,4104459; 871,4684
-9,0100015; 869,54954
-8,609557; 865,0722
-8,2091126; 861,8741
-7,8086681; 857,39676
-7,4082237; 856,11752
-7,0077792; 856,75714
-6,6073348; 852,2798
-6,2068903; 849,0817
-5,8064459; 845,24398
-5,4060014; 842,6855
-5,005557; 843,32512
-4,6051126; 841,40626
-4,2046681; 835,64969
-3,8042237; 833,73083
-3,4037792; 830,53273
-3,0033348; 828,61387
-2,6028903; 827,97425
-2,2024459; 822,85729
-1,8020014; 820,29881
-1,401557; 817,74033
-1,0011125; 815,18185
-0,60066807; 815,18185
-0,20022362; 811,34413
0,20022082; 807,50641
0,60066527; 804,30831
1,0011097; 801,11021
1,4015542; 802,38945
1,8019986; 799,83097
2,2024431; 795,99325
2,6028875; 792,79515
3,003332; 788,95743
3,4037764; 788,31781
3,8042209; 787,03857
4,2046653; 783,20085
4,6051098; 780,00275
5,0055542; 775,52541
5,4059986; 774,88579
5,8064431; 774,24617
6,2068875; 771,04807
6,607332; 769,12921
7,0077764; 764,01225
7,4082209; 760,81415
7,8086653; 761,45377
8,2091098; 758,89529
8,6095542; 756,33681
9,0099987; 751,85947
9,4104431; 748,66137
9,8108876; 748,02175
10,211332; 745,46327
10,611776; 743,54441
11,012221; 738,42745
11,412665; 735,86897
11,81311; 733,95011
12,213554; 733,31049
12,613999; 733,31049
13,014443; 726,91429
13,414888; 723,07657
13,815332; 721,79733
14,215777; 718,59923
14,616221; 719,87847
15,016665; 716,04076
15,41711; 710,9238
15,817554; 709,64456
16,217999; 707,08608
16,618443; 705,16722
17,018888; 703,24836
17,419332; 698,1314
17,819777; 694,29368
18,220221; 693,65406
18,620665; 690,45596
19,02111; 691,09558
19,421554; 687,25786
19,821999; 683,42014
20,222443; 678,30318
20,622888; 678,9428
21,023332; 677,02394
21,423777; 674,46546
21,824221; 671,90698
22,224665; 667,42964
22,62511; 666,1504
23,025554; 666,1504
23,425999; 662,31268
23,826443; 657,19572
24,226888; 655,91648
24,627332; 650,79952
25,027777; 653,358
25,428221; 650,1599
25,828665; 645,68256
26,22911; 643,7637
26,629554; 638,64674
27,029999; 638,64674
27,430443; 638,64674
27,830888; 634,1694
28,231332; 630,9713
28,631777; 627,7732
29,032221; 625,85434
29,432666; 624,5751
29,83311; 622,65624
30,233554; 618,81852
30,633999; 614,34118
31,034443; 612,42232
31,434888; 610,50346
31,835332; 609,22422
32,235777; 607,30536
32,636221; 600,90916
33,036666; 598,35068
33,43711; 597,07144
33,837554; 595,15259
34,237999; 595,15259
34,638443; 588,75639
35,038888; 586,83753
35,439332; 585,55829
35,839777; 584,27905
36,240221; 582,99981
36,640666; 579,16209
37,04111; 574,04513
37,441554; 570,84703
37,841999; 569,56779
38,242443; 570,20741
38,642888; 567,64893
39,043332; 563,17159
39,443777; 559,97349
39,844221; 556,13577
40,244666; 558,05463
40,64511; 554,21691
41,045555; 550,37919
41,445999; 548,46033
41,846443; 543,98299
42,246888; 543,98299
42,647332; 542,70375
43,047777; 537,58679
43,448221; 535,66793
43,848666; 531,19059
44,24911; 528,63211
44,649555; 529,91135
45,049999; 526,07363
45,450443; 523,51515
45,850888; 519,67743
46,251332; 515,83971
46,651777; 517,11895
47,052221; 515,20009
47,452666; 510,08313
47,85311; 508,80389
48,253555; 504,96617
48,653999; 505,60579
49,054443; 503,68693
49,454888; 499,84921
49,855332; 496,65111
50,255777; 491,53415
50,656221; 491,53415
51,056666; 490,25491
51,45711; 488,97567
51,857555; 485,77757
52,257999; 480,02099
52,658444; 479,38137
53,058888; 478,74175
53,459332; 476,18328
53,859777; 474,90404
54,260221; 469,14746
54,660666; 465,94936
55,06111; 466,58898
55,461555; 464,0305
55,861999; 462,11164
56,262444; 458,91354
56,662888; 455,07582
57,063332; 452,51734
57,463777; 451,87772
57,864221; 450,59848
58,264666; 447,40038
58,66511; 443,56266
59,065555; 440,36456
59,465999; 438,4457
59,866444; 439,08532
60,266888; 434,60798
60,667332; 431,40988
61,067777; 429,49102
61,468221; 426,29292
61,868666; 425,6533
62,26911; 425,01368
62,669555; 421,17596
63,069999; 417,97786
63,470444; 413,50052
63,870888; 414,14014
64,271333; 412,22128
64,671777; 407,74394
65,072221; 407,10432
65,472666; 402,62698
65,87311; 400,0685
66,273555; 400,70812
66,673999; 396,8704
67,074444; 394,31192
67,474888; 392,39306
67,875333; 387,2761
68,275777; 388,55534
68,676221; 387,91572
69,076666; 382,15914
69,47711; 380,8799
69,877555; 376,40256
70,277999; 375,12332
70,678444; 375,12332
71,078888; 371,2856
71,479333; 369,36674
71,879777; 364,8894
72,280221; 362,97054
72,680666; 362,33092
73,08111; 359,13282
73,481555; 358,4932
73,881999; 354,01587
74,282444; 350,81777
74,682888; 352,73663
75,083333; 348,89891
75,483777; 346,98005
75,884221; 344,42157
76,284666; 338,66499
76,68511; 338,66499
77,085555; 336,74613
77,485999; 334,82727
77,886444; 333,54803
78,286888; 326,51221
78,687333; 327,15183
79,087777; 325,87259
79,488222; 324,59335
79,888666; 322,67449
80,28911; 316,27829
80,689555; 315,63867
81,089999; 313,71981
81,490444; 311,80095
81,890888; 311,80095
82,291333; 306,04437
82,691777; 304,12551
83,092222; 302,20665
83,492666; 299,64817
83,89311; 298,36893
84,293555; 295,17083
84,693999; 293,25197
85,094444; 290,69349
85,494888; 288,77463
85,895333; 287,49539
86,295777; 285,57653
86,696222; 280,45957
87,096666; 280,45957
87,49711; 277,26147
87,897555; 277,26147
88,297999; 275,34261
88,698444; 271,50489
89,098888; 269,58603
89,499333; 265,10869
89,899777; 263,82945
90,300222; 262,55021
90,700666; 260,63135
91,101111; 256,15401
91,501555; 256,15401
91,901999; 254,87477
92,302444; 252,31629
92,702888; 249,11819
93,103333; 246,55971
93,503777; 242,72199
93,904222; 242,08237
94,304666; 241,44275
94,705111; 238,88427
95,105555; 237,60504
95,505999; 233,1277
95,906444; 231,20884
96,306888; 229,28998
96,707333; 227,37112
97,107777; 226,09188
97,508222; 223,5334
97,908666; 220,3353
98,309111; 219,05606
98,709555; 216,49758
99,109999; 216,49758
99,510444; 211,38062
99,910888; 207,5429
100,31133; 206,26366
100,71178; 206,90328
101,11222; 204,3448
101,51267; 201,78632
101,91311; 199,22784
102,31356; 197,30898
102,714; 194,11088
103,11444; 192,83164
103,51489; 190,27316
103,91533; 186,43544
104,31578; 185,79582
104,71622; 183,23734
105,11667; 181,9581
105,51711; 180,67886
105,91756; 178,76
106,318; 175,5619
106,71844; 171,72418
107,11889; 170,44494
107,51933; 169,1657
107,91978; 169,1657
108,32022; 164,68836
108,72067; 162,12988
109,12111; 160,21102
109,52156; 158,93178
109,922; 157,65254
110,32244; 155,73368
110,72289; 152,53558
111,12333; 149,9771
111,52378; 148,05824
111,92422; 148,05824
112,32467; 144,22052
112,72511; 141,66204
113,12556; 139,10356
113,526; 137,1847
113,92644; 136,54508
114,32689; 134,62622
114,72733; 132,06774
115,12778; 130,14888
115,52822; 126,95078
115,92867; 125,67154
116,32911; 124,3923
116,72956; 121,83382
117,13; 119,27534
117,53044; 116,07725
117,93089; 114,79801
118,33133; 114,15839
118,73178; 110,96029
119,13222; 109,68105
119,53267; 105,84333
119,93311; 103,28485
120,33356; 102,64523
120,734; 100,72637
121,13444; 100,08675
121,53489; 96,249027
121,93533; 94,330167
122,33578; 91,132067
122,73622; 90,492447
123,13667; 89,213207
123,53711; 86,654728
123,93756; 84,096248
124,338; 82,177388
124,73844; 78,979288
125,13889; 78,979288
125,53933; 75,781189
125,93978; 73,862329
126,34022; 71,943469
126,74067; 67,466129
127,14111; 69,384989
127,54156; 66,826509
127,942; 64,26803
128,34244; 61,06993
128,74289; 57,87183
129,14333; 56,59259
129,54378; 56,59259
129,94422; 53,39449
130,34467; 51,475631
130,74511; 47,637911
131,14556; 46,358671
131,546; 45,079431
131,94644; 43,160571
132,34689; 40,602092
132,74733; 38,683232
133,14778; 36,124752
133,54822; 35,485132
133,94867; 31,647412
134,34911; 31,007792
134,74956; 29,088933
135,15; 25,251213
135,55044; 24,611593
135,95089; 22,692733
136,35133; 21,413493
136,75178; 18,855013
137,15222; 15,017294
137,55267; 14,377674
137,95311; 13,738054
138,35356; 12,458814
138,754; 9,9003341
139,15444; 6,0626144
139,55489; 4,7833745
139,95533; 2,2248948
140,35578; 1,5852748
140,75622; 2,2248948
141,15667; -1,6128249
141,55711; -2,2524449
141,95756; -5,4505446
142,358; -7,3694044
142,75844; -6,7297845
143,15889; -10,567504
143,55933; -12,486364
143,95978; -13,125984
144,36022; -16,324084
144,76067; -15,044844
145,16111; -16,324084
145,56156; -17,603324
145,962; -16,963704
146,36244; -4,8109246
146,76289; -3,5316848
147,16333; -3,5316848
147,56378; -1,6128249
147,96422; 0,30603492
148,36467; 2,2248948
148,76511; 3,5041347
149,16556; 3,5041347
149,566; 4,7833745
149,96644; 6,7022344
150,36689; 6,7022344
150,76733; 7,9814743
151,16778; 7,9814743
151,56822; 9,2607142
151,96867; 11,179574
152,36911; 11,819194
152,76956; 13,098434
153,17; 14,377674
153,57044; 15,017294
153,97089; 15,656914
154,37133; 16,296534
154,77178; 16,936154
155,17222; 18,855013
155,57267; 18,855013
155,97311; 19,494633
156,37356; 20,134253
156,774; 20,134253
157,17444; 20,773873
157,57489; 20,773873
157,97533; 20,773873
158,37578; 21,413493
158,77622; 22,692733
159,17667; 23,332353
159,57711; 23,332353
159,97756; 23,332353
160,378; 23,332353
160,77844; 25,251213
161,17889; 25,890833
161,57933; 25,251213
161,97978; 25,251213
162,38022; 25,890833
162,78067; 27,170073
163,18111; 27,170073
163,58156; 27,170073
163,982; 27,809693
164,38244; 27,809693
164,78289; 28,449313
165,18333; 28,449313
165,58378; 28,449313
165,98422; 28,449313
166,38467; 28,449313
166,78511; 29,088933
167,18556; 28,449313
167,586; 30,368172
167,98644; 29,728552
168,38689; 29,728552
168,78733; 28,449313
169,18778; 29,728552
169,58822; 29,088933
169,98867; 30,368172
170,38911; 29,728552
170,78956; 29,728552
171,19; 29,728552
171,59044; 30,368172
171,99089; 30,368172
172,39133; 30,368172
172,79178; 31,647412
173,19222; 31,007792
173,59267; 30,368172
173,99311; 30,368172
174,39356; 31,647412
174,794; 31,647412
175,19444; 32,287032
175,59489; 31,647412
175,99533; 31,647412
176,39578; 31,007792
176,79622; 32,287032
177,19667; 32,287032
177,59711; 32,926652
177,99756; 32,926652
178,398; 32,287032
178,79844; 32,926652
179,19889; 32,926652
179,59933; 32,287032
179,99978; 32,926652
180,40022; 32,926652
180,80067; 32,926652
181,20111; 32,926652
181,60156; 34,205892
182,002; 33,566272
182,40244; 33,566272
182,80289; 34,205892
183,20333; 32,926652
183,60378; 34,205892
184,00422; 34,205892
184,40467; 33,566272
184,80511; 34,205892
185,20556; 34,205892
185,606; 34,845512
186,00644; 34,845512
186,40689; 35,485132
186,80733; 34,845512
187,20778; 34,845512
187,60822; 34,845512
188,00867; 34,845512
188,40911; 34,205892
188,80956; 35,485132
189,21; 36,124752
189,61044; 36,764372
190,01089; 35,485132
190,41133; 34,845512
190,81178; 35,485132
191,21222; 36,124752
191,61267; 36,124752
192,01311; 35,485132
192,41356; 36,764372
192,814; 36,124752
193,21444; 36,124752
193,61489; 36,764372
194,01533; 36,124752
194,41578; 36,764372
194,81622; 36,764372
195,21667; 36,764372
195,61711; 36,124752
196,01756; 36,764372
196,418; 38,043612
196,81844; 37,403992
197,21889; 36,764372
197,61933; 37,403992
198,01978; 38,043612
198,42022; 37,403992
198,82067; 38,043612
199,22111; 37,403992
199,62156; 36,764372
200,022; 38,043612
