Name=DFL (1)
X=Height, nm
Y=DFL, nN
-200,022; 2267,7587
-199,62156; 2264,5606
-199,22111; 2263,921
-198,82067; 2261,3625
-198,42023; 2256,2456
-198,01978; 2251,7682
-197,61934; 2248,5701
-197,21889; 2249,2098
-196,81845; 2247,2909
-196,418; 2242,1739
-196,01756; 2237,6966
-195,61711; 2233,8589
-195,21667; 2232,5796
-194,81623; 2232,5796
-194,41578; 2228,7419
-194,01534; 2223,625
-193,61489; 2221,7061
-193,21445; 2219,7872
-192,814; 2219,1476
-192,41356; 2214,0307
-192,01311; 2210,8326
-191,61267; 2205,7156
-191,21223; 2205,076
-190,81178; 2204,4364
-190,41134; 2198,6798
-190,01089; 2199,3194
-189,61045; 2192,9232
-189,21; 2189,7251
-188,80956; 2189,0855
-188,40911; 2185,2478
-188,00867; 2183,3289
-187,60823; 2178,8516
-187,20778; 2174,3742
-186,80734; 2172,4554
-186,40689; 2171,8158
-186,00645; 2170,5365
-185,606; 2167,3384
-185,20556; 2158,3837
-184,80511; 2158,3837
-184,40467; 2157,1045
-184,00423; 2155,8253
-183,60378; 2153,2668
-183,20334; 2145,5913
-182,80289; 2144,3121
-182,40245; 2142,3932
-182,002; 2139,8348
-181,60156; 2137,2763
-181,20111; 2132,1593
-180,80067; 2128,9612
-180,40023; 2128,3216
-179,99978; 2125,7631
-179,59934; 2122,565
-179,19889; 2119,3669
-178,79845; 2114,25
-178,398; 2113,6103
-177,99756; 2109,7726
-177,59711; 2107,8538
-177,19667; 2106,5745
-176,79623; 2101,4576
-176,39578; 2097,6198
-175,99534; 2094,4217
-175,59489; 2094,4217
-175,19445; 2092,5029
-174,794; 2087,3859
-174,39356; 2082,9086
-173,99311; 2079,7105
-173,59267; 2078,4312
-173,19223; 2077,7916
-172,79178; 2073,9539
-172,39134; 2067,5577
-171,99089; 2066,2785
-171,59045; 2062,4407
-171,19; 2062,4407
-170,78956; 2059,8823
-170,38911; 2054,7653
-169,98867; 2051,5672
-169,58823; 2050,288
-169,18778; 2049,0087
-168,78734; 2045,171
-168,38689; 2042,6125
-167,98645; 2036,2163
-167,586; 2034,2975
-167,18556; 2033,0182
-166,78511; 2031,0994
-166,38467; 2029,1805
-165,98423; 2024,7032
-165,58378; 2020,8654
-165,18334; 2016,3881
-164,78289; 2017,0277
-164,38245; 2015,1089
-163,982; 2011,9108
-163,58156; 2006,7938
-163,18111; 2003,5957
-162,78067; 2002,9561
-162,38023; 2002,3165
-161,97978; 1998,4787
-161,57934; 1990,8033
-161,17889; 1988,8844
-160,77845; 1986,9656
-160,378; 1986,9656
-159,97756; 1983,1279
-159,57711; 1978,0109
-159,17667; 1974,1732
-158,77623; 1973,5336
-158,37578; 1970,9751
-157,97534; 1967,777
-157,57489; 1965,8581
-157,17445; 1959,4619
-156,774; 1958,1827
-156,37356; 1954,9846
-155,97311; 1954,345
-155,57267; 1951,1469
-155,17222; 1947,9488
-154,77178; 1944,1111
-154,37134; 1939,6337
-153,97089; 1939,6337
-153,57045; 1937,7149
-153,17; 1933,8771
-152,76956; 1928,1206
-152,36911; 1924,2828
-151,96867; 1924,9225
-151,56822; 1923,6432
-151,16778; 1919,1659
-150,76734; 1914,0489
-150,36689; 1910,8508
-149,96645; 1910,2112
-149,566; 1908,2923
-149,16556; 1905,7339
-148,76511; 1899,3377
-148,36467; 1896,1396
-147,96422; 1894,8603
-147,56378; 1892,3018
-147,16334; 1888,4641
-146,76289; 1887,1849
-146,36245; 1881,4283
-145,962; 1879,5094
-145,56156; 1876,951
-145,16111; 1874,3925
-144,76067; 1873,7529
-144,36022; 1868,6359
-143,95978; 1864,7982
-143,55934; 1860,9605
-143,15889; 1860,9605
-142,75845; 1858,402
-142,358; 1854,5643
-141,95756; 1849,4473
-141,55711; 1844,97
-141,15667; 1844,97
-140,75622; 1843,6907
-140,35578; 1839,853
-139,95534; 1834,0964
-139,55489; 1831,5379
-139,15445; 1829,6191
-138,754; 1829,6191
-138,35356; 1823,8625
-137,95311; 1821,9436
-137,55267; 1818,1059
-137,15222; 1815,5474
-136,75178; 1816,1871
-136,35134; 1809,1512
-135,95089; 1807,2324
-135,55045; 1803,3947
-135,15; 1800,1966
-134,74956; 1798,9173
-134,34911; 1795,7192
-133,94867; 1793,8004
-133,54822; 1789,323
-133,14778; 1784,8457
-132,74734; 1782,9268
-132,34689; 1782,2872
-131,94645; 1780,3683
-131,546; 1777,1702
-131,14556; 1770,1344
-130,74511; 1767,5759
-130,34467; 1766,9363
-129,94422; 1764,3778
-129,54378; 1762,459
-129,14334; 1754,1439
-128,74289; 1753,5043
-128,34245; 1752,2251
-127,942; 1750,3062
-127,54156; 1747,7477
-127,14111; 1740,7119
-126,74067; 1736,2346
-126,34022; 1736,2346
-125,93978; 1734,3157
-125,53934; 1729,1988
-125,13889; 1727,9195
-124,73845; 1722,8026
-124,338; 1720,8837
-123,93756; 1717,6856
-123,53711; 1715,1271
-123,13667; 1713,2083
-122,73622; 1709,3705
-122,33578; 1706,1724
-121,93534; 1701,0555
-121,53489; 1702,9743
-121,13445; 1698,497
-120,734; 1694,6593
-120,33356; 1689,5423
-119,93311; 1685,7046
-119,53267; 1686,3442
-119,13222; 1683,7857
-118,73178; 1678,6688
-118,33134; 1671,633
-117,93089; 1671,633
-117,53045; 1670,3537
-117,13; 1669,7141
-116,72956; 1665,2368
-116,32911; 1657,5613
-115,92867; 1656,9217
-115,52822; 1654,3632
-115,12778; 1652,4444
-114,72734; 1649,2463
-114,32689; 1643,4897
-113,92645; 1639,652
-113,526; 1638,3727
-113,12556; 1635,1746
-112,72511; 1634,535
-112,32467; 1629,418
-111,92422; 1625,5803
-111,52378; 1623,0218
-111,12334; 1617,9049
-110,72289; 1619,8237
-110,32245; 1614,0672
-109,922; 1610,2294
-109,52156; 1607,671
-109,12111; 1601,9144
-108,72067; 1603,1936
-108,32022; 1601,9144
-107,91978; 1595,5182
-107,51934; 1589,7616
-107,11889; 1587,8427
-106,71845; 1586,5635
-106,318; 1586,5635
-105,91756; 1580,8069
-105,51711; 1576,9692
-105,11667; 1573,1315
-104,71622; 1571,2126
-104,31578; 1571,2126
-103,91534; 1564,8164
-103,51489; 1560,9787
-103,11445; 1556,5014
-102,714; 1553,3033
-102,31356; 1552,6636
-101,91311; 1549,4655
-101,51267; 1546,9071
-101,11222; 1543,0693
-100,71178; 1539,8712
-100,31134; 1536,0335
-99,910891; 1536,0335
-99,510447; 1530,2769
-99,110002; 1528,3581
-98,709558; 1522,6015
-98,309113; 1520,6826
-97,908669; 1520,6826
-97,508224; 1517,4845
-97,10778; 1513,6468
-96,707336; 1505,9714
-96,306891; 1504,0525
-95,906447; 1504,6921
-95,506002; 1502,1337
-95,105558; 1498,2959
-94,705113; 1493,179
-94,304669; 1488,7017
-93,904224; 1488,7017
-93,50378; 1485,5036
-93,103336; 1480,3866
-92,702891; 1479,747
-92,302447; 1472,0715
-91,902002; 1471,4319
-91,501558; 1469,5131
-91,101113; 1465,6753
-90,700669; 1463,1169
-90,300224; 1458,6395
-89,89978; 1455,4414
-89,499336; 1450,9641
-89,098891; 1450,9641
-88,698447; 1447,766
-88,298002; 1441,3698
-87,897558; 1439,4509
-87,497113; 1435,6132
-87,096669; 1435,6132
-86,696224; 1434,334
-86,29578; 1428,5774
-85,895335; 1422,8208
-85,494891; 1422,8208
-85,094447; 1419,6227
-84,694002; 1420,9019
-84,293558; 1413,8661
-83,893113; 1406,8303
-83,492669; 1406,8303
-83,092224; 1401,7133
-82,69178; 1402,9926
-82,291335; 1397,236
-81,890891; 1393,3983
-81,490447; 1390,8398
-81,090002; 1388,2813
-80,689558; 1387,0021
-80,289113; 1383,1644
-79,888669; 1378,687
-79,488224; 1374,8493
-79,08778; 1370,372
-78,687335; 1369,0927
-78,286891; 1369,0927
-77,886447; 1363,9758
-77,486002; 1360,138
-77,085558; 1355,6607
-76,685113; 1353,1022
-76,284669; 1353,1022
-75,884224; 1350,5437
-75,48378; 1344,7872
-75,083335; 1338,391
-74,682891; 1338,391
-74,282447; 1337,1117
-73,882002; 1335,1929
-73,481558; 1329,4363
-73,081113; 1323,6797
-72,680669; 1323,0401
-72,280224; 1320,4816
-71,87978; 1319,842
-71,479335; 1314,0854
-71,078891; 1310,8873
-70,678446; 1308,9684
-70,278002; 1307,0496
-69,877558; 1305,1307
-69,477113; 1300,6534
-69,076669; 1296,8157
-68,676224; 1292,3383
-68,27578; 1290,4195
-67,875335; 1286,5817
-67,474891; 1287,861
-67,074446; 1282,744
-66,674002; 1277,6271
-66,273558; 1273,7893
-65,873113; 1269,9516
-65,472669; 1271,2309
-65,072224; 1268,6724
-64,67178; 1263,5554
-64,271335; 1257,7988
-63,870891; 1257,1592
-63,470446; 1257,1592
-63,070002; 1253,9611
-62,669558; 1248,8442
-62,269113; 1242,448
-61,868669; 1241,1687
-61,468224; 1241,1687
-61,06778; 1241,1687
-60,667335; 1234,7725
-60,266891; 1230,9348
-59,866446; 1226,4575
-59,466002; 1225,1782
-59,065557; 1223,2594
-58,665113; 1220,0613
-58,264669; 1217,5028
-57,864224; 1211,7462
-57,46378; 1211,1066
-57,063335; 1207,9085
-56,662891; 1207,9085
-56,262446; 1202,7915
-55,862002; 1198,3142
-55,461557; 1193,8369
-55,061113; 1191,918
-54,660669; 1192,5576
-54,260224; 1189,3595
-53,85978; 1184,8822
-53,459335; 1176,5671
-53,058891; 1177,2067
-52,658446; 1174,6483
-52,258002; 1173,369
-51,857557; 1169,5313
-51,457113; 1161,8559
-51,056669; 1162,4955
-50,656224; 1161,2162
-50,25578; 1158,6578
-49,855335; 1153,5408
-49,454891; 1149,7031
-49,054446; 1145,2257
-48,654002; 1145,2257
-48,253557; 1142,6673
-47,853113; 1140,1088
-47,452668; 1135,6314
-47,052224; 1130,5145
-46,65178; 1129,8749
-46,251335; 1124,1183
-45,850891; 1125,3975
-45,450446; 1121,5598
-45,050002; 1113,8844
-44,649557; 1112,6051
-44,249113; 1108,7674
-43,848668; 1108,7674
-43,448224; 1107,4882
-43,04778; 1101,092
-42,647335; 1095,975
-42,246891; 1095,975
-41,846446; 1094,0561
-41,446002; 1092,1373
-41,045557; 1087,0203
-40,645113; 1081,2637
-40,244668; 1081,2637
-39,844224; 1078,7053
-39,44378; 1077,426
-39,043335; 1071,0298
-38,642891; 1067,8317
-38,242446; 1066,5525
-37,842002; 1063,994
-37,441557; 1063,994
-37,041113; 1058,2374
-36,640668; 1054,3997
-36,240224; 1050,562
-35,839779; 1046,7243
-35,439335; 1045,445
-35,038891; 1044,1658
-34,638446; 1039,6884
-34,238002; 1037,7696
-33,837557; 1032,013
-33,437113; 1031,3734
-33,036668; 1030,7338
-32,636224; 1026,2564
-32,235779; 1023,6979
-31,835335; 1017,3017
-31,434891; 1017,3017
-31,034446; 1016,0225
-30,634002; 1012,8244
-30,233557; 1008,9867
-29,833113; 1002,5905
-29,432668; 1001,3113
-29,032224; 1000,6716
-28,631779; 998,11315
-28,231335; 994,27543
-27,830891; 990,43771
-27,430446; 985,96037
-27,030002; 985,96037
-26,629557; 982,12265
-26,229113; 980,20379
-25,828668; 977,64531
-25,428224; 971,24911
-25,027779; 971,88873
-24,627335; 967,41139
-24,226891; 967,41139
-23,826446; 964,21329
-23,426002; 957,81709
-23,025557; 955,25862
-22,625113; 953,33976
-22,224668; 952,70014
-21,824224; 950,78128
-21,423779; 945,0247
-21,023335; 939,90774
-20,62289; 941,18698
-20,222446; 938,6285
-19,822002; 937,34926
-19,421557; 932,87192
-19,021113; 925,8361
-18,620668; 925,8361
-18,220224; 924,55686
-17,819779; 922,638
-17,419335; 918,16066
-17,01889; 914,32294
-16,618446; 911,76446
-16,218002; 911,12484
-15,817557; 908,56636
-15,417113; 905,36826
-15,016668; 900,2513
-14,616224; 897,69282
-14,215779; 895,13434
-13,815335; 892,57586
-13,41489; 894,49472
-13,014446; 888,73814
-12,614002; 885,54004
-12,213557; 881,0627
-11,813113; 878,50422
-11,412668; 879,14384
-11,012224; 874,02688
-10,611779; 870,18916
-10,211335; 865,71182
-9,8108904; 864,43258
-9,4104459; 865,0722
-9,0100015; 862,51372
-8,609557; 857,39676
-8,2091126; 854,19866
-7,8086681; 851,00056
-7,4082237; 852,2798
-7,0077792; 849,72132
-6,6073348; 843,32512
-6,2068903; 842,6855
-5,8064459; 836,92892
-5,4060014; 837,56854
-5,005557; 835,64969
-4,6051126; 831,81197
-4,2046681; 829,25349
-3,8042237; 824,77615
-3,4037792; 820,93843
-3,0033348; 819,65919
-2,6028903; 818,37995
-2,2024459; 815,82147
-1,8020014; 811,34413
-1,401557; 806,86679
-1,0011125; 807,50641
-0,60066807; 807,50641
-0,20022362; 803,02907
0,20022082; 799,19135
0,60066527; 793,43477
1,0011097; 792,15553
1,4015542; 791,51591
1,8019986; 790,87629
2,2024431; 783,84047
2,6028875; 780,00275
3,003332; 778,08389
3,4037764; 778,08389
3,8042209; 774,88579
4,2046653; 768,48959
4,6051098; 769,12921
5,0055542; 763,37263
5,4059986; 764,01225
5,8064431; 762,73301
6,2068875; 756,97643
6,607332; 756,97643
7,0077764; 751,21985
7,4082209; 748,66137
7,8086653; 747,38213
8,2091098; 746,10289
8,6095542; 743,54441
9,0099987; 739,06707
9,4104431; 733,95011
9,8108876; 733,95011
10,211332; 732,03125
10,611776; 730,75201
11,012221; 726,27467
11,412665; 719,87847
11,81311; 721,15771
12,213554; 719,23885
12,613999; 717,31999
13,014443; 713,48228
13,414888; 707,08608
13,815332; 706,44646
14,215777; 705,80684
14,616221; 703,88798
15,016665; 700,05026
15,41711; 695,57292
15,817554; 692,37482
16,217999; 691,09558
16,618443; 688,5371
17,018888; 686,61824
17,419332; 682,1409
17,819777; 678,9428
18,220221; 678,9428
18,620665; 674,46546
19,02111; 674,46546
19,421554; 669,3485
19,821999; 665,51078
20,222443; 661,67306
20,622888; 660,39382
21,023332; 660,39382
21,423777; 657,83534
21,824221; 653,358
22,224665; 648,24104
22,62511; 648,24104
23,025554; 646,32218
23,425999; 644,40332
23,826443; 639,92598
24,226888; 635,44864
24,627332; 632,89016
25,027777; 633,52978
25,428221; 631,61092
25,828665; 627,13358
26,22911; 625,21472
26,629554; 620,73738
27,029999; 618,1789
27,430443; 617,53928
27,830888; 613,70156
28,231332; 611,14308
28,631777; 606,66574
29,032221; 605,3865
29,432666; 602,1884
29,83311; 602,1884
30,233554; 599,62992
30,633999; 593,87335
31,034443; 590,67525
31,434888; 589,39601
31,835332; 587,47715
32,235777; 586,83753
32,636221; 580,44133
33,036666; 575,32437
33,43711; 575,32437
33,837554; 570,84703
34,237999; 572,12627
34,638443; 567,64893
35,038888; 562,53197
35,439332; 563,81121
35,839777; 560,61311
36,240221; 560,61311
36,640666; 556,13577
37,04111; 551,65843
37,441554; 549,09995
37,841999; 545,26223
38,242443; 545,26223
38,642888; 542,06413
39,043332; 537,58679
39,443777; 536,30755
39,844221; 532,46983
40,244666; 529,27173
40,64511; 530,55097
41,045555; 525,43401
41,445999; 522,23591
41,846443; 518,39819
42,246888; 515,20009
42,647332; 515,83971
43,047777; 513,28123
43,448221; 508,80389
43,848666; 504,32655
44,24911; 501,12845
44,649555; 501,76807
45,049999; 501,76807
45,450443; 495,37187
45,850888; 492,81339
46,251332; 488,97567
46,651777; 487,05681
47,052221; 487,05681
47,452666; 481,30023
47,85311; 480,66061
48,253555; 476,18328
48,653999; 474,26442
49,054443; 472,98518
49,454888; 469,78708
49,855332; 468,50784
50,255777; 464,67012
50,656221; 458,91354
51,056666; 456,99468
51,45711; 456,99468
51,857555; 453,15696
52,257999; 451,2381
52,658444; 446,76076
53,058888; 444,20228
53,459332; 444,8419
53,859777; 440,36456
54,260221; 437,16646
54,660666; 432,0495
55,06111; 432,0495
55,461555; 430,77026
55,861999; 427,57216
56,262444; 425,01368
56,662888; 420,53634
57,063332; 417,33824
57,463777; 415,41938
57,864221; 414,14014
58,264666; 410,94204
58,66511; 408,38356
59,065555; 403,2666
59,465999; 401,98736
59,866444; 400,0685
60,266888; 396,8704
60,667332; 395,59116
61,067777; 391,11382
61,468221; 389,19496
61,868666; 385,35724
62,26911; 386,63648
62,669555; 383,43838
63,069999; 378,32142
63,470444; 375,12332
63,870888; 370,64598
64,271333; 371,2856
64,671777; 369,36674
65,072221; 365,52902
65,472666; 360,41206
65,87311; 359,77244
66,273555; 357,85359
66,673999; 355,93473
67,074444; 352,73663
67,474888; 348,25929
67,875333; 345,70081
68,275777; 343,78195
68,676221; 342,50271
69,076666; 339,30461
69,47711; 336,10651
69,877555; 332,26879
70,277999; 330,34993
70,678444; 328,43107
71,078888; 325,87259
71,479333; 323,31411
71,879777; 319,47639
72,280221; 315,63867
72,680666; 311,16133
73,08111; 311,16133
73,481555; 307,96323
73,881999; 304,12551
74,282444; 301,56703
74,682888; 299,00855
75,083333; 299,64817
75,483777; 297,08969
75,884221; 293,89159
76,284666; 288,77463
76,68511; 286,85577
77,085555; 284,93691
77,485999; 283,01805
77,886444; 278,54071
78,286888; 276,62185
78,687333; 272,78413
79,087777; 272,14451
79,488222; 270,22565
79,888666; 265,10869
80,28911; 263,82945
80,689555; 261,27097
81,089999; 257,43325
81,490444; 254,87477
81,890888; 251,67667
82,291333; 249,75781
82,691777; 247,19933
83,092222; 243,36161
83,492666; 239,52389
83,89311; 240,16351
84,293555; 237,60504
84,693999; 233,76732
85,094444; 230,56922
85,494888; 226,7315
85,895333; 226,7315
86,295777; 223,5334
86,696222; 221,61454
87,096666; 217,1372
87,49711; 212,65986
87,897555; 212,65986
88,297999; 211,38062
88,698444; 206,26366
89,098888; 204,3448
89,499333; 200,50708
89,899777; 199,22784
90,300222; 197,9486
90,700666; 192,83164
91,101111; 192,19202
91,501555; 187,71468
91,901999; 185,79582
92,302444; 183,87696
92,702888; 180,03924
93,103333; 178,76
93,503777; 175,5619
93,904222; 172,3638
94,304666; 168,52608
94,705111; 167,88646
95,105555; 165,9676
95,505999; 163,40912
95,906444; 158,93178
96,306888; 154,45444
96,707333; 153,1752
97,107777; 151,89596
97,508222; 149,33748
97,908666; 143,5809
98,309111; 144,22052
98,709555; 140,3828
99,109999; 138,46394
99,510444; 137,1847
99,910888; 131,42812
100,31133; 130,14888
100,71178; 126,95078
101,11222; 126,31116
101,51267; 123,11306
101,91311; 120,55458
102,31356; 117,99611
102,714; 115,43763
103,11444; 111,59991
103,51489; 110,32067
103,91533; 106,48295
104,31578; 105,20371
104,71622; 100,72637
105,11667; 97,528267
105,51711; 99,447127
105,91756; 94,330167
106,318; 92,411307
106,71844; 89,213207
107,11889; 83,456628
107,51933; 84,735868
107,91978; 81,537768
108,32022; 79,618908
108,72067; 76,420809
109,12111; 73,222709
109,52156; 71,303849
109,922; 68,745369
110,32244; 66,186889
110,72289; 62,98879
111,12333; 59,79069
111,52378; 57,87183
111,92422; 55,95297
112,32467; 52,115251
112,72511; 51,475631
113,12556; 48,277531
113,526; 45,079431
113,92644; 42,520951
114,32689; 40,602092
114,72733; 39,962472
115,12778; 35,485132
115,52822; 33,566272
115,92867; 29,088933
116,32911; 29,088933
116,72956; 27,170073
117,13; 23,971973
117,53044; 20,773873
117,93089; 18,215393
118,33133; 15,656914
118,73178; 16,296534
119,13222; 12,458814
119,53267; 9,2607142
119,93311; 7,9814743
120,33356; 5,4229945
120,734; 4,7833745
121,13444; 3,5041347
121,53489; 0,30603492
121,93533; -0,33358502
122,33578; -2,2524449
122,73622; -3,5316848
123,13667; -5,4505446
123,53711; -2,8920648
123,93756; -6,0901645
124,338; -9,2882643
124,73844; -11,846744
125,13889; -13,765604
125,53933; -12,486364
125,93978; -11,846744
126,34022; -12,486364
126,74067; -15,044844
127,14111; -13,765604
127,54156; -14,405224
127,942; -9,9278842
128,34244; -8,0090244
128,74289; -6,7297845
129,14333; -5,4505446
129,54378; -6,7297845
129,94422; -4,1713047
130,34467; -5,4505446
130,74511; -3,5316848
131,14556; -3,5316848
131,546; -2,2524449
131,94644; -2,8920648
132,34689; -1,6128249
132,74733; -0,33358502
133,14778; -0,97320497
133,54822; -0,33358502
133,94867; -2,2524449
134,34911; 0,94565487
134,74956; 0,94565487
135,15; -0,33358502
135,55044; 0,30603492
135,95089; -1,6128249
136,35133; 0,30603492
136,75178; -0,97320497
137,15222; -0,33358502
137,55267; -2,2524449
137,95311; -2,2524449
138,35356; -2,2524449
138,754; -3,5316848
139,15444; -2,8920648
139,55489; -3,5316848
139,95533; -3,5316848
140,35578; -3,5316848
140,75622; -3,5316848
141,15667; -2,8920648
141,55711; -2,8920648
141,95756; -3,5316848
142,358; -4,1713047
142,75844; -4,1713047
143,15889; -4,1713047
143,55933; -4,1713047
143,95978; -3,5316848
144,36022; -2,8920648
144,76067; -2,8920648
145,16111; -3,5316848
145,56156; -2,8920648
145,962; -2,8920648
146,36244; -2,8920648
146,76289; -3,5316848
147,16333; -3,5316848
147,56378; -2,8920648
147,96422; -3,5316848
148,36467; -4,1713047
148,76511; -3,5316848
149,16556; -2,8920648
149,566; -4,1713047
149,96644; -3,5316848
150,36689; -2,8920648
150,76733; -2,8920648
151,16778; -2,2524449
151,56822; -2,8920648
151,96867; -2,2524449
152,36911; -2,2524449
152,76956; -2,2524449
153,17; -2,2524449
153,57044; -2,2524449
153,97089; -1,6128249
154,37133; -2,8920648
154,77178; -2,2524449
155,17222; -2,2524449
155,57267; -2,2524449
155,97311; -2,2524449
156,37356; -2,8920648
156,774; -2,2524449
157,17444; -2,2524449
157,57489; -1,6128249
157,97533; -2,2524449
158,37578; -1,6128249
158,77622; -0,97320497
159,17667; -2,2524449
159,57711; -2,2524449
159,97756; -1,6128249
160,378; -1,6128249
160,77844; -0,33358502
161,17889; -2,2524449
161,57933; -2,2524449
161,97978; -1,6128249
162,38022; -0,97320497
162,78067; -1,6128249
163,18111; -1,6128249
163,58156; -1,6128249
163,982; -1,6128249
164,38244; -1,6128249
164,78289; -1,6128249
165,18333; -0,97320497
165,58378; -1,6128249
165,98422; -0,97320497
166,38467; -1,6128249
166,78511; -0,97320497
167,18556; -0,97320497
167,586; -0,97320497
167,98644; -1,6128249
168,38689; -1,6128249
168,78733; -2,2524449
169,18778; -1,6128249
169,58822; -0,33358502
169,98867; -0,97320497
170,38911; -1,6128249
170,78956; -0,97320497
171,19; -0,33358502
171,59044; -0,97320497
171,99089; -0,97320497
172,39133; -1,6128249
172,79178; -0,97320497
173,19222; -0,97320497
173,59267; -0,97320497
173,99311; -0,97320497
174,39356; -1,6128249
174,794; -0,33358502
175,19444; -0,33358502
175,59489; -0,97320497
175,99533; -0,33358502
176,39578; -0,33358502
176,79622; -0,33358502
177,19667; -0,97320497
177,59711; -0,97320497
177,99756; -0,33358502
178,398; 0,30603492
178,79844; -0,33358502
179,19889; -0,33358502
179,59933; -0,97320497
179,99978; -0,33358502
180,40022; -0,33358502
180,80067; -0,33358502
181,20111; -0,33358502
181,60156; -0,33358502
182,002; -0,33358502
182,40244; -0,33358502
182,80289; -0,33358502
183,20333; -1,6128249
183,60378; -0,33358502
184,00422; -0,33358502
184,40467; -0,97320497
184,80511; 0,30603492
185,20556; -0,33358502
185,606; -0,97320497
186,00644; -0,33358502
186,40689; 0,30603492
186,80733; -0,33358502
187,20778; -0,33358502
187,60822; 0,30603492
188,00867; -0,97320497
188,40911; -0,33358502
188,80956; -0,33358502
189,21; 0,94565487
189,61044; 0,94565487
190,01089; -0,33358502
190,41133; -0,33358502
190,81178; -0,33358502
191,21222; 0,30603492
191,61267; -0,33358502
192,01311; -0,97320497
192,41356; -0,33358502
192,814; 0,30603492
193,21444; 0,30603492
193,61489; -0,97320497
194,01533; -0,97320497
194,41578; 0,30603492
194,81622; 0,30603492
195,21667; -0,33358502
195,61711; 0,30603492
196,01756; -0,33358502
196,418; -0,33358502
196,81844; 0,94565487
197,21889; -0,33358502
197,61933; -0,33358502
198,01978; -0,97320497
198,42022; 0,30603492
198,82067; -0,33358502
199,22111; -0,97320497
199,62156; -0,33358502
200,022; 0,30603492


Name=DFL (2)
X=Height, nm
Y=DFL, nN
-200,022; 2311,2529
-199,62156; 2306,7756
-199,22111; 2304,8567
-198,82067; 2302,2982
-198,42023; 2303,5775
-198,01978; 2304,8567
-197,61934; 2299,7397
-197,21889; 2297,1813
-196,81845; 2296,5416
-196,418; 2295,2624
-196,01756; 2296,5416
-195,61711; 2293,3435
-195,21667; 2290,1454
-194,81623; 2287,587
-194,41578; 2286,3077
-194,01534; 2288,2266
-193,61489; 2287,587
-193,21445; 2283,7492
-192,814; 2280,5511
-192,41356; 2277,9927
-192,01311; 2277,353
-191,61267; 2277,353
-191,21223; 2275,4342
-190,81178; 2273,5153
-190,41134; 2270,3172
-190,01089; 2269,6776
-189,61045; 2270,3172
-189,21; 2269,6776
-188,80956; 2265,2003
-188,40911; 2262,0022
-188,00867; 2260,7229
-187,60823; 2260,7229
-187,20778; 2261,3625
-186,80734; 2257,5248
-186,40689; 2254,3267
-186,00645; 2251,7682
-185,606; 2251,1286
-185,20556; 2252,4079
-184,80511; 2249,8494
-184,40467; 2246,0117
-184,00423; 2244,7324
-183,60378; 2242,8136
-183,20334; 2242,8136
-182,80289; 2242,1739
-182,40245; 2240,2551
-182,002; 2237,057
-181,60156; 2232,5796
-181,20111; 2234,4985
-180,80067; 2233,8589
-180,40023; 2231,3004
-179,99978; 2230,0212
-179,59934; 2224,9042
-179,19889; 2223,625
-178,79845; 2226,1834
-178,398; 2222,3457
-177,99756; 2221,0665
-177,59711; 2217,2288
-177,19667; 2213,391
-176,79623; 2215,9495
-176,39578; 2214,0307
-175,99534; 2210,8326
-175,59489; 2208,9137
-175,19445; 2204,4364
-174,794; 2206,3552
-174,39356; 2205,7156
-173,99311; 2202,5175
-173,59267; 2201,2383
-173,19223; 2196,7609
-172,79178; 2195,4817
-172,39134; 2196,1213
-171,99089; 2194,8421
-171,59045; 2191,644
-171,19; 2187,8063
-170,78956; 2185,8874
-170,38911; 2187,1666
-169,98867; 2184,6082
-169,58823; 2183,3289
-169,18778; 2180,1308
-168,78734; 2175,0139
-168,38689; 2176,2931
-167,98645; 2176,2931
-167,586; 2175,6535
-167,18556; 2172,4554
-166,78511; 2166,6988
-166,38467; 2165,4196
-165,98423; 2165,4196
-165,58378; 2164,7799
-165,18334; 2162,2215
-164,78289; 2156,4649
-164,38245; 2156,4649
-163,982; 2155,8253
-163,58156; 2154,546
-163,18111; 2153,2668
-162,78067; 2147,5102
-162,38023; 2145,5913
-161,97978; 2144,9517
-161,57934; 2144,3121
-161,17889; 2143,6725
-160,77845; 2139,8348
-160,378; 2134,7178
-159,97756; 2134,7178
-159,57711; 2133,4386
-159,17667; 2133,4386
-158,77623; 2130,8801
-158,37578; 2126,4027
-157,97534; 2123,8443
-157,57489; 2123,2046
-157,17445; 2121,9254
-156,774; 2120,6462
-156,37356; 2116,8084
-155,97311; 2112,3311
-155,57267; 2111,6915
-155,17222; 2111,0519
-154,77178; 2110,4122
-154,37134; 2107,8538
-153,97089; 2102,7368
-153,57045; 2101,4576
-153,17; 2099,5387
-152,76956; 2098,8991
-152,36911; 2096,3406
-151,96867; 2091,8633
-151,56822; 2089,3048
-151,16778; 2087,3859
-150,76734; 2088,0255
-150,36689; 2086,7463
-149,96645; 2082,269
-149,566; 2079,0709
-149,16556; 2076,5124
-148,76511; 2077,152
-148,36467; 2074,5935
-147,96422; 2072,035
-147,56378; 2070,1162
-147,16334; 2065,6388
-146,76289; 2064,9992
-146,36245; 2063,72
-145,962; 2061,1615
-145,56156; 2058,603
-145,16111; 2054,1257
-144,76067; 2051,5672
-144,36022; 2052,8464
-143,95978; 2049,6483
-143,55934; 2047,0899
-143,15889; 2042,6125
-142,75845; 2038,7748
-142,358; 2040,6937
-141,95756; 2038,7748
-141,55711; 2037,4956
-141,15667; 2034,2975
-140,75622; 2030,4597
-140,35578; 2029,8201
-139,95534; 2028,5409
-139,55489; 2025,9824
-139,15445; 2022,7843
-138,754; 2017,6673
-138,35356; 2017,0277
-137,95311; 2015,7485
-137,55267; 2015,1089
-137,15222; 2013,19
-136,75178; 2008,073
-136,35134; 2005,5146
-135,95089; 2004,2353
-135,55045; 2002,9561
-135,15; 2002,9561
-134,74956; 1997,8391
-134,34911; 1992,7222
-133,94867; 1992,7222
-133,54822; 1990,8033
-133,14778; 1990,8033
-132,74734; 1986,326
-132,34689; 1981,8486
-131,94645; 1981,8486
-131,546; 1979,9298
-131,14556; 1979,2901
-130,74511; 1976,092
-130,34467; 1969,0562
-129,94422; 1967,777
-129,54378; 1965,8581
-129,14334; 1965,2185
-128,74289; 1964,5789
-128,34245; 1960,7412
-127,942; 1956,2638
-127,54156; 1953,7054
-127,14111; 1951,7865
-126,74067; 1952,4261
-126,34022; 1947,9488
-125,93978; 1944,7507
-125,53934; 1942,1922
-125,13889; 1939,6337
-124,73845; 1940,913
-124,338; 1937,7149
-123,93756; 1933,2375
-123,53711; 1930,679
-123,13667; 1927,4809
-122,73622; 1928,1206
-122,33578; 1926,8413
-121,93534; 1921,7244
-121,53489; 1918,5263
-121,13445; 1915,9678
-120,734; 1914,6885
-120,33356; 1914,0489
-119,93311; 1910,2112
-119,53267; 1907,6527
-119,13222; 1903,815
-118,73178; 1901,8961
-118,33134; 1902,5358
-117,93089; 1898,698
-117,53045; 1896,1396
-117,13; 1892,3018
-116,72956; 1889,1037
-116,32911; 1888,4641
-115,92867; 1885,266
-115,52822; 1883,3472
-115,12778; 1880,7887
-114,72734; 1874,3925
-114,32689; 1874,3925
-113,92645; 1874,3925
-113,526; 1871,834
-113,12556; 1868,6359
-112,72511; 1862,2397
-112,32467; 1862,2397
-111,92422; 1859,6812
-111,52378; 1857,7624
-111,12334; 1857,1227
-110,72289; 1850,0869
-110,32245; 1848,1681
-109,922; 1846,8888
-109,52156; 1844,3303
-109,12111; 1844,97
-108,72067; 1839,2134
-108,32022; 1835,3757
-107,91978; 1836,0153
-107,51934; 1832,1776
-107,11889; 1832,1776
-106,71845; 1827,7002
-106,318; 1821,304
-105,91756; 1820,6644
-105,51711; 1817,4663
-105,11667; 1818,1059
-104,71622; 1816,1871
-104,31578; 1809,1512
-103,91534; 1808,5116
-103,51489; 1805,3135
-103,11445; 1804,0343
-102,714; 1804,6739
-102,31356; 1798,2777
-101,91311; 1795,7192
-101,51267; 1792,5211
-101,11222; 1791,2419
-100,71178; 1791,8815
-100,31134; 1785,4853
-99,910891; 1780,3683
-99,510447; 1779,0891
-99,110002; 1775,2514
-98,709558; 1777,1702
-98,309113; 1773,9721
-97,908669; 1769,4948
-97,508224; 1766,2967
-97,10778; 1762,459
-96,707336; 1762,459
-96,306891; 1761,8194
-95,906447; 1756,0628
-95,506002; 1753,5043
-95,105558; 1748,3873
-94,705113; 1748,3873
-94,304669; 1747,7477
-93,904224; 1743,2704
-93,50378; 1741,3515
-93,103336; 1736,8742
-92,702891; 1734,3157
-92,302447; 1734,9553
-91,902002; 1730,478
-91,501558; 1727,9195
-91,101113; 1724,0818
-90,700669; 1720,2441
-90,300224; 1720,8837
-89,89978; 1718,3252
-89,499336; 1715,1271
-89,098891; 1710,0102
-88,698447; 1706,1724
-88,298002; 1707,4517
-87,897558; 1704,2536
-87,497113; 1701,6951
-87,096669; 1697,8574
-86,696224; 1694,0197
-86,29578; 1693,38
-85,895335; 1690,8216
-85,494891; 1688,9027
-85,094447; 1684,4254
-84,694002; 1679,3084
-84,293558; 1679,3084
-83,893113; 1676,7499
-83,492669; 1675,4707
-83,092224; 1671,633
-82,69178; 1663,9575
-82,291335; 1663,3179
-81,890891; 1662,0387
-81,490447; 1660,7594
-81,090002; 1658,8406
-80,689558; 1652,4444
-80,289113; 1650,5255
-79,888669; 1646,6878
-79,488224; 1646,0482
-79,08778; 1645,4085
-78,687335; 1639,0123
-78,286891; 1636,4539
-77,886447; 1634,535
-77,486002; 1631,3369
-77,085558; 1631,3369
-76,685113; 1625,5803
-76,284669; 1622,3822
-75,884224; 1621,103
-75,48378; 1618,5445
-75,083335; 1618,5445
-74,682891; 1614,0672
-74,282447; 1609,5898
-73,882002; 1607,671
-73,481558; 1603,1936
-73,081113; 1602,554
-72,680669; 1600,6351
-72,280224; 1596,1578
-71,87978; 1593,5993
-71,479335; 1588,4824
-71,078891; 1589,122
-70,678446; 1587,8427
-70,278002; 1581,4465
-69,877558; 1578,2484
-69,477113; 1574,4107
-69,076669; 1571,8522
-68,676224; 1572,4919
-68,27578; 1568,6541
-67,875335; 1566,7353
-67,474891; 1560,9787
-67,074446; 1560,3391
-66,674002; 1559,6995
-66,273558; 1554,5825
-65,873113; 1553,3033
-65,472669; 1548,1863
-65,072224; 1544,9882
-64,67178; 1544,9882
-64,271335; 1542,4297
-63,870891; 1538,592
-63,470446; 1536,0335
-63,070002; 1531,5562
-62,669558; 1530,2769
-62,269113; 1528,3581
-61,868669; 1525,7996
-61,468224; 1521,9619
-61,06778; 1516,2053
-60,667335; 1514,9261
-60,266891; 1513,6468
-59,866446; 1511,728
-59,466002; 1509,1695
-59,065557; 1502,7733
-58,665113; 1500,8544
-58,264669; 1499,5752
-57,864224; 1497,0167
-57,46378; 1495,7375
-57,063335; 1489,9809
-56,662891; 1486,1432
-56,262446; 1484,2243
-55,862002; 1482,9451
-55,461557; 1481,0262
-55,061113; 1477,1885
-54,660669; 1472,7112
-54,260224; 1470,1527
-53,85978; 1470,1527
-53,459335; 1466,9546
-53,058891; 1461,8376
-52,658446; 1459,2791
-52,258002; 1454,8018
-51,857557; 1454,1622
-51,457113; 1452,2433
-51,056669; 1449,6848
-50,656224; 1447,1264
-50,25578; 1441,3698
-49,855335; 1438,8113
-49,454891; 1438,8113
-49,054446; 1436,2528
-48,654002; 1432,4151
-48,253557; 1428,5774
-47,853113; 1424,1
-47,452668; 1422,8208
-47,052224; 1423,4604
-46,65178; 1419,6227
-46,251335; 1413,2265
-45,850891; 1410,668
-45,450446; 1408,1095
-45,050002; 1407,4699
-44,649557; 1404,2718
-44,249113; 1399,7945
-43,848668; 1396,5964
-43,448224; 1392,7587
-43,04778; 1392,119
-42,647335; 1389,5606
-42,246891; 1385,7228
-41,846446; 1383,1644
-41,446002; 1378,0474
-41,045557; 1376,7682
-40,645113; 1376,1285
-40,244668; 1371,0116
-39,844224; 1369,7323
-39,44378; 1363,9758
-39,043335; 1360,7777
-38,642891; 1360,7777
-38,242446; 1358,8588
-37,842002; 1355,0211
-37,441557; 1349,2645
-37,041113; 1344,7872
-36,640668; 1345,4268
-36,240224; 1342,8683
-35,839779; 1340,9494
-35,439335; 1335,8325
-35,038891; 1330,0759
-34,638446; 1329,4363
-34,238002; 1328,157
-33,837557; 1326,2382
-33,437113; 1321,1212
-33,036668; 1316,0043
-32,636224; 1315,3646
-32,235779; 1313,4458
-31,835335; 1310,8873
-31,434891; 1308,3288
-31,034446; 1301,9326
-30,634002; 1300,0138
-30,233557; 1296,176
-29,833113; 1296,176
-29,432668; 1293,6176
-29,032224; 1287,861
-28,631779; 1285,3025
-28,231335; 1282,1044
-27,830891; 1279,5459
-27,430446; 1280,8252
-27,030002; 1273,1497
-26,629557; 1269,312
-26,229113; 1266,1139
-25,828668; 1263,5554
-25,428224; 1265,4743
-25,027779; 1259,0781
-24,627335; 1253,3215
-24,226891; 1251,4027
-23,826446; 1247,5649
-23,426002; 1246,9253
-23,025557; 1244,3668
-22,625113; 1238,6103
-22,224668; 1236,0518
-21,824224; 1232,2141
-21,423779; 1230,9348
-21,023335; 1229,6556
-20,62289; 1224,5386
-20,222446; 1220,7009
-19,822002; 1216,8632
-19,421557; 1214,3047
-19,021113; 1211,7462
-18,620668; 1210,467
-18,220224; 1205,35
-17,819779; 1201,5123
-17,419335; 1198,9538
-17,01889; 1197,035
-16,618446; 1195,1161
-16,218002; 1191,918
-15,817557; 1186,801
-15,417113; 1184,2426
-15,016668; 1182,3237
-14,616224; 1181,0445
-14,215779; 1177,2067
-13,815335; 1171,4502
-13,41489; 1168,2521
-13,014446; 1165,6936
-12,614002; 1163,7747
-12,213557; 1162,4955
-11,813113; 1156,7389
-11,412668; 1151,6219
-11,012224; 1150,3427
-10,611779; 1147,7842
-10,211335; 1147,7842
-9,8108904; 1142,6673
-9,4104459; 1136,9107
-9,0100015; 1136,2711
-8,609557; 1132,4333
-8,2091126; 1131,1541
-7,8086681; 1127,956
-7,4082237; 1121,5598
-7,0077792; 1120,2806
-6,6073348; 1115,1636
-6,2068903; 1114,524
-5,8064459; 1114,524
-5,4060014; 1106,8485
-5,005557; 1105,5693
-4,6051126; 1101,092
-4,2046681; 1099,1731
-3,8042237; 1099,1731
-3,4037792; 1092,7769
-3,0033348; 1090,858
-2,6028903; 1085,7411
-2,2024459; 1083,1826
-1,8020014; 1084,4618
-1,401557; 1078,7053
-1,0011125; 1075,5072
-0,60066807; 1070,3902
-0,20022362; 1067,1921
0,20022082; 1067,1921
0,60066527; 1064,6336
1,0011097; 1061,4355
1,4015542; 1058,2374
1,8019986; 1051,8412
2,2024431; 1051,2016
2,6028875; 1051,2016
3,003332; 1045,445
3,4037764; 1042,8865
3,8042209; 1037,7696
4,2046653; 1035,8507
4,6051098; 1035,2111
5,0055542; 1031,3734
5,4059986; 1028,1753
5,8064431; 1023,0583
6,2068875; 1017,9414
6,607332; 1019,2206
7,0077764; 1016,0225
7,4082209; 1014,1037
7,8086653; 1010,2659
8,2091098; 1005,149
8,6095542; 1003,8697
9,0099987; 1001,9509
9,4104431; 999,39239
9,8108876; 994,91505
10,211332; 990,43771
10,611776; 988,51885
11,012221; 986,59999
11,412665; 985,32075
11,81311; 980,84341
12,213554; 977,00569
12,613999; 973,80759
13,014443; 971,88873
13,414888; 969,33025
13,815332; 965,49253
14,215777; 962,29443
14,616221; 957,81709
15,016665; 955,25862
15,41711; 953,97938
15,817554; 952,06052
16,217999; 947,58318
16,618443; 943,74546
17,018888; 941,18698
17,419332; 939,90774
17,819777; 938,6285
18,220221; 932,87192
18,620665; 929,0342
19,02111; 923,91724
19,421554; 923,27762
19,821999; 921,99838
20,222443; 920,07952
20,622888; 916,88142
21,023332; 911,76446
21,423777; 909,8456
21,824221; 908,56636
22,224665; 904,08902
22,62511; 900,89092
23,025554; 894,49472
23,425999; 890,657
23,826443; 890,01738
24,226888; 886,81928
24,627332; 886,81928
25,027777; 881,70232
25,428221; 877,8646
25,828665; 875,94574
26,22911; 872,74764
26,629554; 872,10802
27,029999; 866,99106
27,430443; 860,59486
27,830888; 859,95524
28,231332; 857,39676
28,631777; 856,11752
29,032221; 852,2798
29,432666; 847,80246
29,83311; 844,60436
30,233554; 842,6855
30,633999; 842,04588
31,034443; 840,12702
31,434888; 833,73083
31,835332; 829,89311
32,235777; 827,33463
32,636221; 824,77615
33,036666; 823,49691
33,43711; 819,01957
33,837554; 815,82147
34,237999; 812,62337
34,638443; 809,42527
35,038888; 810,70451
35,439332; 804,30831
35,839777; 801,11021
36,240221; 797,27249
36,640666; 792,79515
37,04111; 794,07439
37,441554; 789,59705
37,841999; 787,03857
38,242443; 783,84047
38,642888; 778,08389
39,043332; 778,72351
39,443777; 776,80465
39,844221; 772,32731
40,244666; 769,12921
40,64511; 764,01225
41,045555; 763,37263
41,445999; 762,73301
41,846443; 757,61605
42,246888; 755,05757
42,647332; 749,94061
43,047777; 747,38213
43,448221; 746,74251
43,848666; 742,26517
44,24911; 740,34631
44,649555; 733,95011
45,049999; 730,11239
45,450443; 730,75201
45,850888; 726,91429
46,251332; 724,35581
46,651777; 719,87847
47,052221; 715,40114
47,452666; 714,1219
47,85311; 711,56342
48,253555; 711,56342
48,653999; 707,08608
49,054443; 699,41064
49,454888; 697,49178
49,855332; 694,9333
50,255777; 694,29368
50,656221; 692,37482
51,056666; 685,339
51,45711; 682,1409
51,857555; 682,1409
52,257999; 677,66356
52,658444; 675,7447
53,058888; 669,98812
53,459332; 665,51078
53,859777; 664,23154
54,260221; 661,67306
54,660666; 659,7542
55,06111; 655,27686
55,461555; 650,79952
55,861999; 648,24104
56,262444; 645,68256
56,662888; 644,40332
57,063332; 641,20522
57,463777; 636,72788
57,864221; 634,1694
58,264666; 629,69206
58,66511; 628,41282
59,065555; 627,13358
59,465999; 621,377
59,866444; 617,53928
60,266888; 613,70156
60,667332; 611,14308
61,067777; 611,14308
61,468221; 607,30536
61,868666; 603,46764
62,26911; 599,62992
62,669555; 597,71106
63,069999; 596,43183
63,470444; 593,23373
63,870888; 586,83753
64,271333; 581,72057
64,671777; 580,44133
65,072221; 578,52247
65,472666; 576,60361
65,87311; 572,76589
66,273555; 568,92817
66,673999; 565,09045
67,074444; 562,53197
67,474888; 560,61311
67,875333; 558,05463
68,275777; 554,85653
68,676221; 549,73957
69,076666; 547,18109
69,47711; 543,98299
69,877555; 542,70375
70,277999; 539,50565
70,678444; 533,74907
71,078888; 531,83021
71,479333; 528,63211
71,879777; 527,99249
72,280221; 524,15477
72,680666; 516,47933
73,08111; 515,20009
73,481555; 512,00199
73,881999; 510,72275
74,282444; 510,08313
74,682888; 501,76807
75,083333; 499,20959
75,483777; 497,29073
75,884221; 494,73225
76,284666; 492,81339
76,68511; 488,33605
77,085555; 483,85871
77,485999; 481,30023
77,886444; 479,38137
78,286888; 477,46251
78,687333; 472,34556
79,087777; 468,50784
79,488222; 465,30974
79,888666; 462,11164
80,28911; 459,55316
80,689555; 458,91354
81,089999; 453,79658
81,490444; 449,95886
81,890888; 446,12114
82,291333; 444,20228
82,691777; 444,20228
83,092222; 439,08532
83,492666; 435,2476
83,89311; 431,40988
84,293555; 428,8514
84,693999; 428,8514
85,094444; 423,73444
85,494888; 419,89672
85,895333; 415,41938
86,295777; 410,30242
86,696222; 410,94204
87,096666; 408,38356
87,49711; 403,90622
87,897555; 401,34774
88,297999; 396,8704
88,698444; 396,23078
89,098888; 393,03268
89,499333; 389,19496
89,899777; 386,63648
90,300222; 380,8799
90,700666; 377,6818
91,101111; 377,04218
91,501555; 375,76294
91,901999; 371,2856
92,302444; 364,24978
92,702888; 361,05168
93,103333; 359,13282
93,503777; 357,85359
93,904222; 355,29511
94,304666; 348,89891
94,705111; 345,70081
95,105555; 343,78195
95,505999; 341,86309
95,906444; 339,30461
96,306888; 333,54803
96,707333; 329,07069
97,107777; 327,15183
97,508222; 324,59335
97,908666; 323,31411
98,309111; 318,83677
98,709555; 314,99905
99,109999; 311,80095
99,510444; 307,96323
99,910888; 307,96323
100,31133; 304,12551
100,71178; 300,28779
101,11222; 296,45007
101,51267; 291,97273
101,91311; 292,61235
102,31356; 289,41425
102,714; 284,93691
103,11444; 281,09919
103,51489; 276,62185
103,91533; 275,34261
104,31578; 274,06337
104,71622; 270,22565
105,11667; 265,74831
105,51711; 260,63135
105,91756; 259,99173
106,318; 258,07287
106,71844; 254,87477
107,11889; 251,03705
107,51933; 244,64085
107,91978; 241,44275
108,32022; 240,80313
108,72067; 239,52389
109,12111; 235,04656
109,52156; 229,9296
109,922; 226,7315
110,32244; 223,5334
110,72289; 222,89378
111,12333; 220,97492
111,52378; 215,21834
111,92422; 211,38062
112,32467; 208,18252
112,72511; 206,26366
113,12556; 204,3448
113,526; 199,22784
113,92644; 194,11088
114,32689; 190,27316
114,72733; 188,99392
115,12778; 188,99392
115,52822; 183,87696
115,92867; 177,48076
116,32911; 175,5619
116,72956; 171,72418
117,13; 171,08456
117,53044; 168,52608
117,93089; 163,40912
118,33133; 161,49026
118,73178; 155,73368
119,13222; 156,3733
119,53267; 153,81482
119,93311; 148,05824
120,33356; 146,13938
120,734; 141,02242
121,13444; 138,46394
121,53489; 137,82432
121,93533; 133,34698
122,33578; 130,14888
122,73622; 125,67154
123,13667; 122,47344
123,53711; 122,47344
123,93756; 118,63573
124,338; 114,79801
124,73844; 110,96029
125,13889; 105,84333
125,53933; 105,84333
125,93978; 101,36599
126,34022; 100,08675
126,74067; 94,969787
127,14111; 91,771687
127,54156; 89,852827
127,942; 86,654728
128,34244; 84,096248
128,74289; 78,979288
129,14333; 75,141569
129,54378; 73,222709
129,94422; 69,384989
130,34467; 68,745369
130,74511; 64,90765
131,14556; 59,15107
131,546; 57,23221
131,94644; 53,39449
132,34689; 52,115251
132,74733; 49,556771
133,14778; 45,719051
133,54822; 41,881331
133,94867; 38,683232
134,34911; 37,403992
134,74956; 35,485132
135,15; 30,368172
135,55044; 26,530453
135,95089; 23,332353
136,35133; 21,413493
136,75178; 20,134253
137,15222; 15,656914
137,55267; 11,819194
137,95311; 7,9814743
138,35356; 6,7022344
138,754; 4,7833745
139,15444; -0,33358502
139,55489; -4,8109246
139,95533; -6,0901645
140,35578; -10,567504
140,75622; -11,207124
141,15667; -13,765604
141,55711; -18,882563
141,95756; -21,441043
142,358; -25,278763
142,75844; -27,837243
143,15889; -29,116483
143,55933; -32,954202
143,95978; -37,431542
144,36022; -39,990022
144,76067; -41,908882
145,16111; -43,827741
145,56156; -45,106981
145,962; -50,863561
146,36244; -54,061661
146,76289; -56,62014
147,16333; -57,89938
147,56378; -59,81824
147,96422; -65,57482
148,36467; -68,772919
148,76511; -68,772919
149,16556; -71,971019
149,566; -73,889879
149,96644; -75,808739
150,36689; -79,646458
150,76733; -79,646458
151,16778; -82,204938
151,56822; -84,763418
151,96867; -86,682278
152,36911; -87,961518
152,76956; -87,961518
153,17; -87,961518
153,57044; -87,961518
153,97089; -80,286078
154,37133; -41,908882
154,77178; -39,350402
155,17222; -37,431542
155,57267; -36,152302
155,97311; -36,791922
156,37356; -34,233442
156,774; -34,233442
157,17444; -32,954202
157,57489; -32,314582
157,97533; -31,674962
158,37578; -31,035342
158,77622; -29,756103
159,17667; -29,756103
159,57711; -28,476863
159,97756; -27,837243
160,378; -27,197623
160,77844; -25,918383
161,17889; -24,639143
161,57933; -23,359903
161,97978; -23,999523
162,38022; -22,720283
162,78067; -23,359903
163,18111; -22,080663
163,58156; -22,080663
163,982; -20,801423
164,38244; -20,801423
164,78289; -20,801423
165,18333; -20,161803
165,58378; -20,161803
165,98422; -18,882563
166,38467; -18,882563
166,78511; -18,882563
167,18556; -14,405224
167,586; -13,765604
167,98644; -12,486364
168,38689; -11,846744
168,78733; -11,846744
169,18778; -11,207124
169,58822; -11,207124
169,98867; -10,567504
170,38911; -10,567504
170,78956; -9,9278842
171,19; -9,2882643
171,59044; -9,9278842
171,99089; -8,6486443
172,39133; -9,2882643
172,79178; -9,9278842
173,19222; -9,2882643
173,59267; -8,6486443
173,99311; -8,0090244
174,39356; -7,3694044
174,794; -8,0090244
175,19444; -7,3694044
175,59489; -6,7297845
175,99533; -6,0901645
176,39578; -6,7297845
176,79622; -6,0901645
177,19667; -5,4505446
177,59711; -6,7297845
177,99756; -6,7297845
178,398; -6,0901645
178,79844; -5,4505446
179,19889; -5,4505446
179,59933; -5,4505446
179,99978; -6,0901645
180,40022; -4,8109246
180,80067; -5,4505446
181,20111; -4,8109246
181,60156; -4,8109246
182,002; -5,4505446
182,40244; -4,8109246
182,80289; -4,8109246
183,20333; -4,8109246
183,60378; -4,1713047
184,00422; -4,8109246
184,40467; -4,8109246
184,80511; -4,1713047
185,20556; -4,1713047
185,606; -4,1713047
186,00644; -4,1713047
186,40689; -4,1713047
186,80733; -4,1713047
187,20778; -3,5316848
187,60822; -4,1713047
188,00867; -2,8920648
188,40911; -4,1713047
188,80956; -2,8920648
189,21; -3,5316848
189,61044; -2,8920648
190,01089; -2,8920648
190,41133; -3,5316848
190,81178; -3,5316848
191,21222; -2,2524449
191,61267; -2,2524449
192,01311; -2,8920648
192,41356; -2,2524449
192,814; -2,8920648
193,21444; -2,2524449
193,61489; -2,8920648
194,01533; -2,8920648
194,41578; -2,8920648
194,81622; -2,8920648
195,21667; -2,8920648
195,61711; -2,2524449
196,01756; -1,6128249
196,418; -2,8920648
196,81844; -2,2524449
197,21889; -2,2524449
197,61933; -2,8920648
198,01978; -2,2524449
198,42022; -1,6128249
198,82067; -1,6128249
199,22111; -2,8920648
199,62156; -2,2524449
200,022; -1,6128249
