Name=DFL (1)
X=Height, nm
Y=DFL, nN
-200,022; 1986,9656
-199,62156; 1985,6863
-199,22111; 1984,4071
-198,82067; 1982,4882
-198,42023; 1978,0109
-198,01978; 1975,4524
-197,61934; 1970,3355
-197,21889; 1972,8939
-196,81845; 1970,9751
-196,418; 1967,777
-196,01756; 1963,9393
-195,61711; 1960,1016
-195,21667; 1960,7412
-194,81623; 1962,0204
-194,41578; 1958,1827
-194,01534; 1952,4261
-193,61489; 1951,7865
-193,21445; 1949,228
-192,814; 1949,8676
-192,41356; 1945,3903
-192,01311; 1941,5526
-191,61267; 1938,9941
-191,21223; 1937,0752
-190,81178; 1937,7149
-190,41134; 1933,8771
-190,01089; 1931,9583
-189,61045; 1928,1206
-189,21; 1924,9225
-188,80956; 1924,2828
-188,40911; 1921,7244
-188,00867; 1921,0847
-187,60823; 1917,247
-187,20778; 1914,0489
-186,80734; 1910,8508
-186,40689; 1912,7697
-186,00645; 1909,5716
-185,606; 1907,0131
-185,20556; 1902,5358
-184,80511; 1898,698
-184,40467; 1899,9773
-184,00423; 1899,3377
-183,60378; 1896,1396
-183,20334; 1890,383
-182,80289; 1888,4641
-182,40245; 1888,4641
-182,002; 1886,5453
-181,60156; 1884,6264
-181,20111; 1880,7887
-180,80067; 1878,2302
-180,40023; 1877,5906
-179,99978; 1874,3925
-179,59934; 1872,4736
-179,19889; 1871,1944
-178,79845; 1865,4378
-178,398; 1865,4378
-177,99756; 1863,5189
-177,59711; 1861,6001
-177,19667; 1860,9605
-176,79623; 1856,4831
-176,39578; 1852,0058
-175,99534; 1850,0869
-175,59489; 1848,8077
-175,19445; 1848,1681
-174,794; 1844,97
-174,39356; 1840,4926
-173,99311; 1838,5738
-173,59267; 1837,2945
-173,19223; 1837,9341
-172,79178; 1834,736
-172,39134; 1828,9795
-171,99089; 1828,3398
-171,59045; 1826,421
-171,19; 1825,7814
-170,78956; 1823,2229
-170,38911; 1819,3852
-169,98867; 1816,1871
-169,58823; 1816,1871
-169,18778; 1814,2682
-168,78734; 1811,0701
-168,38689; 1810,4305
-167,98645; 1805,9531
-167,586; 1803,3947
-167,18556; 1802,1154
-166,78511; 1800,1966
-166,38467; 1798,2777
-165,98423; 1795,0796
-165,58378; 1792,5211
-165,18334; 1789,323
-164,78289; 1789,9626
-164,38245; 1788,0438
-163,982; 1784,8457
-163,58156; 1780,3683
-163,18111; 1777,8099
-162,78067; 1778,4495
-162,38023; 1777,8099
-161,97978; 1774,6118
-161,57934; 1768,8552
-161,17889; 1768,8552
-160,77845; 1765,0175
-160,378; 1766,2967
-159,97756; 1764,3778
-159,57711; 1758,6213
-159,17667; 1758,6213
-158,77623; 1754,7835
-158,37578; 1754,7835
-157,97534; 1752,8647
-157,57489; 1749,6666
-157,17445; 1747,1081
-156,774; 1745,8289
-156,37356; 1741,3515
-155,97311; 1740,7119
-155,57267; 1739,4327
-155,17222; 1734,9553
-154,77178; 1733,6761
-154,37134; 1729,8384
-153,97089; 1731,7572
-153,57045; 1728,5591
-153,17; 1725,361
-152,76956; 1723,4422
-152,36911; 1717,6856
-151,96867; 1718,3252
-151,56822; 1718,9648
-151,16778; 1713,8479
-150,76734; 1711,2894
-150,36689; 1707,4517
-149,96645; 1707,4517
-149,566; 1708,0913
-149,16556; 1702,9743
-148,76511; 1700,4159
-148,36467; 1697,2178
-147,96422; 1694,6593
-147,56378; 1695,9385
-147,16334; 1692,1008
-146,76289; 1691,4612
-146,36245; 1688,2631
-145,962; 1683,1461
-145,56156; 1684,4254
-145,16111; 1679,3084
-144,76067; 1679,948
-144,36022; 1677,3895
-143,95978; 1671,633
-143,55934; 1671,633
-143,15889; 1670,3537
-142,75845; 1669,0745
-142,358; 1666,516
-141,95756; 1661,399
-141,55711; 1659,4802
-141,15667; 1659,4802
-140,75622; 1658,8406
-140,35578; 1657,5613
-139,95534; 1651,1651
-139,55489; 1649,8859
-139,15445; 1647,967
-138,754; 1647,3274
-138,35356; 1644,7689
-137,95311; 1640,2916
-137,55267; 1637,0935
-137,15222; 1637,0935
-136,75178; 1635,8142
-136,35134; 1631,9765
-135,95089; 1631,3369
-135,55045; 1626,8596
-135,15; 1624,3011
-134,74956; 1623,0218
-134,34911; 1622,3822
-133,94867; 1620,4634
-133,54822; 1617,2653
-133,14778; 1614,7068
-132,74734; 1612,1483
-132,34689; 1612,1483
-131,94645; 1609,5898
-131,546; 1605,7521
-131,14556; 1603,1936
-130,74511; 1599,3559
-130,34467; 1600,6351
-129,94422; 1599,9955
-129,54378; 1596,1578
-129,14334; 1591,6805
-128,74289; 1589,122
-128,34245; 1589,122
-127,942; 1587,8427
-127,54156; 1584,6446
-127,14111; 1582,7258
-126,74067; 1578,8881
-126,34022; 1576,3296
-125,93978; 1577,6088
-125,53934; 1572,4919
-125,13889; 1572,4919
-124,73845; 1567,3749
-124,338; 1564,8164
-123,93756; 1565,456
-123,53711; 1562,2579
-123,13667; 1560,3391
-122,73622; 1558,4202
-122,33578; 1553,3033
-121,93534; 1550,7448
-121,53489; 1552,6636
-121,13445; 1548,1863
-120,734; 1547,5467
-120,33356; 1542,4297
-119,93311; 1539,2316
-119,53267; 1541,1505
-119,13222; 1537,3128
-118,73178; 1536,6731
-118,33134; 1530,2769
-117,93089; 1528,3581
-117,53045; 1529,6373
-117,13; 1527,7185
-116,72956; 1525,7996
-116,32911; 1520,043
-115,92867; 1517,4845
-115,52822; 1516,8449
-115,12778; 1514,9261
-114,72734; 1512,3676
-114,32689; 1511,0883
-113,92645; 1505,3318
-113,526; 1504,6921
-113,12556; 1502,1337
-112,72511; 1500,8544
-112,32467; 1499,5752
-111,92422; 1493,8186
-111,52378; 1493,179
-111,12334; 1489,3413
-110,72289; 1489,9809
-110,32245; 1488,7017
-109,922; 1484,2243
-109,52156; 1480,3866
-109,12111; 1477,8281
-108,72067; 1477,1885
-108,32022; 1477,8281
-107,91978; 1473,9904
-107,51934; 1468,8734
-107,11889; 1468,2338
-106,71845; 1465,0357
-106,318; 1466,315
-105,91756; 1461,8376
-105,51711; 1457,3603
-105,11667; 1455,4414
-104,71622; 1452,8829
-104,31578; 1452,8829
-103,91534; 1449,0452
-103,51489; 1448,4056
-103,11445; 1444,5679
-102,714; 1440,7302
-102,31356; 1440,0905
-101,91311; 1438,8113
-101,51267; 1435,6132
-101,11222; 1433,6943
-100,71178; 1429,8566
-100,31134; 1427,2981
-99,910891; 1429,8566
-99,510447; 1425,3793
-99,110002; 1424,1
-98,709558; 1417,7038
-98,309113; 1414,5057
-97,908669; 1415,785
-97,508224; 1411,9473
-97,10778; 1410,668
-96,707336; 1404,9114
-96,306891; 1403,6322
-95,906447; 1402,353
-95,506002; 1401,7133
-95,105558; 1397,8756
-94,705113; 1394,6775
-94,304669; 1391,4794
-93,904224; 1390,2002
-93,50378; 1391,4794
-93,103336; 1385,7228
-92,702891; 1385,0832
-92,302447; 1379,9663
-91,902002; 1377,4078
-91,501558; 1375,4889
-91,101113; 1372,9304
-90,700669; 1372,2908
-90,300224; 1368,4531
-89,89978; 1365,8946
-89,499336; 1362,0569
-89,098891; 1363,3361
-88,698447; 1361,4173
-88,298002; 1356,3003
-87,897558; 1353,7418
-87,497113; 1349,9041
-87,096669; 1349,2645
-86,696224; 1349,2645
-86,29578; 1344,1475
-85,895335; 1339,6702
-85,494891; 1339,0306
-85,094447; 1336,4721
-84,694002; 1338,391
-84,293558; 1333,274
-83,893113; 1328,7967
-83,492669; 1327,5174
-83,092224; 1323,0401
-82,69178; 1324,3193
-82,291335; 1318,5627
-81,890891; 1317,9231
-81,490447; 1314,725
-81,090002; 1310,8873
-80,689558; 1309,6081
-80,289113; 1308,9684
-79,888669; 1305,1307
-79,488224; 1302,5722
-79,08778; 1299,3741
-78,687335; 1295,5364
-78,286891; 1296,8157
-77,886447; 1293,6176
-77,486002; 1291,0591
-77,085558; 1287,861
-76,685113; 1282,744
-76,284669; 1284,0233
-75,884224; 1282,1044
-75,48378; 1278,9063
-75,083335; 1274,429
-74,682891; 1271,8705
-74,282447; 1270,5912
-73,882002; 1269,9516
-73,481558; 1265,4743
-73,081113; 1262,2762
-72,680669; 1258,4385
-72,280224; 1256,5196
-71,87978; 1257,1592
-71,479335; 1253,9611
-71,078891; 1251,4027
-70,678446; 1247,5649
-70,278002; 1245,0065
-69,877558; 1243,7272
-69,477113; 1239,8895
-69,076669; 1239,2499
-68,676224; 1234,7725
-68,27578; 1230,2952
-67,875335; 1228,3763
-67,474891; 1228,3763
-67,074446; 1227,0971
-66,674002; 1224,5386
-66,273558; 1218,1424
-65,873113; 1215,5839
-65,472669; 1215,5839
-65,072224; 1213,6651
-64,67178; 1211,7462
-64,271335; 1204,7104
-63,870891; 1203,4312
-63,470446; 1200,8727
-63,070002; 1199,5934
-62,669558; 1197,035
-62,269113; 1193,1972
-61,868669; 1190,6388
-61,468224; 1189,3595
-61,06778; 1187,4407
-60,667335; 1184,8822
-60,266891; 1182,3237
-59,866446; 1179,1256
-59,466002; 1175,9275
-59,065557; 1172,7294
-58,665113; 1172,0898
-58,264669; 1170,1709
-57,864224; 1166,3332
-57,46378; 1161,8559
-57,063335; 1156,7389
-56,662891; 1158,6578
-56,262446; 1156,0993
-55,862002; 1153,5408
-55,461557; 1149,0635
-55,061113; 1145,8654
-54,660669; 1147,1446
-54,260224; 1145,2257
-53,85978; 1142,6673
-53,459335; 1136,9107
-53,058891; 1133,7126
-52,658446; 1131,7937
-52,258002; 1131,1541
-51,857557; 1128,5956
-51,457113; 1124,1183
-51,056669; 1120,2806
-50,656224; 1118,3617
-50,25578; 1117,0825
-49,855335; 1113,8844
-49,454891; 1113,2447
-49,054446; 1108,7674
-48,654002; 1106,2089
-48,253557; 1104,2901
-47,853113; 1101,7316
-47,452668; 1101,092
-47,052224; 1096,6146
-46,65178; 1091,4977
-46,251335; 1087,6599
-45,850891; 1088,2996
-45,450446; 1087,0203
-45,050002; 1083,8222
-44,649557; 1079,9845
-44,249113; 1074,8675
-43,848668; 1075,5072
-43,448224; 1072,9487
-43,04778; 1071,6694
-42,647335; 1067,1921
-42,246891; 1063,3544
-41,846446; 1061,4355
-41,446002; 1062,0751
-41,045557; 1058,2374
-40,645113; 1054,3997
-40,244668; 1051,2016
-39,844224; 1047,3639
-39,44378; 1046,7243
-39,043335; 1042,8865
-38,642891; 1042,8865
-38,242446; 1038,4092
-37,842002; 1035,2111
-37,441557; 1032,6526
-37,041113; 1031,3734
-36,640668; 1030,7338
-36,240224; 1025,6168
-35,839779; 1021,7791
-35,439335; 1017,9414
-35,038891; 1018,581
-34,638446; 1016,6621
-34,238002; 1014,1037
-33,837557; 1008,3471
-33,437113; 1003,8697
-33,036668; 1004,5094
-32,636224; 1002,5905
-32,235779; 1001,3113
-31,835335; 994,27543
-31,434891; 991,71695
-31,034446; 991,07733
-30,634002; 990,43771
-30,233557; 986,59999
-29,833113; 981,48303
-29,432668; 979,56417
-29,032224; 977,00569
-28,631779; 976,36607
-28,231335; 973,80759
-27,830891; 970,60949
-27,430446; 967,41139
-27,030002; 964,21329
-26,629557; 960,37557
-26,229113; 961,01519
-25,828668; 956,53785
-25,428224; 953,97938
-25,027779; 950,14166
-24,627335; 943,74546
-24,226891; 947,58318
-23,826446; 944,38508
-23,426002; 941,18698
-23,025557; 937,34926
-22,625113; 931,59268
-22,224668; 932,2323
-21,824224; 932,2323
-21,423779; 926,47572
-21,023335; 923,27762
-20,62289; 920,07952
-20,222446; 916,88142
-19,822002; 917,52104
-19,421557; 913,68332
-19,021113; 909,20598
-18,620668; 907,92674
-18,220224; 903,4494
-17,819779; 904,08902
-17,419335; 900,2513
-17,01889; 898,33244
-16,618446; 893,8551
-16,218002; 890,01738
-15,817557; 888,09852
-15,417113; 885,54004
-15,016668; 884,90042
-14,616224; 880,42308
-14,215779; 875,94574
-13,815335; 874,02688
-13,41489; 874,02688
-13,014446; 871,4684
-12,614002; 868,2703
-12,213557; 861,8741
-11,813113; 859,31562
-11,412668; 859,31562
-11,012224; 856,75714
-10,611779; 854,83828
-10,211335; 849,0817
-9,8108904; 847,16284
-9,4104459; 843,96474
-9,0100015; 843,96474
-8,609557; 840,76664
-8,2091126; 836,2893
-7,8086681; 831,81197
-7,4082237; 829,89311
-7,0077792; 829,89311
-6,6073348; 824,77615
-6,2068903; 825,41577
-5,8064459; 819,65919
-5,4060014; 817,74033
-5,005557; 815,82147
-4,6051126; 813,26299
-4,2046681; 811,98375
-3,8042237; 807,50641
-3,4037792; 803,02907
-3,0033348; 797,91211
-2,6028903; 799,19135
-2,2024459; 797,91211
-1,8020014; 794,07439
-1,401557; 788,95743
-1,0011125; 787,03857
-0,60066807; 786,39895
-0,20022362; 784,48009
0,20022082; 781,28199
0,60066527; 774,24617
1,0011097; 772,96693
1,4015542; 771,04807
1,8019986; 770,40845
2,2024431; 767,21035
2,6028875; 762,73301
3,003332; 758,89529
3,4037764; 758,25567
3,8042209; 757,61605
4,2046653; 753,13871
4,6051098; 750,58023
5,0055542; 746,10289
5,4059986; 744,18403
5,8064431; 743,54441
6,2068875; 739,70669
6,607332; 737,78783
7,0077764; 735,22935
7,4082209; 730,11239
7,8086653; 727,55391
8,2091098; 728,19353
8,6095542; 724,99543
9,0099987; 721,79733
9,4104431; 717,31999
9,8108876; 712,84266
10,211332; 713,48228
10,611776; 711,56342
11,012221; 707,7257
11,412665; 703,24836
11,81311; 699,41064
12,213554; 699,41064
12,613999; 698,1314
13,014443; 694,29368
13,414888; 691,09558
13,815332; 685,97862
14,215777; 685,97862
14,616221; 685,97862
15,016665; 679,58242
15,41711; 680,22204
15,817554; 673,82584
16,217999; 671,26736
16,618443; 669,98812
17,018888; 665,51078
17,419332; 666,1504
17,819777; 661,67306
18,220221; 657,83534
18,620665; 658,47496
19,02111; 655,27686
19,421554; 654,63724
19,821999; 650,79952
20,222443; 643,12408
20,622888; 641,84484
21,023332; 640,5656
21,423777; 639,28636
21,824221; 637,3675
22,224665; 630,33168
22,62511; 630,33168
23,025554; 627,13358
23,425999; 625,85434
23,826443; 623,93548
24,226888; 616,89966
24,627332; 615,62042
25,027777; 613,70156
25,428221; 611,7827
25,828665; 609,86384
26,22911; 606,02612
26,629554; 603,46764
27,029999; 600,90916
27,430443; 597,71106
27,830888; 596,43183
28,231332; 593,87335
28,631777; 589,39601
29,032221; 586,83753
29,432666; 582,99981
29,83311; 583,63943
30,233554; 582,36019
30,633999; 577,88285
31,034443; 574,68475
31,434888; 568,92817
31,835332; 571,48665
32,235777; 569,56779
32,636221; 567,00931
33,036666; 560,61311
33,43711; 558,69425
33,837554; 556,77539
34,237999; 556,13577
34,638443; 554,21691
35,038888; 547,82071
35,439332; 544,62261
35,839777; 543,98299
36,240221; 542,06413
36,640666; 538,86603
37,04111; 537,58679
37,441554; 533,74907
37,841999; 530,55097
38,242443; 529,91135
38,642888; 527,35287
39,043332; 525,43401
39,443777; 521,59629
39,844221; 515,83971
40,244666; 515,20009
40,64511; 515,20009
41,045555; 512,64161
41,445999; 510,72275
41,846443; 506,24541
42,246888; 501,76807
42,647332; 501,76807
43,047777; 501,12845
43,448221; 497,93035
43,848666; 492,81339
44,24911; 490,25491
44,649555; 488,97567
45,049999; 488,97567
45,450443; 485,13795
45,850888; 481,93985
46,251332; 478,74175
46,651777; 475,54366
47,052221; 475,54366
47,452666; 472,34556
47,85311; 471,06632
48,253555; 466,58898
48,653999; 464,0305
49,054443; 462,11164
49,454888; 460,8324
49,855332; 458,27392
50,255777; 455,71544
50,656221; 453,15696
51,056666; 448,04
51,45711; 449,95886
51,857555; 447,40038
52,257999; 445,48152
52,658444; 439,72494
53,058888; 435,2476
53,459332; 436,52684
53,859777; 433,96836
54,260221; 432,68912
54,660666; 427,57216
55,06111; 425,01368
55,461555; 425,01368
55,861999; 423,73444
56,262444; 420,53634
56,662888; 417,97786
57,063332; 414,14014
57,463777; 410,94204
57,864221; 411,58166
58,264666; 408,38356
58,66511; 407,10432
59,065555; 401,98736
59,465999; 398,78926
59,866444; 398,14964
60,266888; 394,95154
60,667332; 394,31192
61,067777; 391,11382
61,468221; 387,2761
61,868666; 384,078
62,26911; 384,71762
62,669555; 382,15914
63,069999; 378,96104
63,470444; 375,12332
63,870888; 371,92522
64,271333; 370,64598
64,671777; 372,56484
65,072221; 369,36674
65,472666; 363,61016
65,87311; 362,33092
66,273555; 358,4932
66,673999; 359,77244
67,074444; 355,93473
67,474888; 351,45739
67,875333; 350,17815
68,275777; 346,34043
68,676221; 346,34043
69,076666; 343,78195
69,47711; 341,22347
69,877555; 338,02537
70,277999; 334,18765
70,678444; 332,90841
71,078888; 331,62917
71,479333; 330,98955
71,879777; 327,15183
72,280221; 323,31411
72,680666; 320,11601
73,08111; 319,47639
73,481555; 317,55753
73,881999; 316,27829
74,282444; 311,80095
74,682888; 307,96323
75,083333; 307,96323
75,483777; 305,40475
75,884221; 303,48589
76,284666; 299,00855
76,68511; 297,72931
77,085555; 294,53121
77,485999; 294,53121
77,886444; 292,61235
78,286888; 288,13501
78,687333; 286,21615
79,087777; 281,73881
79,488222; 281,73881
79,888666; 277,90109
80,28911; 276,62185
80,689555; 274,06337
81,089999; 270,86527
81,490444; 268,94641
81,890888; 267,02755
82,291333; 264,46907
82,691777; 262,55021
83,092222; 259,99173
83,492666; 254,87477
83,89311; 254,87477
84,293555; 252,31629
84,693999; 249,11819
85,094444; 247,19933
85,494888; 242,72199
85,895333; 242,72199
86,295777; 241,44275
86,696222; 239,52389
87,096666; 235,68618
87,49711; 233,76732
87,897555; 231,20884
88,297999; 231,20884
88,698444; 227,37112
89,098888; 224,17302
89,499333; 221,61454
89,899777; 217,77682
90,300222; 215,85796
90,700666; 213,29948
91,101111; 212,65986
91,501555; 209,46176
91,901999; 206,90328
92,302444; 203,70518
92,702888; 202,42594
93,103333; 201,1467
93,503777; 196,66936
93,904222; 196,02974
94,304666; 190,91278
94,705111; 190,27316
95,105555; 189,63354
95,505999; 186,43544
95,906444; 182,59772
96,306888; 177,48076
96,707333; 177,48076
97,107777; 176,20152
97,508222; 174,92228
97,908666; 171,08456
98,309111; 168,52608
98,709555; 165,9676
99,109999; 164,68836
99,510444; 163,40912
99,910888; 158,93178
100,31133; 157,65254
100,71178; 157,01292
101,11222; 153,81482
101,51267; 150,61672
101,91311; 150,61672
102,31356; 146,13938
102,714; 142,94128
103,11444; 139,74318
103,51489; 137,82432
103,91533; 139,74318
104,31578; 135,90546
104,71622; 132,70736
105,11667; 130,14888
105,51711; 129,50926
105,91756; 127,5904
106,318; 125,03192
106,71844; 121,1942
107,11889; 119,91496
107,51933; 117,35649
107,91978; 116,07725
108,32022; 114,79801
108,72067; 110,96029
109,12111; 109,68105
109,52156; 105,84333
109,922; 104,56409
110,32244; 103,28485
110,72289; 100,08675
111,12333; 98,807507
111,52378; 96,249027
111,92422; 94,330167
112,32467; 91,771687
112,72511; 91,771687
113,12556; 88,573588
113,526; 86,654728
113,92644; 83,456628
114,32689; 81,537768
114,72733; 80,898148
115,12778; 78,339668
115,52822; 77,060429
115,92867; 72,583089
116,32911; 73,222709
116,72956; 70,664229
117,13; 68,105749
117,53044; 66,826509
117,93089; 62,98879
118,33133; 61,70955
118,73178; 60,43031
119,13222; 59,15107
119,53267; 54,67373
119,93311; 54,67373
120,33356; 50,836011
120,734; 50,836011
121,13444; 48,277531
121,53489; 45,719051
121,93533; 45,079431
122,33578; 41,881331
122,73622; 43,800191
123,13667; 38,043612
123,53711; 38,043612
123,93756; 35,485132
124,338; 34,205892
124,73844; 31,647412
125,13889; 29,088933
125,53933; 28,449313
125,93978; 27,809693
126,34022; 25,890833
126,74067; 22,692733
127,14111; 23,332353
127,54156; 21,413493
127,942; 20,773873
128,34244; 18,215393
128,74289; 17,575773
129,14333; 16,936154
129,54378; 14,377674
129,94422; 13,098434
130,34467; 11,179574
130,74511; 11,179574
131,14556; 9,9003341
131,546; 8,6210942
131,94644; 9,2607142
132,34689; 9,9003341
132,74733; 10,539954
133,14778; 11,819194
133,54822; 14,377674
133,94867; 18,855013
134,34911; 18,855013
134,74956; 18,855013
135,15; 19,494633
135,55044; 19,494633
135,95089; 18,855013
136,35133; 18,215393
136,75178; 20,134253
137,15222; 19,494633
137,55267; 19,494633
137,95311; 19,494633
138,35356; 19,494633
138,754; 19,494633
139,15444; 19,494633
139,55489; 18,215393
139,95533; 18,855013
140,35578; 19,494633
140,75622; 19,494633
141,15667; 19,494633
141,55711; 19,494633
141,95756; 18,855013
142,358; 18,855013
142,75844; 20,134253
143,15889; 18,855013
143,55933; 20,134253
143,95978; 20,134253
144,36022; 20,134253
144,76067; 20,134253
145,16111; 20,134253
145,56156; 21,413493
145,962; 21,413493
146,36244; 20,134253
146,76289; 20,134253
147,16333; 20,134253
147,56378; 20,773873
147,96422; 21,413493
148,36467; 20,773873
148,76511; 20,134253
149,16556; 20,773873
149,566; 20,773873
149,96644; 21,413493
150,36689; 20,773873
150,76733; 20,134253
151,16778; 20,773873
151,56822; 20,134253
151,96867; 20,134253
152,36911; 21,413493
152,76956; 20,134253
153,17; 20,134253
153,57044; 20,134253
153,97089; 19,494633
154,37133; 20,134253
154,77178; 20,773873
155,17222; 20,773873
155,57267; 20,773873
155,97311; 20,134253
156,37356; 20,134253
156,774; 20,773873
157,17444; 20,773873
157,57489; 20,134253
157,97533; 20,134253
158,37578; 21,413493
158,77622; 21,413493
159,17667; 21,413493
159,57711; 21,413493
159,97756; 20,134253
160,378; 20,773873
160,77844; 20,773873
161,17889; 20,773873
161,57933; 20,773873
161,97978; 22,053113
162,38022; 21,413493
162,78067; 20,773873
163,18111; 21,413493
163,58156; 21,413493
163,982; 20,773873
164,38244; 21,413493
164,78289; 20,773873
165,18333; 21,413493
165,58378; 22,053113
165,98422; 22,053113
166,38467; 22,053113
166,78511; 21,413493
167,18556; 21,413493
167,586; 22,053113
167,98644; 22,053113
168,38689; 21,413493
168,78733; 21,413493
169,18778; 22,053113
169,58822; 22,692733
169,98867; 20,773873
170,38911; 21,413493
170,78956; 22,053113
171,19; 22,053113
171,59044; 22,692733
171,99089; 22,053113
172,39133; 22,053113
172,79178; 21,413493
173,19222; 22,053113
173,59267; 22,053113
173,99311; 21,413493
174,39356; 22,053113
174,794; 22,692733
175,19444; 22,692733
175,59489; 22,053113
175,99533; 22,053113
176,39578; 22,053113
176,79622; 22,053113
177,19667; 22,053113
177,59711; 22,053113
177,99756; 22,053113
178,398; 22,692733
178,79844; 22,692733
179,19889; 22,053113
179,59933; 22,692733
179,99978; 22,692733
180,40022; 23,332353
180,80067; 22,692733
181,20111; 22,053113
181,60156; 22,692733
182,002; 22,692733
182,40244; 23,332353
182,80289; 22,053113
183,20333; 23,332353
183,60378; 23,332353
184,00422; 23,332353
184,40467; 22,692733
184,80511; 23,332353
185,20556; 22,053113
185,606; 23,971973
186,00644; 23,971973
186,40689; 23,332353
186,80733; 22,692733
187,20778; 23,332353
187,60822; 23,971973
188,00867; 22,692733
188,40911; 23,332353
188,80956; 22,692733
189,21; 23,332353
189,61044; 23,971973
190,01089; 23,332353
190,41133; 23,971973
190,81178; 23,971973
191,21222; 23,332353
191,61267; 23,332353
192,01311; 23,971973
192,41356; 23,971973
192,814; 23,332353
193,21444; 23,332353
193,61489; 23,332353
194,01533; 23,332353
194,41578; 24,611593
194,81622; 24,611593
195,21667; 23,332353
195,61711; 22,692733
196,01756; 24,611593
196,418; 24,611593
196,81844; 23,971973
197,21889; 22,692733
197,61933; 23,971973
198,01978; 23,971973
198,42022; 24,611593
198,82067; 23,971973
199,22111; 23,971973
199,62156; 24,611593
200,022; 24,611593


Name=DFL (2)
X=Height, nm
Y=DFL, nN
-200,022; 1999,758
-199,62156; 1997,8391
-199,22111; 1994,641
-198,82067; 1995,2806
-198,42023; 1995,9203
-198,01978; 1994,0014
-197,61934; 1989,5241
-197,21889; 1986,9656
-196,81845; 1986,326
-196,418; 1986,9656
-196,01756; 1985,6863
-195,61711; 1981,8486
-195,21667; 1979,2901
-194,81623; 1976,092
-194,41578; 1976,7317
-194,01534; 1976,7317
-193,61489; 1972,8939
-193,21445; 1970,3355
-192,814; 1967,777
-192,41356; 1966,4978
-192,01311; 1967,777
-191,61267; 1965,2185
-191,21223; 1962,0204
-190,81178; 1960,1016
-190,41134; 1956,9035
-190,01089; 1958,8223
-189,61045; 1957,5431
-189,21; 1952,4261
-188,80956; 1951,7865
-188,40911; 1947,9488
-188,00867; 1947,3092
-187,60823; 1949,228
-187,20778; 1944,1111
-186,80734; 1942,8318
-186,40689; 1938,9941
-186,00645; 1937,7149
-185,606; 1938,3545
-185,20556; 1935,796
-184,80511; 1933,8771
-184,40467; 1929,3998
-184,00423; 1928,1206
-183,60378; 1929,3998
-183,20334; 1926,8413
-182,80289; 1925,5621
-182,40245; 1921,0847
-182,002; 1918,5263
-181,60156; 1917,247
-181,20111; 1917,8866
-180,80067; 1916,6074
-180,40023; 1913,4093
-179,99978; 1910,2112
-179,59934; 1909,5716
-179,19889; 1908,2923
-178,79845; 1908,2923
-178,398; 1904,4546
-177,99756; 1900,6169
-177,59711; 1898,698
-177,19667; 1897,4188
-176,79623; 1897,4188
-176,39578; 1894,2207
-175,99534; 1890,383
-175,59489; 1887,8245
-175,19445; 1887,1849
-174,794; 1887,1849
-174,39356; 1885,266
-173,99311; 1881,4283
-173,59267; 1878,8698
-173,19223; 1876,951
-172,79178; 1876,951
-172,39134; 1876,3113
-171,99089; 1873,1132
-171,59045; 1870,5548
-171,19; 1867,9963
-170,78956; 1866,717
-170,38911; 1867,3567
-169,98867; 1863,5189
-169,58823; 1860,3208
-169,18778; 1857,1227
-168,78734; 1854,5643
-168,38689; 1855,2039
-167,98645; 1855,2039
-167,586; 1850,7265
-167,18556; 1848,1681
-166,78511; 1845,6096
-166,38467; 1844,3303
-165,98423; 1844,97
-165,58378; 1843,0511
-165,18334; 1839,2134
-164,78289; 1834,736
-164,38245; 1834,736
-163,982; 1834,736
-163,58156; 1831,5379
-163,18111; 1828,9795
-162,78067; 1823,8625
-162,38023; 1822,5833
-161,97978; 1823,2229
-161,57934; 1820,0248
-161,17889; 1819,3852
-160,77845; 1816,1871
-160,378; 1811,0701
-159,97756; 1811,7097
-159,57711; 1812,3493
-159,17667; 1809,1512
-158,77623; 1806,5928
-158,37578; 1802,755
-157,97534; 1801,4758
-157,57489; 1801,4758
-157,17445; 1800,1966
-156,774; 1796,3588
-156,37356; 1793,1607
-155,97311; 1789,9626
-155,57267; 1788,0438
-155,17222; 1789,9626
-154,77178; 1784,8457
-154,37134; 1783,5664
-153,97089; 1779,7287
-153,57045; 1777,8099
-153,17; 1779,0891
-152,76956; 1776,5306
-152,36911; 1772,6929
-151,96867; 1770,1344
-151,56822; 1766,9363
-151,16778; 1767,5759
-150,76734; 1766,9363
-150,36689; 1763,0986
-149,96645; 1761,8194
-149,566; 1757,342
-149,16556; 1756,7024
-148,76511; 1757,342
-148,36467; 1753,5043
-147,96422; 1751,5854
-147,56378; 1747,7477
-147,16334; 1743,91
-146,76289; 1745,8289
-146,36245; 1743,91
-145,962; 1741,3515
-145,56156; 1736,8742
-145,16111; 1733,6761
-144,76067; 1734,9553
-144,36022; 1732,3968
-143,95978; 1732,3968
-143,55934; 1728,5591
-143,15889; 1724,0818
-142,75845; 1724,7214
-142,358; 1722,1629
-141,95756; 1722,1629
-141,55711; 1719,6045
-141,15667; 1713,2083
-140,75622; 1713,8479
-140,35578; 1711,929
-139,95534; 1711,929
-139,55489; 1710,0102
-139,15445; 1704,8932
-138,754; 1703,614
-138,35356; 1700,4159
-137,95311; 1701,0555
-137,55267; 1699,1366
-137,15222; 1694,6593
-136,75178; 1693,38
-136,35134; 1690,1819
-135,95089; 1690,1819
-135,55045; 1690,1819
-135,15; 1686,9838
-134,74956; 1684,4254
-134,34911; 1679,948
-133,94867; 1678,6688
-133,54822; 1678,6688
-133,14778; 1676,7499
-132,74734; 1672,9122
-132,34689; 1669,0745
-131,94645; 1667,1556
-131,546; 1668,4349
-131,14556; 1666,516
-130,74511; 1664,5971
-130,34467; 1660,7594
-129,94422; 1656,9217
-129,54378; 1657,5613
-129,14334; 1654,3632
-128,74289; 1654,3632
-128,34245; 1650,5255
-127,942; 1647,3274
-127,54156; 1646,6878
-127,14111; 1645,4085
-126,74067; 1645,4085
-126,34022; 1642,2104
-125,93978; 1636,4539
-125,53934; 1635,1746
-125,13889; 1634,535
-124,73845; 1635,1746
-124,338; 1632,6161
-123,93756; 1628,1388
-123,53711; 1625,5803
-123,13667; 1624,3011
-122,73622; 1622,3822
-122,33578; 1621,7426
-121,93534; 1617,9049
-121,53489; 1614,7068
-121,13445; 1612,7879
-120,734; 1612,1483
-120,33356; 1611,5087
-119,93311; 1609,5898
-119,53267; 1603,8332
-119,13222; 1602,554
-118,73178; 1602,554
-118,33134; 1599,9955
-117,93089; 1600,6351
-117,53045; 1596,1578
-117,13; 1591,6805
-116,72956; 1591,6805
-116,32911; 1591,0408
-115,92867; 1588,4824
-115,52822; 1585,9239
-115,12778; 1580,8069
-114,72734; 1580,8069
-114,32689; 1579,5277
-113,92645; 1579,5277
-113,526; 1577,6088
-113,12556; 1571,2126
-112,72511; 1569,9334
-112,32467; 1567,3749
-111,92422; 1566,7353
-111,52378; 1567,3749
-111,12334; 1562,2579
-110,72289; 1558,4202
-110,32245; 1557,7806
-109,922; 1555,8617
-109,52156; 1556,5014
-109,12111; 1550,7448
-108,72067; 1548,1863
-108,32022; 1545,6278
-107,91978; 1544,3486
-107,51934; 1544,9882
-107,11889; 1542,4297
-106,71845; 1539,8712
-106,318; 1536,0335
-105,91756; 1534,7543
-105,51711; 1533,475
-105,11667; 1532,1958
-104,71622; 1529,6373
-104,31578; 1525,16
-103,91534; 1523,2411
-103,51489; 1523,2411
-103,11445; 1521,9619
-102,714; 1520,043
-102,31356; 1514,9261
-101,91311; 1511,0883
-101,51267; 1510,4487
-101,11222; 1509,8091
-100,71178; 1509,8091
-100,31134; 1505,3318
-99,910891; 1502,1337
-99,510447; 1499,5752
-99,110002; 1498,2959
-98,709558; 1498,2959
-98,309113; 1497,0167
-97,908669; 1491,2601
-97,508224; 1489,3413
-97,10778; 1488,062
-96,707336; 1486,7828
-96,306891; 1485,5036
-95,906447; 1480,3866
-95,506002; 1479,1074
-95,105558; 1476,5489
-94,705113; 1476,5489
-94,304669; 1473,9904
-93,904224; 1471,4319
-93,50378; 1467,5942
-93,103336; 1464,3961
-92,702891; 1463,7565
-92,302447; 1465,0357
-91,902002; 1459,9188
-91,501558; 1457,9999
-91,101113; 1454,1622
-90,700669; 1451,6037
-90,300224; 1453,5226
-89,89978; 1449,6848
-89,499336; 1447,766
-89,098891; 1443,2886
-88,698447; 1440,0905
-88,298002; 1441,3698
-87,897558; 1439,4509
-87,497113; 1438,1717
-87,096669; 1433,6943
-86,696224; 1429,8566
-86,29578; 1429,217
-85,895335; 1427,2981
-85,494891; 1427,9378
-85,094447; 1423,4604
-84,694002; 1418,9831
-84,293558; 1419,6227
-83,893113; 1415,785
-83,492669; 1414,5057
-83,092224; 1413,2265
-82,69178; 1407,4699
-82,291335; 1407,4699
-81,890891; 1404,2718
-81,490447; 1404,9114
-81,090002; 1402,9926
-80,689558; 1397,236
-80,289113; 1395,3171
-79,888669; 1394,6775
-79,488224; 1392,7587
-79,08778; 1393,3983
-78,687335; 1387,6417
-78,286891; 1384,4436
-77,886447; 1383,804
-77,486002; 1380,6059
-77,085558; 1382,5247
-76,685113; 1376,1285
-76,284669; 1372,2908
-75,884224; 1371,0116
-75,48378; 1369,0927
-75,083335; 1369,0927
-74,682891; 1367,1739
-74,282447; 1363,3361
-73,882002; 1360,138
-73,481558; 1357,5796
-73,081113; 1356,3003
-72,680669; 1355,0211
-72,280224; 1351,823
-71,87978; 1347,9853
-71,479335; 1345,4268
-71,078891; 1345,4268
-70,678446; 1343,5079
-70,278002; 1341,5891
-69,877558; 1337,1117
-69,477113; 1333,9136
-69,076669; 1332,6344
-68,676224; 1330,7155
-68,27578; 1330,0759
-67,875335; 1327,5174
-67,474891; 1321,7608
-67,074446; 1321,1212
-66,674002; 1319,842
-66,273558; 1318,5627
-65,873113; 1317,2835
-65,472669; 1311,5269
-65,072224; 1309,6081
-64,67178; 1307,6892
-64,271335; 1306,41
-63,870891; 1305,7703
-63,470446; 1301,9326
-63,070002; 1297,4553
-62,669558; 1294,2572
-62,269113; 1294,2572
-61,868669; 1292,9779
-61,468224; 1289,1402
-61,06778; 1286,5817
-60,667335; 1283,3836
-60,266891; 1283,3836
-59,866446; 1282,744
-59,466002; 1278,9063
-59,065557; 1276,3478
-58,665113; 1271,8705
-58,264669; 1269,9516
-57,864224; 1271,2309
-57,46378; 1268,6724
-57,063335; 1265,4743
-56,662891; 1260,3573
-56,262446; 1257,7988
-55,862002; 1259,0781
-55,461557; 1256,5196
-55,061113; 1253,3215
-54,660669; 1248,8442
-54,260224; 1244,3668
-53,85978; 1245,6461
-53,459335; 1243,0876
-53,058891; 1239,8895
-52,658446; 1238,6103
-52,258002; 1233,4933
-51,857557; 1233,4933
-51,457113; 1232,8537
-51,056669; 1230,2952
-50,656224; 1229,016
-50,25578; 1223,899
-49,855335; 1220,7009
-49,454891; 1220,0613
-49,054446; 1219,4217
-48,654002; 1216,8632
-48,253557; 1212,3858
-47,853113; 1209,1877
-47,452668; 1206,6293
-47,052224; 1207,2689
-46,65178; 1205,35
-46,251335; 1200,8727
-45,850891; 1197,6746
-45,450446; 1195,1161
-45,050002; 1193,1972
-44,649557; 1193,1972
-44,249113; 1189,3595
-43,848668; 1185,5218
-43,448224; 1183,6029
-43,04778; 1179,7652
-42,647335; 1181,0445
-42,246891; 1179,1256
-41,846446; 1174,0086
-41,446002; 1172,7294
-41,045557; 1168,2521
-40,645113; 1167,6124
-40,244668; 1166,9728
-39,844224; 1161,2162
-39,44378; 1159,2974
-39,043335; 1156,7389
-38,642891; 1153,5408
-38,242446; 1156,0993
-37,842002; 1150,9823
-37,441557; 1147,1446
-37,041113; 1143,9465
-36,640668; 1141,388
-36,240224; 1142,6673
-35,839779; 1140,1088
-35,439335; 1134,9918
-35,038891; 1133,073
-34,638446; 1130,5145
-34,238002; 1129,2352
-33,837557; 1128,5956
-33,437113; 1124,7579
-33,036668; 1120,9202
-32,636224; 1117,7221
-32,235779; 1116,4428
-31,835335; 1117,0825
-31,434891; 1112,6051
-31,034446; 1109,407
-30,634002; 1106,2089
-30,233557; 1103,0108
-29,833113; 1104,2901
-29,432668; 1101,7316
-29,032224; 1097,8939
-28,631779; 1095,975
-28,231335; 1090,2184
-27,830891; 1090,858
-27,430446; 1090,2184
-27,030002; 1085,7411
-26,629557; 1083,1826
-26,229113; 1078,7053
-25,828668; 1078,0656
-25,428224; 1076,1468
-25,027779; 1073,5883
-24,627335; 1071,6694
-24,226891; 1067,1921
-23,826446; 1065,9129
-23,426002; 1063,994
-23,025557; 1062,0751
-22,625113; 1060,1563
-22,224668; 1055,6789
-21,824224; 1052,4808
-21,423779; 1051,8412
-21,023335; 1049,2827
-20,62289; 1048,0035
-20,222446; 1044,1658
-19,822002; 1039,0488
-19,421557; 1037,7696
-19,021113; 1036,4903
-18,620668; 1035,2111
-18,220224; 1033,2922
-17,819779; 1028,8149
-17,419335; 1026,2564
-17,01889; 1024,9772
-16,618446; 1022,4187
-16,218002; 1020,4998
-15,817557; 1016,6621
-15,417113; 1012,8244
-15,016668; 1010,2659
-14,616224; 1009,6263
-14,215779; 1008,3471
-13,815335; 1004,5094
-13,41489; 1000,032
-13,014446; 998,11315
-12,614002; 996,83391
-12,213557; 994,91505
-11,813113; 992,99619
-11,412668; 988,51885
-11,012224; 984,68113
-10,611779; 984,04151
-10,211335; 982,12265
-9,8108904; 978,92455
-9,4104459; 976,36607
-9,0100015; 973,16797
-8,609557; 969,96987
-8,2091126; 970,60949
-7,8086681; 967,41139
-7,4082237; 965,49253
-7,0077792; 961,65481
-6,6073348; 957,17747
-6,2068903; 957,17747
-5,8064459; 954,619
-5,4060014; 952,06052
-5,005557; 949,50204
-4,6051126; 944,38508
-4,2046681; 943,10584
-3,8042237; 943,10584
-3,4037792; 940,54736
-3,0033348; 936,70964
-2,6028903; 932,2323
-2,2024459; 930,95306
-1,8020014; 929,0342
-1,401557; 927,11534
-1,0011125; 924,55686
-0,60066807; 919,4399
-0,20022362; 916,88142
0,20022082; 916,88142
0,60066527; 914,32294
1,0011097; 911,76446
1,4015542; 909,20598
1,8019986; 903,4494
2,2024431; 902,80978
2,6028875; 901,53054
3,003332; 900,2513
3,4037764; 896,41358
3,8042209; 891,93624
4,2046653; 888,73814
4,6051098; 886,81928
5,0055542; 886,17966
5,4059986; 884,2608
5,8064431; 879,78346
6,2068875; 877,8646
6,607332; 873,38726
7,0077764; 873,38726
7,4082209; 872,10802
7,8086653; 865,71182
8,2091098; 863,79296
8,6095542; 859,95524
9,0099987; 858,676
9,4104431; 858,676
9,8108876; 854,83828
10,211332; 849,0817
10,611776; 847,16284
11,012221; 845,24398
11,412665; 844,60436
11,81311; 842,04588
12,213554; 838,20816
12,613999; 833,73083
13,014443; 832,45159
13,414888; 831,17235
13,815332; 830,53273
14,215777; 827,33463
14,616221; 822,85729
15,016665; 820,29881
15,41711; 818,37995
15,817554; 817,10071
16,217999; 814,54223
16,618443; 810,06489
17,018888; 805,58755
17,419332; 804,30831
17,819777; 803,66869
18,220221; 802,38945
18,620665; 797,27249
19,02111; 793,43477
19,421554; 791,51591
19,821999; 789,59705
20,222443; 788,31781
20,622888; 783,20085
21,023332; 780,00275
21,423777; 778,72351
21,824221; 776,80465
22,224665; 777,44427
22,62511; 772,32731
23,025554; 767,21035
23,425999; 765,29149
23,826443; 762,09339
24,226888; 760,81415
24,627332; 761,45377
25,027777; 755,05757
25,428221; 753,13871
25,828665; 749,94061
26,22911; 747,38213
26,629554; 748,02175
27,029999; 742,90479
27,430443; 739,06707
27,830888; 737,14821
28,231332; 733,95011
28,631777; 734,58973
29,032221; 731,39163
29,432666; 726,91429
29,83311; 723,07657
30,233554; 721,15771
30,633999; 719,87847
31,034443; 717,95961
31,434888; 715,40114
31,835332; 710,28418
32,235777; 707,7257
32,636221; 707,7257
33,036666; 705,16722
33,43711; 702,60874
33,837554; 700,05026
34,237999; 694,29368
34,638443; 693,01444
35,038888; 693,01444
35,439332; 689,17672
35,839777; 687,89748
36,240221; 682,1409
36,640666; 678,9428
37,04111; 678,30318
37,441554; 675,7447
37,841999; 673,82584
38,242443; 668,70888
38,642888; 666,1504
39,043332; 664,23154
39,443777; 662,9523
39,844221; 661,03344
40,244666; 656,5561
40,64511; 653,358
41,045555; 650,1599
41,445999; 650,1599
41,846443; 647,60142
42,246888; 643,12408
42,647332; 639,92598
43,047777; 636,72788
43,448221; 636,08826
43,848666; 634,1694
44,24911; 630,9713
44,649555; 629,05244
45,049999; 625,21472
45,450443; 621,377
45,850888; 621,377
46,251332; 619,45814
46,651777; 615,62042
47,052221; 613,06194
47,452666; 609,22422
47,85311; 607,94498
48,253555; 607,30536
48,653999; 602,1884
49,054443; 600,26954
49,454888; 595,79221
49,855332; 593,87335
50,255777; 593,23373
50,656221; 590,03563
51,056666; 586,83753
51,45711; 581,72057
51,857555; 580,44133
52,257999; 579,80171
52,658444; 576,60361
53,058888; 573,40551
53,459332; 568,92817
53,859777; 567,00931
54,260221; 566,36969
54,660666; 563,81121
55,06111; 562,53197
55,461555; 557,41501
55,861999; 553,57729
56,262444; 551,65843
56,662888; 550,37919
57,063332; 549,73957
57,463777; 545,26223
57,864221; 542,06413
58,264666; 538,86603
58,66511; 536,94717
59,065555; 536,94717
59,465999; 532,46983
59,866444; 526,71325
60,266888; 526,07363
60,667332; 522,87553
61,067777; 522,87553
61,468221; 520,31705
61,868666; 515,20009
62,26911; 513,92085
62,669555; 510,08313
63,069999; 508,16427
63,470444; 507,52465
63,870888; 502,40769
64,271333; 498,56997
64,671777; 496,01149
65,072221; 494,09263
65,472666; 494,09263
65,87311; 490,89453
66,273555; 488,33605
66,673999; 483,85871
67,074444; 481,93985
67,474888; 481,93985
67,875333; 478,10213
68,275777; 474,90404
68,676221; 470,4267
69,076666; 467,2286
69,47711; 467,86822
69,877555; 465,30974
70,277999; 462,11164
70,678444; 458,91354
71,078888; 454,4362
71,479333; 454,4362
71,879777; 453,15696
72,280221; 450,59848
72,680666; 446,12114
73,08111; 442,28342
73,481555; 439,08532
73,881999; 440,36456
74,282444; 436,52684
74,682888; 433,96836
75,083333; 431,40988
75,483777; 426,29292
75,884221; 425,6533
76,284666; 425,01368
76,68511; 419,89672
77,085555; 417,97786
77,485999; 413,50052
77,886444; 412,22128
78,286888; 412,22128
78,687333; 406,4647
79,087777; 405,18546
79,488222; 401,34774
79,888666; 398,78926
80,28911; 398,78926
80,689555; 395,59116
81,089999; 393,6723
81,490444; 388,55534
81,890888; 384,71762
82,291333; 384,71762
82,691777; 381,51952
83,092222; 379,60066
83,492666; 375,76294
83,89311; 371,2856
84,293555; 370,64598
84,693999; 370,00636
85,094444; 366,80826
85,494888; 363,61016
85,895333; 358,4932
86,295777; 355,93473
86,696222; 354,65549
87,096666; 352,73663
87,49711; 350,81777
87,897555; 347,61967
88,297999; 343,78195
88,698444; 341,86309
89,098888; 340,58385
89,499333; 338,66499
89,899777; 334,18765
90,300222; 329,07069
90,700666; 327,79145
91,101111; 325,87259
91,501555; 325,23297
91,901999; 321,39525
92,302444; 314,99905
92,702888; 314,35943
93,103333; 310,52171
93,503777; 310,52171
93,904222; 309,24247
94,304666; 302,84627
94,705111; 300,92741
95,105555; 298,36893
95,505999; 295,81045
95,906444; 294,53121
96,306888; 288,77463
96,707333; 286,21615
97,107777; 283,65767
97,508222; 281,09919
97,908666; 282,37843
98,309111; 277,26147
98,709555; 274,70299
99,109999; 271,50489
99,510444; 267,66717
99,910888; 268,30679
100,31133; 263,82945
100,71178; 260,63135
101,11222; 257,43325
101,51267; 254,23515
101,91311; 253,59553
102,31356; 251,67667
102,714; 247,19933
103,11444; 244,00123
103,51489; 240,16351
103,91533; 238,24466
104,31578; 238,88427
104,71622; 233,76732
105,11667; 229,28998
105,51711; 227,37112
105,91756; 224,81264
106,318; 222,89378
106,71844; 221,61454
107,11889; 217,1372
107,51933; 212,65986
107,91978; 210,10138
108,32022; 208,18252
108,72067; 207,5429
109,12111; 202,42594
109,52156; 200,50708
109,922; 196,02974
110,32244; 193,47126
110,72289; 194,11088
111,12333; 189,63354
111,52378; 187,07506
111,92422; 182,59772
112,32467; 180,03924
112,72511; 180,03924
113,12556; 175,5619
113,526; 172,3638
113,92644; 169,1657
114,32689; 164,68836
114,72733; 164,04874
115,12778; 162,7695
115,52822; 159,5714
115,92867; 156,3733
116,32911; 151,89596
116,72956; 150,61672
117,13; 149,33748
117,53044; 146,779
117,93089; 141,66204
118,33133; 139,10356
118,73178; 136,54508
119,13222; 133,9866
119,53267; 132,70736
119,93311; 128,86964
120,33356; 124,3923
120,734; 121,1942
121,13444; 120,55458
121,53489; 117,35649
121,93533; 116,71687
122,33578; 110,96029
122,73622; 109,04143
123,13667; 105,84333
123,53711; 103,92447
123,93756; 102,64523
124,338; 98,807507
124,73844; 94,330167
125,13889; 92,411307
125,53933; 91,771687
125,93978; 88,573588
126,34022; 86,015108
126,74067; 81,537768
127,14111; 78,339668
127,54156; 77,700048
127,942; 75,141569
128,34244; 73,222709
128,74289; 68,745369
129,14333; 64,26803
129,54378; 63,62841
129,94422; 61,06993
130,34467; 60,43031
130,74511; 56,59259
131,14556; 50,836011
131,546; 50,196391
131,94644; 48,277531
132,34689; 45,719051
132,74733; 43,160571
133,14778; 38,683232
133,54822; 35,485132
133,94867; 32,926652
134,34911; 31,647412
134,74956; 30,368172
135,15; 23,971973
135,55044; 22,053113
135,95089; 19,494633
136,35133; 16,936154
136,75178; 17,575773
137,15222; 13,098434
137,55267; 9,2607142
137,95311; 7,9814743
138,35356; 6,0626144
138,754; 5,4229945
139,15444; 0,94565487
139,55489; -1,6128249
139,95533; -4,1713047
140,35578; -7,3694044
140,75622; -7,3694044
141,15667; -9,2882643
141,55711; -12,486364
141,95756; -13,765604
142,358; -15,044844
142,75844; -17,603324
143,15889; -19,522183
143,55933; -21,441043
143,95978; -22,720283
144,36022; -23,359903
144,76067; -24,639143
145,16111; -18,242944
145,56156; -2,2524449
145,962; 2,2248948
146,36244; 2,2248948
146,76289; 2,8645147
147,16333; 4,1437546
147,56378; 4,1437546
147,96422; 6,0626144
148,36467; 6,0626144
148,76511; 7,9814743
149,16556; 8,6210942
149,566; 9,9003341
149,96644; 11,819194
150,36689; 12,458814
150,76733; 13,098434
151,16778; 13,738054
151,56822; 13,738054
151,96867; 15,017294
152,36911; 14,377674
152,76956; 14,377674
153,17; 15,656914
153,57044; 16,296534
153,97089; 16,296534
154,37133; 16,296534
154,77178; 18,215393
155,17222; 18,215393
155,57267; 17,575773
155,97311; 18,855013
156,37356; 18,855013
156,774; 20,134253
157,17444; 20,134253
157,57489; 20,773873
157,97533; 20,134253
158,37578; 20,134253
158,77622; 20,134253
159,17667; 19,494633
159,57711; 20,773873
159,97756; 20,773873
160,378; 20,134253
160,77844; 20,773873
161,17889; 20,773873
161,57933; 21,413493
161,97978; 21,413493
162,38022; 20,773873
162,78067; 20,773873
163,18111; 20,773873
163,58156; 20,773873
163,982; 20,134253
164,38244; 21,413493
164,78289; 21,413493
165,18333; 20,773873
165,58378; 21,413493
165,98422; 21,413493
166,38467; 22,053113
166,78511; 21,413493
167,18556; 21,413493
167,586; 21,413493
167,98644; 21,413493
168,38689; 21,413493
168,78733; 20,773873
169,18778; 22,053113
169,58822; 21,413493
169,98867; 21,413493
170,38911; 21,413493
170,78956; 21,413493
171,19; 20,773873
171,59044; 22,053113
171,99089; 20,773873
172,39133; 21,413493
172,79178; 21,413493
173,19222; 22,692733
173,59267; 21,413493
173,99311; 21,413493
174,39356; 21,413493
174,794; 21,413493
175,19444; 21,413493
175,59489; 22,692733
175,99533; 21,413493
176,39578; 21,413493
176,79622; 22,053113
177,19667; 21,413493
177,59711; 21,413493
177,99756; 22,053113
178,398; 22,692733
178,79844; 22,053113
179,19889; 23,332353
179,59933; 22,053113
179,99978; 22,053113
180,40022; 22,053113
180,80067; 22,692733
181,20111; 22,692733
181,60156; 22,692733
182,002; 22,692733
182,40244; 22,053113
182,80289; 22,692733
183,20333; 22,053113
183,60378; 22,692733
184,00422; 22,053113
184,40467; 22,053113
184,80511; 22,692733
185,20556; 22,692733
185,606; 22,692733
186,00644; 23,332353
186,40689; 22,053113
186,80733; 23,332353
187,20778; 22,692733
187,60822; 22,692733
188,00867; 22,692733
188,40911; 22,692733
188,80956; 23,332353
189,21; 22,692733
189,61044; 23,332353
190,01089; 23,332353
190,41133; 22,692733
190,81178; 22,053113
191,21222; 23,332353
191,61267; 22,692733
192,01311; 23,332353
192,41356; 23,332353
192,814; 23,332353
193,21444; 23,971973
193,61489; 22,692733
194,01533; 22,692733
194,41578; 23,332353
194,81622; 24,611593
195,21667; 23,332353
195,61711; 23,332353
196,01756; 23,971973
196,418; 23,332353
196,81844; 23,332353
197,21889; 23,332353
197,61933; 23,332353
198,01978; 22,692733
198,42022; 24,611593
198,82067; 23,332353
199,22111; 23,332353
199,62156; 23,332353
200,022; 23,332353
