Name=DFL (1)
X=Height, nm
Y=DFL, nN
-200,022; 1970,3355
-199,62156; 1963,9393
-199,22111; 1962,66
-198,82067; 1960,1016
-198,42023; 1962,0204
-198,01978; 1958,8223
-197,61934; 1951,7865
-197,21889; 1951,7865
-196,81845; 1947,3092
-196,418; 1947,9488
-196,01756; 1946,6695
-195,61711; 1940,913
-195,21667; 1939,6337
-194,81623; 1934,5168
-194,41578; 1934,5168
-194,01534; 1931,9583
-193,61489; 1930,0394
-193,21445; 1927,4809
-192,814; 1922,364
-192,41356; 1920,4451
-192,01311; 1920,4451
-191,61267; 1917,8866
-191,21223; 1915,9678
-190,81178; 1910,8508
-190,41134; 1905,7339
-190,01089; 1909,5716
-189,61045; 1906,3735
-189,21; 1905,7339
-188,80956; 1899,3377
-188,40911; 1892,9415
-188,00867; 1894,8603
-187,60823; 1891,6622
-187,20778; 1891,0226
-186,80734; 1885,9056
-186,40689; 1880,7887
-186,00645; 1881,4283
-185,606; 1879,5094
-185,20556; 1878,2302
-184,80511; 1875,6717
-184,40467; 1869,2755
-184,00423; 1869,9151
-183,60378; 1867,3567
-183,20334; 1864,7982
-182,80289; 1864,1586
-182,40245; 1857,7624
-182,002; 1855,2039
-181,60156; 1851,3662
-181,20111; 1850,0869
-180,80067; 1851,3662
-180,40023; 1844,3303
-179,99978; 1841,7719
-179,59934; 1838,5738
-179,19889; 1838,5738
-178,79845; 1837,2945
-178,398; 1834,736
-177,99756; 1830,2587
-177,59711; 1825,7814
-177,19667; 1825,1417
-176,79623; 1825,1417
-176,39578; 1821,9436
-175,99534; 1816,1871
-175,59489; 1815,5474
-175,19445; 1809,1512
-174,794; 1811,0701
-174,39356; 1809,7909
-173,99311; 1804,0343
-173,59267; 1802,755
-173,19223; 1797,6381
-172,79178; 1796,9985
-172,39134; 1795,7192
-171,99089; 1793,8004
-171,59045; 1789,9626
-171,19; 1785,4853
-170,78956; 1782,2872
-170,38911; 1781,008
-169,98867; 1779,7287
-169,58823; 1776,5306
-169,18778; 1772,0533
-168,78734; 1766,9363
-168,38689; 1768,2156
-167,98645; 1766,9363
-167,586; 1764,3778
-167,18556; 1759,9005
-166,78511; 1756,0628
-166,38467; 1755,4232
-165,98423; 1754,7835
-165,58378; 1752,8647
-165,18334; 1745,8289
-164,78289; 1744,5496
-164,38245; 1742,6308
-163,982; 1740,7119
-163,58156; 1740,0723
-163,18111; 1734,9553
-162,78067; 1731,7572
-162,38023; 1729,1988
-161,97978; 1726,6403
-161,57934; 1724,0818
-161,17889; 1724,7214
-160,77845; 1719,6045
-160,378; 1717,046
-159,97756; 1713,8479
-159,57711; 1713,2083
-159,17667; 1713,2083
-158,77623; 1708,7309
-158,37578; 1705,5328
-157,97534; 1700,4159
-157,57489; 1700,4159
-157,17445; 1699,1366
-156,774; 1695,9385
-156,37356; 1691,4612
-155,97311; 1687,6235
-155,57267; 1686,3442
-155,17222; 1686,3442
-154,77178; 1683,1461
-154,37134; 1678,0292
-153,97089; 1674,8311
-153,57045; 1671,633
-153,17; 1673,5518
-152,76956; 1670,3537
-152,36911; 1665,8764
-151,96867; 1663,9575
-151,56822; 1658,8406
-151,16778; 1658,2009
-150,76734; 1656,2821
-150,36689; 1655,0028
-149,96645; 1651,1651
-149,566; 1647,3274
-149,16556; 1644,7689
-148,76511; 1643,4897
-148,36467; 1642,2104
-147,96422; 1639,0123
-147,56378; 1635,1746
-147,16334; 1630,0577
-146,76289; 1631,3369
-146,36245; 1629,418
-145,962; 1628,1388
-145,56156; 1621,7426
-145,16111; 1616,6256
-144,76067; 1617,9049
-144,36022; 1615,986
-143,95978; 1615,3464
-143,55934; 1609,5898
-143,15889; 1606,3917
-142,75845; 1605,1125
-142,358; 1603,8332
-141,95756; 1601,2748
-141,55711; 1598,0767
-141,15667; 1592,3201
-140,75622; 1591,6805
-140,35578; 1590,4012
-139,95534; 1587,2031
-139,55489; 1587,2031
-139,15445; 1582,0862
-138,754; 1578,8881
-138,35356; 1576,3296
-137,95311; 1575,69
-137,55267; 1574,4107
-137,15222; 1570,573
-136,75178; 1565,456
-136,35134; 1561,6183
-135,95089; 1560,9787
-135,55045; 1560,3391
-135,15; 1557,7806
-134,74956; 1552,6636
-134,34911; 1548,8259
-133,94867; 1549,4655
-133,54822; 1549,4655
-133,14778; 1546,2674
-132,74734; 1541,1505
-132,34689; 1538,592
-131,94645; 1534,1147
-131,546; 1534,1147
-131,14556; 1530,9166
-130,74511; 1528,3581
-130,34467; 1525,7996
-129,94422; 1521,9619
-129,54378; 1521,9619
-129,14334; 1518,1242
-128,74289; 1517,4845
-128,34245; 1513,0072
-127,942; 1508,5299
-127,54156; 1505,3318
-127,14111; 1504,0525
-126,74067; 1501,494
-126,34022; 1499,5752
-125,93978; 1493,179
-125,53934; 1489,9809
-125,13889; 1489,9809
-124,73845; 1488,062
-124,338; 1487,4224
-123,93756; 1482,3055
-123,53711; 1477,8281
-123,13667; 1477,1885
-122,73622; 1475,9093
-122,33578; 1473,9904
-121,93534; 1468,8734
-121,53489; 1466,315
-121,13445; 1463,1169
-120,734; 1463,1169
-120,33356; 1461,8376
-119,93311; 1456,081
-119,53267; 1454,1622
-119,13222; 1450,9641
-118,73178; 1448,4056
-118,33134; 1447,1264
-117,93089; 1444,5679
-117,53045; 1441,3698
-117,13; 1437,5321
-116,72956; 1432,4151
-116,32911; 1433,6943
-115,92867; 1431,7755
-115,52822; 1428,5774
-115,12778; 1426,0189
-114,72734; 1418,9831
-114,32689; 1422,1812
-113,92645; 1420,2623
-113,526; 1417,0642
-113,12556; 1413,8661
-112,72511; 1406,8303
-112,32467; 1406,8303
-111,92422; 1406,1907
-111,52378; 1403,6322
-111,12334; 1399,1549
-110,72289; 1394,0379
-110,32245; 1394,6775
-109,922; 1393,3983
-109,52156; 1389,5606
-109,12111; 1387,6417
-108,72067; 1383,804
-108,32022; 1379,9663
-107,91978; 1380,6059
-107,51934; 1375,4889
-107,11889; 1377,4078
-106,71845; 1372,9304
-106,318; 1367,1739
-105,91756; 1367,1739
-105,51711; 1361,4173
-105,11667; 1362,0569
-104,71622; 1359,4984
-104,31578; 1353,1022
-103,91534; 1350,5437
-103,51489; 1349,9041
-103,11445; 1349,2645
-102,714; 1349,2645
-102,31356; 1342,2287
-101,91311; 1337,7513
-101,51267; 1337,7513
-101,11222; 1335,1929
-100,71178; 1335,1929
-100,31134; 1328,7967
-99,910891; 1326,2382
-99,510447; 1323,0401
-99,110002; 1321,7608
-98,709558; 1321,1212
-98,309113; 1315,3646
-97,908669; 1312,8062
-97,508224; 1310,8873
-97,10778; 1308,9684
-96,707336; 1307,0496
-96,306891; 1305,7703
-95,906447; 1301,9326
-95,506002; 1296,8157
-95,105558; 1294,2572
-94,705113; 1292,9779
-94,304669; 1291,6987
-93,904224; 1289,1402
-93,50378; 1284,6629
-93,103336; 1280,1855
-92,702891; 1281,4648
-92,302447; 1278,9063
-91,902002; 1276,9874
-91,501558; 1271,8705
-91,101113; 1267,3931
-90,700669; 1267,3931
-90,300224; 1265,4743
-89,89978; 1265,4743
-89,499336; 1259,7177
-89,098891; 1256,5196
-88,698447; 1254,6007
-88,298002; 1252,0423
-87,897558; 1250,1234
-87,497113; 1246,9253
-87,096669; 1243,7272
-86,696224; 1240,5291
-86,29578; 1237,9706
-85,895335; 1236,0518
-85,494891; 1236,0518
-85,094447; 1231,5744
-84,694002; 1228,3763
-84,293558; 1224,5386
-83,893113; 1223,2594
-83,492669; 1223,899
-83,092224; 1219,4217
-82,69178; 1215,5839
-82,291335; 1210,467
-81,890891; 1210,467
-81,490447; 1208,5481
-81,090002; 1207,2689
-80,689558; 1202,1519
-80,289113; 1198,3142
-79,888669; 1197,6746
-79,488224; 1197,035
-79,08778; 1195,7557
-78,687335; 1191,2784
-78,286891; 1186,801
-77,886447; 1182,9633
-77,486002; 1182,9633
-77,085558; 1181,0445
-76,685113; 1178,486
-76,284669; 1174,6483
-75,884224; 1169,5313
-75,48378; 1170,1709
-75,083335; 1166,9728
-74,682891; 1166,9728
-74,282447; 1161,8559
-73,882002; 1158,0181
-73,481558; 1156,7389
-73,081113; 1154,82
-72,680669; 1152,9012
-72,280224; 1152,2616
-71,87978; 1146,505
-71,479335; 1141,388
-71,078891; 1143,3069
-70,678446; 1140,7484
-70,278002; 1140,1088
-69,877558; 1134,3522
-69,477113; 1129,8749
-69,076669; 1130,5145
-68,676224; 1128,5956
-68,27578; 1127,956
-67,875335; 1122,1994
-67,474891; 1118,3617
-67,074446; 1117,7221
-66,674002; 1115,8032
-66,273558; 1114,524
-65,873113; 1111,9655
-65,472669; 1106,2089
-65,072224; 1104,2901
-64,67178; 1103,6504
-64,271335; 1100,4523
-63,870891; 1101,092
-63,470446; 1095,975
-63,070002; 1092,7769
-62,669558; 1090,858
-62,269113; 1087,6599
-61,868669; 1087,0203
-61,468224; 1083,8222
-61,06778; 1079,9845
-60,667335; 1074,8675
-60,266891; 1076,1468
-59,866446; 1076,1468
-59,466002; 1073,5883
-59,065557; 1069,111
-58,665113; 1064,6336
-58,264669; 1062,7148
-57,864224; 1064,6336
-57,46378; 1062,0751
-57,063335; 1054,3997
-56,662891; 1055,0393
-56,262446; 1051,2016
-55,862002; 1049,9224
-55,461557; 1049,2827
-55,061113; 1044,1658
-54,660669; 1042,8865
-54,260224; 1039,6884
-53,85978; 1038,4092
-53,459335; 1038,4092
-53,058891; 1035,2111
-52,658446; 1031,3734
-52,258002; 1028,1753
-51,857557; 1023,6979
-51,457113; 1024,3376
-51,056669; 1021,7791
-50,656224; 1019,2206
-50,25578; 1016,0225
-49,855335; 1010,9056
-49,454891; 1014,1037
-49,054446; 1011,5452
-48,654002; 1008,9867
-48,253557; 1005,149
-47,853113; 998,75277
-47,452668; 1000,032
-47,052224; 998,75277
-46,65178; 994,91505
-46,251335; 992,35657
-45,850891; 990,43771
-45,450446; 986,59999
-45,050002; 988,51885
-44,649557; 984,04151
-44,249113; 981,48303
-43,848668; 978,92455
-43,448224; 973,80759
-43,04778; 975,08683
-42,647335; 970,60949
-42,246891; 971,24911
-41,846446; 967,41139
-41,446002; 962,93405
-41,045557; 960,37557
-40,645113; 960,37557
-40,244668; 959,09633
-39,844224; 955,89823
-39,44378; 951,4209
-39,043335; 947,58318
-38,642891; 948,86242
-38,242446; 946,94356
-37,842002; 944,38508
-37,441557; 941,18698
-37,041113; 936,07002
-36,640668; 935,4304
-36,240224; 936,07002
-35,839779; 934,15116
-35,439335; 927,75496
-35,038891; 926,47572
-34,638446; 923,27762
-34,238002; 923,27762
-33,837557; 920,71914
-33,437113; 917,52104
-33,036668; 916,2418
-32,636224; 911,76446
-32,235779; 910,48522
-31,835335; 907,28712
-31,434891; 907,92674
-31,034446; 903,4494
-30,634002; 899,61168
-30,233557; 897,69282
-29,833113; 897,69282
-29,432668; 896,41358
-29,032224; 893,8551
-28,631779; 888,73814
-28,231335; 882,98156
-27,830891; 884,2608
-27,430446; 882,34194
-27,030002; 881,70232
-26,629557; 876,58536
-26,229113; 872,10802
-25,828668; 872,10802
-25,428224; 871,4684
-25,027779; 870,18916
-24,627335; 864,43258
-24,226891; 861,8741
-23,826446; 859,95524
-23,426002; 858,676
-23,025557; 857,39676
-22,625113; 853,55904
-22,224668; 849,72132
-21,824224; 849,0817
-21,423779; 845,24398
-21,023335; 844,60436
-20,62289; 843,96474
-20,222446; 838,84778
-19,822002; 836,92892
-19,421557; 833,73083
-19,021113; 831,81197
-18,620668; 831,81197
-18,220224; 827,33463
-17,819779; 825,41577
-17,419335; 821,57805
-17,01889; 822,85729
-16,618446; 821,57805
-16,218002; 817,74033
-15,817557; 813,26299
-15,417113; 810,06489
-15,016668; 806,22717
-14,616224; 808,14603
-14,215779; 806,22717
-13,815335; 801,11021
-13,41489; 800,47059
-13,014446; 796,63287
-12,614002; 796,63287
-12,213557; 794,71401
-11,813113; 790,23667
-11,412668; 787,67819
-11,012224; 785,75933
-10,611779; 783,20085
-10,211335; 781,92161
-9,8108904; 781,92161
-9,4104459; 777,44427
-9,0100015; 774,88579
-8,609557; 771,04807
-8,2091126; 769,12921
-7,8086681; 769,12921
-7,4082237; 765,93111
-7,0077792; 763,37263
-6,6073348; 758,89529
-6,2068903; 759,53491
-5,8064459; 758,25567
-5,4060014; 755,69719
-5,005557; 752,49909
-4,6051126; 746,74251
-4,2046681; 745,46327
-3,8042237; 746,74251
-3,4037792; 743,54441
-3,0033348; 739,70669
-2,6028903; 738,42745
-2,2024459; 733,31049
-1,8020014; 735,22935
-1,401557; 732,03125
-1,0011125; 728,83315
-0,60066807; 727,55391
-0,20022362; 722,43695
0,20022082; 722,43695
0,60066527; 720,51809
1,0011097; 718,59923
1,4015542; 716,68037
1,8019986; 712,84266
2,2024431; 708,36532
2,6028875; 708,36532
3,003332; 707,08608
3,4037764; 703,88798
3,8042209; 701,3295
4,2046653; 696,21254
4,6051098; 696,21254
5,0055542; 696,21254
5,4059986; 693,01444
5,8064431; 689,17672
6,2068875; 685,97862
6,607332; 684,69938
7,0077764; 684,05976
7,4082209; 682,1409
7,8086653; 677,02394
8,2091098; 676,38432
8,6095542; 671,90698
9,0099987; 671,90698
9,4104431; 669,98812
9,8108876; 666,1504
10,211332; 664,23154
10,611776; 661,67306
11,012221; 660,39382
11,412665; 657,83534
11,81311; 655,91648
12,213554; 653,99762
12,613999; 649,52028
13,014443; 647,60142
13,414888; 646,9618
13,815332; 645,68256
14,215777; 642,48446
14,616221; 637,3675
15,016665; 633,52978
15,41711; 634,1694
15,817554; 632,89016
16,217999; 630,9713
16,618443; 626,49396
17,018888; 623,29586
17,419332; 622,65624
17,819777; 620,73738
18,220221; 619,45814
18,620665; 614,34118
19,02111; 612,42232
19,421554; 611,7827
19,821999; 610,50346
20,222443; 608,5846
20,622888; 605,3865
21,023332; 600,90916
21,423777; 600,26954
21,824221; 597,71106
22,224665; 593,87335
22,62511; 596,43183
23,025554; 590,03563
23,425999; 587,47715
23,826443; 586,83753
24,226888; 582,36019
24,627332; 582,99981
25,027777; 579,80171
25,428221; 575,96399
25,828665; 572,76589
26,22911; 571,48665
26,629554; 571,48665
27,029999; 568,92817
27,430443; 563,81121
27,830888; 561,89235
28,231332; 561,25273
28,631777; 560,61311
29,032221; 558,69425
29,432666; 552,93767
29,83311; 551,65843
30,233554; 548,46033
30,633999; 547,82071
31,034443; 547,82071
31,434888; 542,06413
31,835332; 539,50565
32,235777; 538,86603
32,636221; 536,30755
33,036666; 534,38869
33,43711; 533,10945
33,837554; 527,99249
34,237999; 526,71325
34,638443; 522,87553
35,038888; 521,59629
35,439332; 521,59629
35,839777; 517,75857
36,240221; 515,20009
36,640666; 512,64161
37,04111; 510,72275
37,441554; 511,36237
37,841999; 508,16427
38,242443; 503,68693
38,642888; 499,84921
39,043332; 499,20959
39,443777; 499,20959
39,844221; 495,37187
40,244666; 491,53415
40,64511; 490,89453
41,045555; 487,69643
41,445999; 487,69643
41,846443; 484,49833
42,246888; 481,30023
42,647332; 479,38137
43,047777; 476,8229
43,448221; 475,54366
43,848666; 472,34556
44,24911; 472,34556
44,649555; 469,14746
45,049999; 464,67012
45,450443; 464,0305
45,850888; 461,47202
46,251332; 460,8324
46,651777; 458,91354
47,052221; 455,07582
47,452666; 451,2381
47,85311; 451,2381
48,253555; 449,95886
48,653999; 448,04
49,054443; 443,56266
49,454888; 440,36456
49,855332; 439,08532
50,255777; 438,4457
50,656221; 436,52684
51,056666; 430,77026
51,45711; 430,77026
51,857555; 426,93254
52,257999; 426,29292
52,658444; 425,01368
53,058888; 420,53634
53,459332; 418,61748
53,859777; 416,69862
54,260221; 414,77976
54,660666; 410,94204
55,06111; 410,30242
55,461555; 407,74394
55,861999; 405,82508
56,262444; 402,62698
56,662888; 401,34774
57,063332; 399,42888
57,463777; 396,8704
57,864221; 393,6723
58,264666; 388,55534
58,66511; 391,11382
59,065555; 387,2761
59,465999; 385,99686
59,866444; 382,79876
60,266888; 378,32142
60,667332; 378,32142
61,067777; 377,04218
61,468221; 374,4837
61,868666; 371,2856
62,26911; 368,72712
62,669555; 366,80826
63,069999; 365,52902
63,470444; 362,97054
63,870888; 360,41206
64,271333; 357,85359
64,671777; 355,29511
65,072221; 353,37625
65,472666; 350,81777
65,87311; 350,81777
66,273555; 346,34043
66,673999; 343,78195
67,074444; 342,50271
67,474888; 339,30461
67,875333; 338,66499
68,275777; 336,10651
68,676221; 332,90841
69,076666; 328,43107
69,47711; 329,71031
69,877555; 328,43107
70,277999; 325,87259
70,678444; 320,75563
71,078888; 318,19715
71,479333; 316,91791
71,879777; 316,27829
72,280221; 316,27829
72,680666; 309,88209
73,08111; 309,88209
73,481555; 306,04437
73,881999; 304,76513
74,282444; 303,48589
74,682888; 298,36893
75,083333; 297,08969
75,483777; 295,17083
75,884221; 293,25197
76,284666; 290,69349
76,68511; 290,69349
77,085555; 286,85577
77,485999; 283,65767
77,886444; 280,45957
78,286888; 280,45957
78,687333; 278,54071
79,087777; 275,34261
79,488222; 272,78413
79,888666; 268,94641
80,28911; 268,94641
80,689555; 267,02755
81,089999; 265,74831
81,490444; 260,63135
81,890888; 258,07287
82,291333; 258,71249
82,691777; 255,51439
83,092222; 254,87477
83,492666; 249,75781
83,89311; 247,83895
84,293555; 245,92009
84,693999; 244,00123
85,094444; 242,72199
85,494888; 239,52389
85,895333; 236,96542
86,295777; 234,40694
86,696222; 233,1277
87,096666; 230,56922
87,49711; 230,56922
87,897555; 226,7315
88,297999; 224,81264
88,698444; 222,25416
89,098888; 220,97492
89,499333; 219,05606
89,899777; 216,49758
90,300222; 214,57872
90,700666; 208,82214
91,101111; 209,46176
91,501555; 208,18252
91,901999; 204,98442
92,302444; 203,06556
92,702888; 199,22784
93,103333; 199,22784
93,503777; 197,30898
93,904222; 192,83164
94,304666; 191,5524
94,705111; 188,99392
95,105555; 186,43544
95,505999; 185,79582
95,906444; 182,59772
96,306888; 180,67886
96,707333; 177,48076
97,107777; 175,5619
97,508222; 175,5619
97,908666; 169,80532
98,309111; 170,44494
98,709555; 166,60722
99,109999; 164,04874
99,510444; 164,68836
99,910888; 159,5714
100,31133; 160,85064
100,71178; 157,01292
101,11222; 153,1752
101,51267; 149,9771
101,91311; 149,9771
102,31356; 149,33748
102,714; 146,779
103,11444; 141,66204
103,51489; 140,3828
103,91533; 139,10356
104,31578; 137,1847
104,71622; 136,54508
105,11667; 130,7885
105,51711; 130,7885
105,91756; 128,23002
106,318; 127,5904
106,71844; 125,67154
107,11889; 120,55458
107,51933; 119,91496
107,91978; 117,99611
108,32022; 114,79801
108,72067; 112,87915
109,12111; 112,23953
109,52156; 109,04143
109,922; 107,12257
110,32244; 104,56409
110,72289; 102,00561
111,12333; 102,00561
111,52378; 99,447127
111,92422; 97,528267
112,32467; 92,411307
112,72511; 93,690547
113,12556; 91,132067
113,526; 89,213207
113,92644; 86,015108
114,32689; 82,177388
114,72733; 82,817008
115,12778; 79,618908
115,52822; 78,339668
115,92867; 74,501949
116,32911; 73,222709
116,72956; 71,943469
117,13; 70,024609
117,53044; 67,466129
117,93089; 64,90765
118,33133; 61,70955
118,73178; 61,70955
119,13222; 59,79069
119,53267; 57,23221
119,93311; 56,59259
120,33356; 52,754871
120,734; 51,475631
121,13444; 48,917151
121,53489; 47,637911
121,93533; 47,637911
122,33578; 43,160571
122,73622; 43,800191
123,13667; 39,322852
123,53711; 38,683232
123,93756; 38,043612
124,338; 34,845512
124,73844; 32,926652
125,13889; 30,368172
125,53933; 29,728552
125,93978; 30,368172
126,34022; 27,170073
126,74067; 23,971973
127,14111; 24,611593
127,54156; 22,692733
127,942; 23,332353
128,34244; 21,413493
128,74289; 17,575773
129,14333; 18,215393
129,54378; 15,656914
129,94422; 16,296534
130,34467; 14,377674
130,74511; 13,738054
131,14556; 13,098434
131,546; 27,809693
131,94644; 34,205892
132,34689; 34,845512
132,74733; 36,124752
133,14778; 36,764372
133,54822; 36,764372
133,94867; 35,485132
134,34911; 36,764372
134,74956; 36,124752
135,15; 36,124752
135,55044; 34,845512
135,95089; 34,845512
136,35133; 34,845512
136,75178; 35,485132
137,15222; 36,764372
137,55267; 35,485132
137,95311; 36,124752
138,35356; 35,485132
138,754; 37,403992
139,15444; 38,043612
139,55489; 37,403992
139,95533; 38,683232
140,35578; 38,683232
140,75622; 39,962472
141,15667; 39,962472
141,55711; 40,602092
141,95756; 39,962472
142,358; 40,602092
142,75844; 39,962472
143,15889; 39,962472
143,55933; 41,241711
143,95978; 39,962472
144,36022; 40,602092
144,76067; 38,683232
145,16111; 40,602092
145,56156; 40,602092
145,962; 41,241711
146,36244; 41,241711
146,76289; 40,602092
147,16333; 39,962472
147,56378; 41,241711
147,96422; 41,241711
148,36467; 39,962472
148,76511; 42,520951
149,16556; 41,881331
149,566; 43,800191
149,96644; 43,800191
150,36689; 42,520951
150,76733; 44,439811
151,16778; 43,800191
151,56822; 43,800191
151,96867; 44,439811
152,36911; 44,439811
152,76956; 44,439811
153,17; 43,800191
153,57044; 44,439811
153,97089; 43,800191
154,37133; 43,800191
154,77178; 43,800191
155,17222; 44,439811
155,57267; 41,881331
155,97311; 43,160571
156,37356; 43,800191
156,774; 43,160571
157,17444; 43,800191
157,57489; 42,520951
157,97533; 43,160571
158,37578; 43,800191
158,77622; 43,160571
159,17667; 43,160571
159,57711; 43,160571
159,97756; 43,160571
160,378; 44,439811
160,77844; 45,079431
161,17889; 43,800191
161,57933; 43,800191
161,97978; 44,439811
162,38022; 45,079431
162,78067; 43,160571
163,18111; 45,079431
163,58156; 44,439811
163,982; 44,439811
164,38244; 45,719051
164,78289; 44,439811
165,18333; 44,439811
165,58378; 45,719051
165,98422; 45,079431
166,38467; 42,520951
166,78511; 43,800191
167,18556; 44,439811
167,586; 45,079431
167,98644; 42,520951
168,38689; 42,520951
168,78733; 43,160571
169,18778; 44,439811
169,58822; 43,800191
169,98867; 41,881331
170,38911; 42,520951
170,78956; 42,520951
171,19; 42,520951
171,59044; 42,520951
171,99089; 43,160571
172,39133; 43,160571
172,79178; 43,160571
173,19222; 43,160571
173,59267; 41,241711
173,99311; 43,160571
174,39356; 41,881331
174,794; 41,881331
175,19444; 42,520951
175,59489; 41,241711
175,99533; 42,520951
176,39578; 42,520951
176,79622; 43,160571
177,19667; 41,241711
177,59711; 41,241711
177,99756; 41,241711
178,398; 42,520951
178,79844; 39,322852
179,19889; 39,962472
179,59933; 39,962472
179,99978; 39,962472
180,40022; 41,241711
180,80067; 38,043612
181,20111; 39,322852
181,60156; 39,322852
182,002; 39,322852
182,40244; 40,602092
182,80289; 39,322852
183,20333; 39,962472
183,60378; 40,602092
184,00422; 39,322852
184,40467; 38,683232
184,80511; 39,962472
185,20556; 39,322852
185,606; 39,322852
186,00644; 38,043612
186,40689; 38,683232
186,80733; 39,962472
187,20778; 38,683232
187,60822; 38,683232
188,00867; 36,764372
188,40911; 39,322852
188,80956; 39,322852
189,21; 38,043612
189,61044; 38,683232
190,01089; 38,043612
190,41133; 37,403992
190,81178; 38,043612
191,21222; 38,043612
191,61267; 36,764372
192,01311; 37,403992
192,41356; 36,124752
192,814; 38,043612
193,21444; 38,683232
193,61489; 36,764372
194,01533; 38,043612
194,41578; 36,764372
194,81622; 36,124752
195,21667; 36,764372
195,61711; 37,403992
196,01756; 36,764372
196,418; 36,764372
196,81844; 36,764372
197,21889; 35,485132
197,61933; 36,124752
198,01978; 36,124752
198,42022; 36,764372
198,82067; 34,205892
199,22111; 35,485132
199,62156; 35,485132
200,022; 34,845512


Name=DFL (2)
X=Height, nm
Y=DFL, nN
-200,022; 1985,6863
-199,62156; 1985,6863
-199,22111; 1987,6052
-198,82067; 1986,326
-198,42023; 1983,7675
-198,01978; 1981,209
-197,61934; 1979,2901
-197,21889; 1978,0109
-196,81845; 1978,0109
-196,418; 1976,092
-196,01756; 1972,2543
-195,61711; 1969,6959
-195,21667; 1969,6959
-194,81623; 1970,9751
-194,41578; 1967,1374
-194,01534; 1964,5789
-193,61489; 1962,0204
-193,21445; 1959,4619
-192,814; 1961,3808
-192,41356; 1959,4619
-192,01311; 1956,9035
-191,61267; 1954,9846
-191,21223; 1951,1469
-190,81178; 1953,0657
-190,41134; 1951,7865
-190,01089; 1947,9488
-189,61045; 1947,9488
-189,21; 1943,4714
-188,80956; 1942,8318
-188,40911; 1944,1111
-188,00867; 1940,2733
-187,60823; 1939,6337
-187,20778; 1934,5168
-186,80734; 1931,3187
-186,40689; 1933,2375
-186,00645; 1931,9583
-185,606; 1930,679
-185,20556; 1926,8413
-184,80511; 1924,2828
-184,40467; 1923,6432
-184,00423; 1923,6432
-183,60378; 1921,0847
-183,20334; 1916,6074
-182,80289; 1914,6885
-182,40245; 1913,4093
-182,002; 1912,7697
-181,60156; 1912,1301
-181,20111; 1909,5716
-180,80067; 1905,7339
-180,40023; 1903,815
-179,99978; 1903,815
-179,59934; 1901,8961
-179,19889; 1899,9773
-178,79845; 1896,7792
-178,398; 1893,5811
-177,99756; 1892,3018
-177,59711; 1892,3018
-177,19667; 1889,7434
-176,79623; 1887,8245
-176,39578; 1883,9868
-175,99534; 1880,7887
-175,59489; 1881,4283
-175,19445; 1881,4283
-174,794; 1878,2302
-174,39356; 1875,0321
-173,99311; 1869,9151
-173,59267; 1869,2755
-173,19223; 1869,9151
-172,79178; 1867,3567
-172,39134; 1864,7982
-171,99089; 1860,9605
-171,59045; 1857,7624
-171,19; 1859,0416
-170,78956; 1857,1227
-170,38911; 1853,285
-169,98867; 1849,4473
-169,58823; 1845,6096
-169,18778; 1847,5284
-168,78734; 1847,5284
-168,38689; 1843,6907
-167,98645; 1841,1322
-167,586; 1836,0153
-167,18556; 1835,3757
-166,78511; 1835,3757
-166,38467; 1833,4568
-165,98423; 1830,8983
-165,58378; 1825,1417
-165,18334; 1823,8625
-164,78289; 1823,2229
-164,38245; 1821,9436
-163,982; 1820,6644
-163,58156; 1814,9078
-163,18111; 1812,3493
-162,78067; 1812,3493
-162,38023; 1811,7097
-161,97978; 1809,7909
-161,57934; 1805,3135
-161,17889; 1800,1966
-160,77845; 1800,8362
-160,378; 1798,2777
-159,97756; 1798,9173
-159,57711; 1795,0796
-159,17667; 1789,323
-158,77623; 1788,0438
-158,37578; 1788,0438
-157,97534; 1786,1249
-157,57489; 1784,2061
-157,17445; 1779,7287
-156,774; 1777,1702
-156,37356; 1775,2514
-155,97311; 1775,2514
-155,57267; 1773,3325
-155,17222; 1769,4948
-154,77178; 1766,9363
-154,37134; 1763,7382
-153,97089; 1762,459
-153,57045; 1761,8194
-153,17; 1759,9005
-152,76956; 1753,5043
-152,36911; 1752,2251
-151,96867; 1750,9458
-151,56822; 1750,9458
-151,16778; 1748,3873
-150,76734; 1743,2704
-150,36689; 1741,3515
-149,96645; 1738,793
-149,566; 1738,793
-149,16556; 1736,2346
-148,76511; 1731,7572
-148,36467; 1727,9195
-147,96422; 1726,0007
-147,56378; 1724,7214
-147,16334; 1723,4422
-146,76289; 1720,8837
-146,36245; 1717,6856
-145,962; 1713,2083
-145,56156; 1711,929
-145,16111; 1713,2083
-144,76067; 1710,6498
-144,36022; 1708,0913
-143,95978; 1703,614
-143,55934; 1699,7762
-143,15889; 1700,4159
-142,75845; 1699,1366
-142,358; 1695,9385
-141,95756; 1693,38
-141,55711; 1687,6235
-141,15667; 1687,6235
-140,75622; 1687,6235
-140,35578; 1684,4254
-139,95534; 1679,948
-139,55489; 1676,1103
-139,15445; 1674,8311
-138,754; 1674,8311
-138,35356; 1672,9122
-137,95311; 1667,1556
-137,55267; 1665,2368
-137,15222; 1660,7594
-136,75178; 1659,4802
-136,35134; 1660,1198
-135,95089; 1655,6425
-135,55045; 1654,3632
-135,15; 1649,8859
-134,74956; 1647,3274
-134,34911; 1647,967
-133,94867; 1645,4085
-133,54822; 1642,2104
-133,14778; 1639,0123
-132,74734; 1633,8954
-132,34689; 1636,4539
-131,94645; 1635,1746
-131,546; 1630,0577
-131,14556; 1627,4992
-130,74511; 1623,0218
-130,34467; 1621,7426
-129,94422; 1621,7426
-129,54378; 1618,5445
-129,14334; 1615,986
-128,74289; 1610,8691
-128,34245; 1610,2294
-127,942; 1608,9502
-127,54156; 1606,3917
-127,14111; 1603,8332
-126,74067; 1598,7163
-126,34022; 1595,5182
-125,93978; 1595,5182
-125,53934; 1594,8786
-125,13889; 1592,9597
-124,73845; 1587,8427
-124,338; 1584,005
-123,93756; 1584,005
-123,53711; 1580,8069
-123,13667; 1580,8069
-122,73622; 1576,3296
-122,33578; 1572,4919
-121,93534; 1569,9334
-121,53489; 1568,0145
-121,13445; 1568,6541
-120,734; 1565,456
-120,33356; 1560,3391
-119,93311; 1558,4202
-119,53267; 1555,8617
-119,13222; 1555,8617
-118,73178; 1553,9429
-118,33134; 1548,8259
-117,93089; 1545,6278
-117,53045; 1543,0693
-117,13; 1543,0693
-116,72956; 1541,7901
-116,32911; 1537,3128
-115,92867; 1534,1147
-115,52822; 1531,5562
-115,12778; 1530,9166
-114,72734; 1529,6373
-114,32689; 1526,4392
-113,92645; 1522,6015
-113,526; 1518,1242
-113,12556; 1516,2053
-112,72511; 1516,2053
-112,32467; 1513,6468
-111,92422; 1510,4487
-111,52378; 1507,2506
-111,12334; 1502,1337
-110,72289; 1502,1337
-110,32245; 1501,494
-109,922; 1498,2959
-109,52156; 1494,4582
-109,12111; 1491,2601
-108,72067; 1489,3413
-108,32022; 1488,7017
-107,91978; 1486,7828
-107,51934; 1482,3055
-107,11889; 1479,1074
-106,71845; 1475,2696
-106,318; 1475,9093
-105,91756; 1474,63
-105,51711; 1470,1527
-105,11667; 1466,315
-104,71622; 1464,3961
-104,31578; 1461,8376
-103,91534; 1461,8376
-103,51489; 1458,6395
-103,11445; 1455,4414
-102,714; 1452,8829
-102,31356; 1449,6848
-101,91311; 1450,9641
-101,51267; 1446,4867
-101,11222; 1443,9283
-100,71178; 1440,0905
-100,31134; 1436,2528
-99,910891; 1435,6132
-99,510447; 1435,6132
-99,110002; 1431,7755
-98,709558; 1427,9378
-98,309113; 1424,1
-97,908669; 1422,1812
-97,508224; 1422,1812
-97,10778; 1418,9831
-96,707336; 1416,4246
-96,306891; 1410,668
-95,906447; 1409,3888
-95,506002; 1409,3888
-95,105558; 1405,5511
-94,705113; 1404,9114
-94,304669; 1399,7945
-93,904224; 1396,5964
-93,50378; 1395,9568
-93,103336; 1394,0379
-92,702891; 1391,4794
-92,302447; 1388,2813
-91,902002; 1384,4436
-91,501558; 1383,804
-91,101113; 1381,2455
-90,700669; 1379,9663
-90,300224; 1376,7682
-89,89978; 1371,0116
-89,499336; 1369,7323
-89,098891; 1367,8135
-88,698447; 1367,8135
-88,298002; 1365,255
-87,897558; 1358,8588
-87,497113; 1358,2192
-87,096669; 1354,3815
-86,696224; 1354,3815
-86,29578; 1353,1022
-85,895335; 1346,706
-85,494891; 1344,1475
-85,094447; 1341,5891
-84,694002; 1340,3098
-84,293558; 1340,3098
-83,893113; 1335,8325
-83,492669; 1331,9948
-83,092224; 1329,4363
-82,69178; 1326,8778
-82,291335; 1328,157
-81,890891; 1324,3193
-81,490447; 1320,4816
-81,090002; 1317,2835
-80,689558; 1314,0854
-80,289113; 1313,4458
-79,888669; 1313,4458
-79,488224; 1308,9684
-79,08778; 1305,1307
-78,687335; 1302,5722
-78,286891; 1300,0138
-77,886447; 1300,0138
-77,486002; 1295,5364
-77,085558; 1292,3383
-76,685113; 1289,1402
-76,284669; 1287,2214
-75,884224; 1288,5006
-75,48378; 1285,3025
-75,083335; 1280,1855
-74,682891; 1278,2667
-74,282447; 1275,0686
-73,882002; 1274,429
-73,481558; 1273,7893
-73,081113; 1268,6724
-72,680669; 1265,4743
-72,280224; 1261,6366
-71,87978; 1260,3573
-71,479335; 1258,4385
-71,078891; 1257,1592
-70,678446; 1253,3215
-70,278002; 1248,8442
-69,877558; 1246,2857
-69,477113; 1246,2857
-69,076669; 1245,6461
-68,676224; 1239,8895
-68,27578; 1237,331
-67,875335; 1234,1329
-67,474891; 1232,2141
-67,074446; 1234,7725
-66,674002; 1230,2952
-66,273558; 1225,1782
-65,873113; 1222,6198
-65,472669; 1218,782
-65,072224; 1220,7009
-64,67178; 1216,8632
-64,271335; 1213,6651
-63,870891; 1210,467
-63,470446; 1207,2689
-63,070002; 1206,6293
-62,669558; 1205,35
-62,269113; 1202,1519
-61,868669; 1198,3142
-61,468224; 1194,4765
-61,06778; 1193,1972
-60,667335; 1193,1972
-60,266891; 1189,9991
-59,866446; 1186,801
-59,466002; 1181,6841
-59,065557; 1179,7652
-58,665113; 1181,0445
-58,264669; 1177,2067
-57,864224; 1175,2879
-57,46378; 1170,8105
-57,063335; 1166,9728
-56,662891; 1168,2521
-56,262446; 1165,6936
-55,862002; 1163,1351
-55,461557; 1158,6578
-55,061113; 1154,1804
-54,660669; 1154,1804
-54,260224; 1152,9012
-53,85978; 1150,9823
-53,459335; 1147,1446
-53,058891; 1142,6673
-52,658446; 1141,388
-52,258002; 1142,0276
-51,857557; 1139,4692
-51,457113; 1136,9107
-51,056669; 1131,1541
-50,656224; 1127,956
-50,25578; 1127,3164
-49,855335; 1125,3975
-49,454891; 1124,7579
-49,054446; 1120,2806
-48,654002; 1117,7221
-48,253557; 1115,8032
-47,853113; 1113,2447
-47,452668; 1113,2447
-47,052224; 1109,407
-46,65178; 1104,2901
-46,251335; 1103,0108
-45,850891; 1101,092
-45,450446; 1100,4523
-45,050002; 1098,5335
-44,649557; 1092,7769
-44,249113; 1089,5788
-43,848668; 1088,9392
-43,448224; 1088,2996
-43,04778; 1087,0203
-42,647335; 1083,1826
-42,246891; 1078,7053
-41,846446; 1077,426
-41,446002; 1075,5072
-41,045557; 1074,2279
-40,645113; 1071,0298
-40,244668; 1066,5525
-39,844224; 1063,994
-39,44378; 1063,3544
-39,043335; 1062,7148
-38,642891; 1060,1563
-38,242446; 1056,3186
-37,842002; 1053,7601
-37,441557; 1051,2016
-37,041113; 1051,8412
-36,640668; 1048,6431
-36,240224; 1045,445
-35,839779; 1042,8865
-35,439335; 1038,4092
-35,038891; 1038,4092
-34,638446; 1037,13
-34,238002; 1034,5715
-33,837557; 1029,4545
-33,437113; 1027,5357
-33,036668; 1025,6168
-32,636224; 1024,3376
-32,235779; 1022,4187
-31,835335; 1019,2206
-31,434891; 1014,7433
-31,034446; 1014,1037
-30,634002; 1012,1848
-30,233557; 1010,9056
-29,833113; 1008,3471
-29,432668; 1001,9509
-29,032224; 1000,6716
-28,631779; 1000,032
-28,231335; 998,75277
-27,830891; 996,83391
-27,430446; 992,35657
-27,030002; 988,51885
-26,629557; 988,51885
-26,229113; 986,59999
-25,828668; 985,32075
-25,428224; 982,12265
-25,027779; 977,64531
-24,627335; 976,36607
-24,226891; 974,44721
-23,826446; 973,80759
-23,426002; 971,24911
-23,025557; 966,77177
-22,625113; 964,85291
-22,224668; 961,65481
-21,824224; 962,93405
-21,423779; 961,01519
-21,023335; 955,25862
-20,62289; 951,4209
-20,222446; 950,14166
-19,822002; 948,86242
-19,421557; 948,2228
-19,021113; 943,74546
-18,620668; 941,18698
-18,220224; 937,98888
-17,819779; 936,07002
-17,419335; 935,4304
-17,01889; 934,15116
-16,618446; 927,75496
-16,218002; 924,55686
-15,817557; 922,638
-15,417113; 922,638
-15,016668; 921,35876
-14,616224; 918,16066
-14,215779; 914,32294
-13,815335; 910,48522
-13,41489; 911,12484
-13,014446; 909,20598
-12,614002; 907,28712
-12,213557; 902,17016
-11,813113; 898,33244
-11,412668; 897,69282
-11,012224; 896,41358
-10,611779; 895,13434
-10,211335; 890,01738
-9,8108904; 886,81928
-9,4104459; 886,17966
-9,0100015; 884,2608
-8,609557; 882,98156
-8,2091126; 879,14384
-7,8086681; 874,02688
-7,4082237; 873,38726
-7,0077792; 870,18916
-6,6073348; 870,18916
-6,2068903; 868,90992
-5,8064459; 863,79296
-5,4060014; 861,8741
-5,005557; 859,31562
-4,6051126; 859,31562
-4,2046681; 856,11752
-3,8042237; 852,2798
-3,4037792; 849,72132
-3,0033348; 845,8836
-2,6028903; 845,24398
-2,2024459; 845,24398
-1,8020014; 840,12702
-1,401557; 836,92892
-1,0011125; 833,09121
-0,60066807; 831,81197
-0,20022362; 833,09121
0,20022082; 829,25349
0,60066527; 825,41577
1,0011097; 822,85729
1,4015542; 820,29881
1,8019986; 820,93843
2,2024431; 817,74033
2,6028875; 813,26299
3,003332; 809,42527
3,4037764; 808,14603
3,8042209; 806,86679
4,2046653; 805,58755
4,6051098; 801,74983
5,0055542; 797,27249
5,4059986; 794,71401
5,8064431; 794,71401
6,2068875; 792,79515
6,607332; 790,87629
7,0077764; 787,03857
7,4082209; 783,84047
7,8086653; 781,92161
8,2091098; 780,64237
8,6095542; 778,72351
9,0099987; 774,24617
9,4104431; 771,68769
9,8108876; 767,84997
10,211332; 767,21035
10,611776; 766,57073
11,012221; 763,37263
11,412665; 759,53491
11,81311; 756,33681
12,213554; 754,41795
12,613999; 753,77833
13,014443; 751,21985
13,414888; 748,02175
13,815332; 743,54441
14,215777; 742,26517
14,616221; 743,54441
15,016665; 739,06707
15,41711; 735,86897
15,817554; 732,67087
16,217999; 728,19353
16,618443; 728,19353
17,018888; 726,91429
17,419332; 723,71619
17,819777; 721,79733
18,220221; 717,95961
18,620665; 715,40114
19,02111; 716,04076
19,421554; 713,48228
19,821999; 708,36532
20,222443; 705,16722
20,622888; 702,60874
21,023332; 701,96912
21,423777; 700,68988
21,824221; 697,49178
22,224665; 693,01444
22,62511; 689,17672
23,025554; 689,17672
23,425999; 688,5371
23,826443; 685,339
24,226888; 680,86166
24,627332; 677,02394
25,027777; 675,10508
25,428221; 674,46546
25,828665; 673,18622
26,22911; 669,98812
26,629554; 664,87116
27,029999; 662,9523
27,430443; 662,31268
27,830888; 661,03344
28,231332; 657,19572
28,631777; 653,358
29,032221; 650,1599
29,432666; 648,24104
29,83311; 646,32218
30,233554; 645,68256
30,633999; 642,48446
31,034443; 637,3675
31,434888; 635,44864
31,835332; 634,1694
32,235777; 633,52978
32,636221; 630,33168
33,036666; 625,21472
33,43711; 623,93548
33,837554; 622,01662
34,237999; 620,73738
34,638443; 616,89966
35,038888; 614,34118
35,439332; 610,50346
35,839777; 607,94498
36,240221; 607,30536
36,640666; 605,3865
37,04111; 600,26954
37,441554; 598,9903
37,841999; 594,51297
38,242443; 593,87335
38,642888; 593,23373
39,043332; 588,75639
39,443777; 585,55829
39,844221; 582,36019
40,244666; 581,72057
40,64511; 580,44133
41,045555; 576,60361
41,445999; 574,04513
41,846443; 569,56779
42,246888; 567,64893
42,647332; 567,64893
43,047777; 565,09045
43,448221; 563,17159
43,848666; 556,77539
44,24911; 554,85653
44,649555; 554,85653
45,049999; 551,65843
45,450443; 550,37919
45,850888; 545,90185
46,251332; 540,14527
46,651777; 540,78489
47,052221; 538,86603
47,452666; 538,22641
47,85311; 533,10945
48,253555; 528,63211
48,653999; 527,99249
49,054443; 526,07363
49,454888; 525,43401
49,855332; 520,31705
50,255777; 517,11895
50,656221; 515,83971
51,056666; 512,64161
51,45711; 512,00199
51,857555; 510,72275
52,257999; 504,32655
52,658444; 503,04731
53,058888; 499,20959
53,459332; 497,29073
53,859777; 497,93035
54,260221; 492,17377
54,660666; 490,25491
55,06111; 487,69643
55,461555; 485,13795
55,861999; 485,13795
56,262444; 480,02099
56,662888; 477,46251
57,063332; 474,90404
57,463777; 471,06632
57,864221; 473,6248
58,264666; 468,50784
58,66511; 466,58898
59,065555; 462,75126
59,465999; 458,91354
59,866444; 458,27392
60,266888; 457,6343
60,667332; 455,07582
61,067777; 450,59848
61,468221; 446,12114
61,868666; 446,12114
62,26911; 444,20228
62,669555; 442,28342
63,069999; 439,72494
63,470444; 434,60798
63,870888; 433,96836
64,271333; 431,40988
64,671777; 428,8514
65,072221; 426,29292
65,472666; 421,81558
65,87311; 420,53634
66,273555; 417,97786
66,673999; 418,61748
67,074444; 414,77976
67,474888; 409,02318
67,875333; 408,38356
68,275777; 405,82508
68,676221; 403,90622
69,076666; 402,62698
69,47711; 397,51002
69,877555; 394,95154
70,277999; 393,03268
70,678444; 390,4742
71,078888; 391,75344
71,479333; 385,99686
71,879777; 384,078
72,280221; 381,51952
72,680666; 377,04218
73,08111; 378,96104
73,481555; 375,76294
73,881999; 372,56484
74,282444; 370,00636
74,682888; 365,52902
75,083333; 366,16864
75,483777; 362,97054
75,884221; 360,41206
76,284666; 357,85359
76,68511; 354,65549
77,085555; 352,09701
77,485999; 351,45739
77,886444; 346,98005
78,286888; 344,42157
78,687333; 339,94423
79,087777; 339,30461
79,488222; 338,02537
79,888666; 334,82727
80,28911; 333,54803
80,689555; 328,43107
81,089999; 326,51221
81,490444; 325,87259
81,890888; 323,31411
82,291333; 319,47639
82,691777; 316,91791
83,092222; 314,35943
83,492666; 312,44057
83,89311; 311,16133
84,293555; 308,60285
84,693999; 304,76513
85,094444; 300,92741
85,494888; 299,00855
85,895333; 297,08969
86,295777; 296,45007
86,696222; 293,25197
87,096666; 289,41425
87,49711; 286,21615
87,897555; 285,57653
88,297999; 283,01805
88,698444; 281,09919
89,098888; 277,26147
89,499333; 272,78413
89,899777; 270,22565
90,300222; 271,50489
90,700666; 267,02755
91,101111; 265,74831
91,501555; 261,91059
91,901999; 257,43325
92,302444; 258,71249
92,702888; 254,87477
93,103333; 253,59553
93,503777; 251,03705
93,904222; 245,92009
94,304666; 244,64085
94,705111; 242,72199
95,105555; 240,16351
95,505999; 238,88427
95,906444; 233,76732
96,306888; 229,9296
96,707333; 231,20884
97,107777; 228,01074
97,508222; 225,45226
97,908666; 222,25416
98,309111; 218,41644
98,709555; 217,1372
99,109999; 216,49758
99,510444; 215,21834
99,910888; 210,10138
100,31133; 206,26366
100,71178; 206,26366
101,11222; 203,06556
101,51267; 201,78632
101,91311; 199,22784
102,31356; 194,11088
102,714; 192,83164
103,11444; 190,27316
103,51489; 188,3543
103,91533; 186,43544
104,31578; 182,59772
104,71622; 179,39962
105,11667; 176,20152
105,51711; 176,84114
105,91756; 173,64304
106,318; 169,80532
106,71844; 167,24684
107,11889; 164,68836
107,51933; 162,12988
107,91978; 160,85064
108,32022; 158,93178
108,72067; 153,1752
109,12111; 151,89596
109,52156; 149,9771
109,922; 149,33748
110,32244; 147,41862
110,72289; 142,94128
111,12333; 139,10356
111,52378; 136,54508
111,92422; 135,26584
112,32467; 134,62622
112,72511; 131,42812
113,12556; 128,23002
113,526; 125,67154
113,92644; 123,11306
114,32689; 122,47344
114,72733; 119,91496
115,12778; 116,71687
115,52822; 114,15839
115,92867; 109,68105
116,32911; 109,68105
116,72956; 108,40181
117,13; 105,84333
117,53044; 103,92447
117,93089; 99,447127
118,33133; 96,888647
118,73178; 96,249027
119,13222; 93,050927
119,53267; 90,492447
119,93311; 87,933968
120,33356; 84,735868
120,734; 84,735868
121,13444; 82,817008
121,53489; 79,618908
121,93533; 75,141569
122,33578; 72,583089
122,73622; 70,664229
123,13667; 70,664229
123,53711; 67,466129
123,93756; 64,26803
124,338; 61,06993
124,73844; 58,51145
125,13889; 56,59259
125,53933; 56,59259
125,93978; 53,39449
126,34022; 47,637911
126,74067; 46,358671
127,14111; 46,358671
127,54156; 43,800191
127,942; 43,160571
128,34244; 37,403992
128,74289; 34,845512
129,14333; 34,845512
129,54378; 32,926652
129,94422; 32,287032
130,34467; 29,088933
130,74511; 22,692733
131,14556; 23,332353
131,546; 20,773873
131,94644; 19,494633
132,34689; 17,575773
132,74733; 11,819194
133,14778; 11,819194
133,54822; 9,2607142
133,94867; 7,3418543
134,34911; 6,0626144
134,74956; 2,2248948
135,15; 0,30603492
135,55044; -0,97320497
135,95089; -4,1713047
136,35133; -4,8109246
136,75178; -7,3694044
137,15222; -10,567504
137,55267; -13,125984
137,95311; -15,684464
138,35356; -15,684464
138,754; -18,882563
139,15444; -21,441043
139,55489; -23,999523
139,95533; -27,197623
140,35578; -26,558003
140,75622; -27,837243
141,15667; -31,035342
141,55711; -32,954202
141,95756; -35,512682
142,358; -36,791922
142,75844; -38,071162
143,15889; -38,710782
143,55933; -41,269262
143,95978; -43,188121
144,36022; -45,106981
144,76067; -45,746601
145,16111; -46,386221
145,56156; -48,305081
145,962; -49,584321
146,36244; -49,584321
146,76289; -47,025841
147,16333; -47,025841
147,56378; -44,467361
147,96422; -45,106981
148,36467; -45,106981
148,76511; -44,467361
149,16556; -45,106981
149,566; -42,548501
149,96644; -43,827741
150,36689; -43,188121
150,76733; -41,269262
151,16778; -39,990022
151,56822; -38,710782
151,96867; -34,873062
152,36911; -34,233442
152,76956; -32,954202
153,17; -29,756103
153,57044; -25,278763
153,97089; -25,278763
154,37133; -25,278763
154,77178; -24,639143
155,17222; -24,639143
155,57267; -25,918383
155,97311; -23,999523
156,37356; -23,999523
156,774; -25,918383
157,17444; -25,278763
157,57489; -27,837243
157,97533; -25,918383
158,37578; -27,197623
158,77622; -27,197623
159,17667; -26,558003
159,57711; -27,197623
159,97756; -23,999523
160,378; -23,359903
160,77844; -23,359903
161,17889; -22,080663
161,57933; -22,080663
161,97978; -20,801423
162,38022; -20,801423
162,78067; -20,161803
163,18111; -20,801423
163,58156; -20,161803
163,982; -18,242944
164,38244; -18,242944
164,78289; -16,963704
165,18333; -18,242944
165,58378; -17,603324
165,98422; -16,324084
166,38467; -15,684464
166,78511; -12,486364
167,18556; -13,765604
167,586; -12,486364
167,98644; -9,9278842
168,38689; -6,7297845
168,78733; -6,7297845
169,18778; -0,33358502
169,58822; 0,30603492
169,98867; 1,5852748
170,38911; 5,4229945
170,78956; 15,656914
171,19; 17,575773
171,59044; 18,215393
171,99089; 19,494633
172,39133; 18,855013
172,79178; 18,855013
173,19222; 19,494633
173,59267; 18,855013
173,99311; 18,855013
174,39356; 18,215393
174,794; 19,494633
175,19444; 20,134253
175,59489; 19,494633
175,99533; 18,855013
176,39578; 19,494633
176,79622; 21,413493
177,19667; 21,413493
177,59711; 20,773873
177,99756; 20,134253
178,398; 21,413493
178,79844; 22,053113
179,19889; 21,413493
179,59933; 22,053113
179,99978; 20,773873
180,40022; 21,413493
180,80067; 22,692733
181,20111; 20,773873
181,60156; 23,332353
182,002; 21,413493
182,40244; 22,692733
182,80289; 22,692733
183,20333; 22,053113
183,60378; 23,971973
184,00422; 22,692733
184,40467; 22,053113
184,80511; 23,332353
185,20556; 23,971973
185,606; 24,611593
186,00644; 25,251213
186,40689; 23,971973
186,80733; 24,611593
187,20778; 23,971973
187,60822; 23,971973
188,00867; 24,611593
188,40911; 24,611593
188,80956; 24,611593
189,21; 25,251213
189,61044; 24,611593
190,01089; 25,251213
190,41133; 25,251213
190,81178; 25,890833
191,21222; 25,890833
191,61267; 27,809693
192,01311; 26,530453
192,41356; 27,170073
192,814; 29,088933
193,21444; 29,088933
193,61489; 28,449313
194,01533; 27,809693
194,41578; 29,088933
194,81622; 28,449313
195,21667; 29,088933
195,61711; 28,449313
196,01756; 29,088933
196,418; 29,088933
196,81844; 29,088933
197,21889; 30,368172
197,61933; 30,368172
198,01978; 31,007792
198,42022; 31,007792
198,82067; 31,647412
199,22111; 32,287032
199,62156; 32,926652
200,022; 32,926652
