Name=DFL (1)
X=Height, nm
Y=DFL, nN
-200,022; 1972,2543
-199,62156; 1970,9751
-199,22111; 1967,1374
-198,82067; 1964,5789
-198,42023; 1962,0204
-198,01978; 1961,3808
-197,61934; 1959,4619
-197,21889; 1959,4619
-196,81845; 1954,9846
-196,418; 1951,7865
-196,01756; 1949,228
-195,61711; 1947,3092
-195,21667; 1947,9488
-194,81623; 1944,7507
-194,41578; 1942,8318
-194,01534; 1937,7149
-193,61489; 1937,0752
-193,21445; 1936,4356
-192,814; 1935,796
-192,41356; 1930,679
-192,01311; 1926,2017
-191,61267; 1926,8413
-191,21223; 1925,5621
-190,81178; 1923,0036
-190,41134; 1919,8055
-190,01089; 1918,5263
-189,61045; 1915,3282
-189,21; 1915,3282
-188,80956; 1913,4093
-188,40911; 1910,8508
-188,00867; 1909,5716
-187,60823; 1905,0942
-187,20778; 1903,815
-186,80734; 1901,2565
-186,40689; 1901,2565
-186,00645; 1898,698
-185,606; 1894,2207
-185,20556; 1892,3018
-184,80511; 1890,383
-184,40467; 1889,7434
-184,00423; 1889,1037
-183,60378; 1885,9056
-183,20334; 1879,5094
-182,80289; 1880,7887
-182,40245; 1878,2302
-182,002; 1877,5906
-181,60156; 1875,6717
-181,20111; 1868,6359
-180,80067; 1869,2755
-180,40023; 1868,6359
-179,99978; 1866,717
-179,59934; 1864,1586
-179,19889; 1860,9605
-178,79845; 1858,402
-178,398; 1855,8435
-177,99756; 1852,6454
-177,59711; 1853,285
-177,19667; 1848,8077
-176,79623; 1846,2492
-176,39578; 1846,2492
-175,99534; 1839,2134
-175,59489; 1843,0511
-175,19445; 1839,853
-174,794; 1836,6549
-174,39356; 1834,0964
-173,99311; 1830,2587
-173,59267; 1832,8172
-173,19223; 1830,2587
-172,79178; 1825,7814
-172,39134; 1821,304
-171,99089; 1820,0248
-171,59045; 1819,3852
-171,19; 1820,0248
-170,78956; 1816,1871
-170,38911; 1811,7097
-169,98867; 1809,7909
-169,58823; 1807,872
-169,18778; 1807,872
-168,78734; 1804,0343
-168,38689; 1801,4758
-167,98645; 1799,5569
-167,586; 1796,9985
-167,18556; 1795,0796
-166,78511; 1793,8004
-166,38467; 1791,2419
-165,98423; 1787,4042
-165,58378; 1786,1249
-165,18334; 1780,3683
-164,78289; 1783,5664
-164,38245; 1781,008
-163,982; 1775,891
-163,58156; 1773,9721
-163,18111; 1770,774
-162,78067; 1771,4137
-162,38023; 1770,1344
-161,97978; 1766,2967
-161,57934; 1761,8194
-161,17889; 1760,5401
-160,77845; 1759,9005
-160,378; 1760,5401
-159,97756; 1754,7835
-159,57711; 1749,6666
-159,17667; 1749,027
-158,77623; 1747,7477
-158,37578; 1748,3873
-157,97534; 1744,5496
-157,57489; 1741,9911
-157,17445; 1738,793
-156,774; 1736,8742
-156,37356; 1735,5949
-155,97311; 1732,3968
-155,57267; 1730,478
-155,17222; 1727,2799
-154,77178; 1724,0818
-154,37134; 1722,1629
-153,97089; 1724,0818
-153,57045; 1719,6045
-153,17; 1717,046
-152,76956; 1712,5686
-152,36911; 1709,3705
-151,96867; 1711,929
-151,56822; 1708,7309
-151,16778; 1706,8121
-150,76734; 1701,0555
-150,36689; 1698,497
-149,96645; 1698,497
-149,566; 1696,5781
-149,16556; 1693,38
-148,76511; 1690,1819
-148,36467; 1686,3442
-147,96422; 1687,6235
-147,56378; 1687,6235
-147,16334; 1682,5065
-146,76289; 1680,5876
-146,36245; 1676,1103
-145,962; 1674,1914
-145,56156; 1673,5518
-145,16111; 1671,633
-144,76067; 1669,0745
-144,36022; 1664,5971
-143,95978; 1662,6783
-143,55934; 1659,4802
-143,15889; 1660,7594
-142,75845; 1657,5613
-142,358; 1654,3632
-141,95756; 1649,8859
-141,55711; 1646,6878
-141,15667; 1647,3274
-140,75622; 1647,3274
-140,35578; 1644,1293
-139,95534; 1639,0123
-139,55489; 1637,7331
-139,15445; 1635,8142
-138,754; 1635,1746
-138,35356; 1632,6161
-137,95311; 1626,8596
-137,55267; 1623,6615
-137,15222; 1624,9407
-136,75178; 1623,6615
-136,35134; 1619,1841
-135,95089; 1618,5445
-135,55045; 1612,7879
-135,15; 1612,1483
-134,74956; 1611,5087
-134,34911; 1608,3106
-133,94867; 1608,3106
-133,54822; 1603,1936
-133,14778; 1598,7163
-132,74734; 1596,1578
-132,34689; 1597,437
-131,94645; 1594,8786
-131,546; 1591,6805
-131,14556; 1587,2031
-130,74511; 1585,2843
-130,34467; 1585,2843
-129,94422; 1584,005
-129,54378; 1580,1673
-129,14334; 1573,7711
-128,74289; 1573,1315
-128,34245; 1572,4919
-127,942; 1572,4919
-127,54156; 1569,2938
-127,14111; 1564,1768
-126,74067; 1560,9787
-126,34022; 1560,9787
-125,93978; 1559,6995
-125,53934; 1555,2221
-125,13889; 1554,5825
-124,73845; 1548,8259
-124,338; 1548,1863
-123,93756; 1547,5467
-123,53711; 1544,3486
-123,13667; 1544,9882
-122,73622; 1538,592
-122,33578; 1534,7543
-121,93534; 1534,1147
-121,53489; 1532,1958
-121,13445; 1532,1958
-120,734; 1528,3581
-120,33356; 1521,9619
-119,93311; 1520,043
-119,53267; 1520,6826
-119,13222; 1518,7638
-118,73178; 1517,4845
-118,33134; 1510,4487
-117,93089; 1509,8091
-117,53045; 1507,8902
-117,13; 1506,611
-116,72956; 1505,3318
-116,32911; 1498,9356
-115,92867; 1496,3771
-115,52822; 1495,7375
-115,12778; 1495,0978
-114,72734; 1491,2601
-114,32689; 1489,3413
-113,92645; 1485,5036
-113,526; 1482,9451
-113,12556; 1481,6658
-112,72511; 1479,747
-112,32467; 1477,8281
-111,92422; 1474,63
-111,52378; 1470,7923
-111,12334; 1468,8734
-110,72289; 1468,8734
-110,32245; 1466,315
-109,922; 1464,3961
-109,52156; 1457,3603
-109,12111; 1455,4414
-108,72067; 1456,7207
-108,32022; 1452,8829
-107,91978; 1452,8829
-107,51934; 1445,8471
-107,11889; 1443,9283
-106,71845; 1444,5679
-106,318; 1440,7302
-105,91756; 1440,7302
-105,51711; 1434,9736
-105,11667; 1430,4962
-104,71622; 1433,0547
-104,31578; 1428,5774
-103,91534; 1426,6585
-103,51489; 1426,6585
-103,11445; 1419,6227
-102,714; 1420,9019
-102,31356; 1415,785
-101,91311; 1414,5057
-101,51267; 1414,5057
-101,11222; 1408,1095
-100,71178; 1408,1095
-100,31134; 1402,9926
-99,910891; 1402,353
-99,510447; 1402,9926
-99,110002; 1396,5964
-98,709558; 1392,7587
-98,309113; 1390,8398
-97,908669; 1388,9209
-97,508224; 1390,8398
-97,10778; 1385,7228
-96,707336; 1379,3266
-96,306891; 1380,6059
-95,906447; 1376,1285
-95,506002; 1378,687
-95,105558; 1374,2097
-94,705113; 1369,7323
-94,304669; 1367,8135
-93,904224; 1364,6154
-93,50378; 1365,8946
-93,103336; 1362,0569
-92,702891; 1359,4984
-92,302447; 1357,5796
-91,902002; 1351,823
-91,501558; 1351,1834
-91,101113; 1350,5437
-90,700669; 1346,0664
-90,300224; 1344,7872
-89,89978; 1340,3098
-89,499336; 1337,1117
-89,098891; 1339,6702
-88,698447; 1334,5532
-88,298002; 1334,5532
-87,897558; 1329,4363
-87,497113; 1323,6797
-87,096669; 1326,8778
-86,696224; 1324,3193
-86,29578; 1321,1212
-85,895335; 1316,0043
-85,494891; 1312,1665
-85,094447; 1312,8062
-84,694002; 1310,2477
-84,293558; 1307,6892
-83,893113; 1305,7703
-83,492669; 1299,3741
-83,092224; 1300,0138
-82,69178; 1300,0138
-82,291335; 1294,8968
-81,890891; 1293,6176
-81,490447; 1288,5006
-81,090002; 1287,2214
-80,689558; 1285,3025
-80,289113; 1282,1044
-79,888669; 1280,8252
-79,488224; 1275,7082
-79,08778; 1273,7893
-78,687335; 1270,5912
-78,286891; 1271,2309
-77,886447; 1269,312
-77,486002; 1264,8347
-77,085558; 1259,7177
-76,685113; 1257,7988
-76,284669; 1258,4385
-75,884224; 1255,88
-75,48378; 1253,3215
-75,083335; 1246,9253
-74,682891; 1248,2046
-74,282447; 1246,2857
-73,882002; 1245,6461
-73,481558; 1242,448
-73,081113; 1236,0518
-72,680669; 1233,4933
-72,280224; 1232,2141
-71,87978; 1232,2141
-71,479335; 1227,7367
-71,078891; 1225,8179
-70,678446; 1221,3405
-70,278002; 1218,782
-69,877558; 1217,5028
-69,477113; 1216,2236
-69,076669; 1214,3047
-68,676224; 1209,8274
-68,27578; 1207,2689
-67,875335; 1204,0708
-67,474891; 1204,7104
-67,074446; 1202,1519
-66,674002; 1199,5934
-66,273558; 1193,8369
-65,873113; 1190,6388
-65,472669; 1190,6388
-65,072224; 1190,6388
-64,67178; 1187,4407
-64,271335; 1180,4048
-63,870891; 1180,4048
-63,470446; 1178,486
-63,070002; 1177,8464
-62,669558; 1175,2879
-62,269113; 1167,6124
-61,868669; 1166,9728
-61,468224; 1165,054
-61,06778; 1163,7747
-60,667335; 1161,2162
-60,266891; 1158,0181
-59,866446; 1153,5408
-59,466002; 1152,2616
-59,065557; 1150,9823
-58,665113; 1148,4238
-58,264669; 1145,8654
-57,864224; 1142,0276
-57,46378; 1140,1088
-57,063335; 1136,9107
-56,662891; 1137,5503
-56,262446; 1134,9918
-55,862002; 1131,1541
-55,461557; 1126,6768
-55,061113; 1124,1183
-54,660669; 1124,1183
-54,260224; 1122,1994
-53,85978; 1118,3617
-53,459335; 1111,9655
-53,058891; 1110,0466
-52,658446; 1109,407
-52,258002; 1110,0466
-51,857557; 1105,5693
-51,457113; 1102,3712
-51,056669; 1098,5335
-50,656224; 1097,8939
-50,25578; 1098,5335
-49,855335; 1093,4165
-49,454891; 1092,1373
-49,054446; 1087,0203
-48,654002; 1084,4618
-48,253557; 1083,8222
-47,853113; 1079,9845
-47,452668; 1079,9845
-47,052224; 1075,5072
-46,65178; 1071,0298
-46,251335; 1070,3902
-45,850891; 1069,7506
-45,450446; 1067,1921
-45,050002; 1063,3544
-44,649557; 1056,9582
-44,249113; 1056,3186
-43,848668; 1055,6789
-43,448224; 1053,7601
-43,04778; 1053,1205
-42,647335; 1044,1658
-42,246891; 1045,445
-41,846446; 1043,5262
-41,446002; 1041,6073
-41,045557; 1039,0488
-40,645113; 1033,9319
-40,244668; 1031,3734
-39,844224; 1030,7338
-39,44378; 1028,8149
-39,043335; 1026,896
-38,642891; 1022,4187
-38,242446; 1018,581
-37,842002; 1017,3017
-37,441557; 1015,3829
-37,041113; 1014,1037
-36,640668; 1011,5452
-36,240224; 1006,4282
-35,839779; 1005,7886
-35,439335; 1000,6716
-35,038891; 1003,2301
-34,638446; 998,75277
-34,238002; 995,55467
-33,837557; 992,35657
-33,437113; 989,15847
-33,036668; 989,79809
-32,636224; 988,51885
-32,235779; 983,40189
-31,835335; 979,56417
-31,434891; 978,28493
-31,034446; 975,72645
-30,634002; 977,00569
-30,233557; 971,88873
-29,833113; 966,77177
-29,432668; 963,57367
-29,032224; 961,01519
-28,631779; 962,93405
-28,231335; 957,81709
-27,830891; 955,25862
-27,430446; 952,06052
-27,030002; 948,86242
-26,629557; 949,50204
-26,229113; 946,30394
-25,828668; 945,0247
-25,428224; 943,10584
-25,027779; 939,26812
-24,627335; 935,4304
-24,226891; 935,4304
-23,826446; 931,59268
-23,426002; 929,67382
-23,025557; 924,55686
-22,625113; 922,638
-22,224668; 922,638
-21,824224; 920,07952
-21,423779; 918,80028
-21,023335; 911,76446
-20,62289; 911,76446
-20,222446; 909,8456
-19,822002; 909,20598
-19,421557; 906,00788
-19,021113; 900,2513
-18,620668; 898,33244
-18,220224; 896,41358
-17,819779; 895,13434
-17,419335; 892,57586
-17,01889; 889,37776
-16,618446; 886,17966
-16,218002; 884,90042
-15,817557; 881,70232
-15,417113; 880,42308
-15,016668; 878,50422
-14,616224; 874,02688
-14,215779; 872,74764
-13,815335; 868,2703
-13,41489; 870,18916
-13,014446; 866,99106
-12,614002; 862,51372
-12,213557; 859,31562
-11,813113; 856,75714
-11,412668; 857,39676
-11,012224; 855,4779
-10,611779; 851,64018
-10,211335; 846,52322
-9,8108904; 843,96474
-9,4104459; 842,6855
-9,0100015; 842,04588
-8,609557; 840,12702
-8,2091126; 835,64969
-7,8086681; 832,45159
-7,4082237; 832,45159
-7,0077792; 831,17235
-6,6073348; 826,69501
-6,2068903; 824,77615
-5,8064459; 821,57805
-5,4060014; 818,37995
-5,005557; 818,37995
-4,6051126; 816,46109
-4,2046681; 812,62337
-3,8042237; 811,34413
-3,4037792; 806,86679
-3,0033348; 804,30831
-2,6028903; 805,58755
-2,2024459; 801,74983
-1,8020014; 798,55173
-1,401557; 795,35363
-1,0011125; 791,51591
-0,60066807; 792,15553
-0,20022362; 790,23667
0,20022082; 787,67819
0,60066527; 781,92161
1,0011097; 781,92161
1,4015542; 780,00275
1,8019986; 780,64237
2,2024431; 776,16503
2,6028875; 772,32731
3,003332; 769,76883
3,4037764; 765,29149
3,8042209; 767,84997
4,2046653; 763,37263
4,6051098; 762,09339
5,0055542; 758,25567
5,4059986; 755,05757
5,8064431; 753,77833
6,2068875; 752,49909
6,607332; 750,58023
7,0077764; 748,02175
7,4082209; 744,82365
7,8086653; 740,98593
8,2091098; 743,54441
8,6095542; 739,06707
9,0099987; 735,86897
9,4104431; 732,03125
9,8108876; 728,83315
10,211332; 729,47277
10,611776; 728,19353
11,012221; 725,63505
11,412665; 720,51809
11,81311; 718,59923
12,213554; 717,95961
12,613999; 716,68037
13,014443; 712,84266
13,414888; 708,36532
13,815332; 705,80684
14,215777; 705,80684
14,616221; 703,88798
15,016665; 700,05026
15,41711; 699,41064
15,817554; 694,29368
16,217999; 693,01444
16,618443; 692,37482
17,018888; 689,17672
17,419332; 687,89748
17,819777; 684,05976
18,220221; 682,78052
18,620665; 678,9428
19,02111; 680,86166
19,421554; 677,02394
19,821999; 673,18622
20,222443; 668,70888
20,622888; 666,1504
21,023332; 666,1504
21,423777; 665,51078
21,824221; 661,67306
22,224665; 657,19572
22,62511; 656,5561
23,025554; 653,358
23,425999; 653,99762
23,826443; 649,52028
24,226888; 646,9618
24,627332; 644,40332
25,027777; 642,48446
25,428221; 642,48446
25,828665; 638,00712
26,22911; 636,72788
26,629554; 632,25054
27,029999; 630,33168
27,430443; 628,41282
27,830888; 625,85434
28,231332; 625,85434
28,631777; 621,377
29,032221; 616,89966
29,432666; 614,9808
29,83311; 614,9808
30,233554; 612,42232
30,633999; 611,14308
31,034443; 605,3865
31,434888; 604,10726
31,835332; 602,82802
32,235777; 600,90916
32,636221; 600,26954
33,036666; 593,23373
33,43711; 592,59411
33,837554; 591,31487
34,237999; 588,75639
34,638443; 586,83753
35,038888; 581,08095
35,439332; 580,44133
35,839777; 578,52247
36,240221; 577,88285
36,640666; 574,68475
37,04111; 572,12627
37,441554; 568,28855
37,841999; 566,36969
38,242443; 563,17159
38,642888; 562,53197
39,043332; 561,25273
39,443777; 556,77539
39,844221; 554,85653
40,244666; 551,01881
40,64511; 551,65843
41,045555; 549,73957
41,445999; 544,62261
41,846443; 542,06413
42,246888; 538,86603
42,647332; 538,22641
43,047777; 536,94717
43,448221; 534,38869
43,848666; 529,27173
44,24911; 527,35287
44,649555; 525,43401
45,049999; 524,79439
45,450443; 522,87553
45,850888; 518,39819
46,251332; 516,47933
46,651777; 513,28123
47,052221; 512,00199
47,452666; 507,52465
47,85311; 507,52465
48,253555; 502,40769
48,653999; 501,12845
49,054443; 499,20959
49,454888; 496,65111
49,855332; 494,73225
50,255777; 492,17377
50,656221; 489,61529
51,056666; 485,13795
51,45711; 485,13795
51,857555; 484,49833
52,257999; 481,30023
52,658444; 476,8229
53,058888; 474,26442
53,459332; 471,70594
53,859777; 472,34556
54,260221; 469,14746
54,660666; 464,0305
55,06111; 462,75126
55,461555; 460,19278
55,861999; 459,55316
56,262444; 456,99468
56,662888; 452,51734
57,063332; 451,2381
57,463777; 447,40038
57,864221; 444,8419
58,264666; 444,20228
58,66511; 442,28342
59,065555; 438,4457
59,465999; 435,88722
59,866444; 430,77026
60,266888; 430,77026
60,667332; 428,8514
61,067777; 425,01368
61,468221; 423,73444
61,868666; 417,33824
62,26911; 419,2571
62,669555; 417,97786
63,069999; 414,14014
63,470444; 412,8609
63,870888; 406,4647
64,271333; 405,82508
64,671777; 405,82508
65,072221; 402,62698
65,472666; 398,14964
65,87311; 396,23078
66,273555; 393,03268
66,673999; 393,03268
67,074444; 390,4742
67,474888; 387,2761
67,875333; 384,71762
68,275777; 381,51952
68,676221; 380,24028
69,076666; 377,6818
69,47711; 376,40256
69,877555; 372,56484
70,277999; 370,64598
70,678444; 366,16864
71,078888; 365,52902
71,479333; 364,8894
71,879777; 362,33092
72,280221; 358,4932
72,680666; 352,73663
73,08111; 353,37625
73,481555; 352,09701
73,881999; 349,53853
74,282444; 345,70081
74,682888; 341,86309
75,083333; 341,22347
75,483777; 341,22347
75,884221; 338,02537
76,284666; 333,54803
76,68511; 331,62917
77,085555; 327,15183
77,485999; 327,79145
77,886444; 325,23297
78,286888; 322,03487
78,687333; 319,47639
79,087777; 316,27829
79,488222; 315,63867
79,888666; 312,44057
80,28911; 311,80095
80,689555; 307,96323
81,089999; 305,40475
81,490444; 302,20665
81,890888; 300,28779
82,291333; 300,28779
82,691777; 297,08969
83,092222; 293,25197
83,492666; 290,05387
83,89311; 289,41425
84,293555; 287,49539
84,693999; 286,85577
85,094444; 280,45957
85,494888; 278,54071
85,895333; 277,26147
86,295777; 274,70299
86,696222; 275,34261
87,096666; 270,22565
87,49711; 266,38793
87,897555; 265,74831
88,297999; 263,18983
88,698444; 262,55021
89,098888; 258,71249
89,499333; 256,15401
89,899777; 253,59553
90,300222; 251,67667
90,700666; 249,75781
91,101111; 249,11819
91,501555; 244,64085
91,901999; 243,36161
92,302444; 239,52389
92,702888; 236,96542
93,103333; 236,96542
93,503777; 233,76732
93,904222; 231,20884
94,304666; 227,37112
94,705111; 226,7315
95,105555; 225,45226
95,505999; 223,5334
95,906444; 219,05606
96,306888; 215,85796
96,707333; 214,57872
97,107777; 214,57872
97,508222; 213,29948
97,908666; 207,5429
98,309111; 206,26366
98,709555; 203,06556
99,109999; 201,78632
99,510444; 199,86746
99,910888; 197,30898
100,31133; 194,7505
100,71178; 192,83164
101,11222; 190,27316
101,51267; 188,3543
101,91311; 187,07506
102,31356; 183,23734
102,714; 181,9581
103,11444; 178,76
103,51489; 176,20152
103,91533; 176,20152
104,31578; 173,00342
104,71622; 170,44494
105,11667; 165,9676
105,51711; 167,88646
105,91756; 164,04874
106,318; 162,7695
106,71844; 158,93178
107,11889; 155,73368
107,51933; 155,73368
107,91978; 153,1752
108,32022; 152,53558
108,72067; 147,41862
109,12111; 146,13938
109,52156; 144,22052
109,922; 142,30166
110,32244; 142,30166
110,72289; 137,1847
111,12333; 135,90546
111,52378; 133,34698
111,92422; 133,34698
112,32467; 129,50926
112,72511; 128,86964
113,12556; 125,03192
113,526; 123,75268
113,92644; 119,91496
114,32689; 117,99611
114,72733; 117,99611
115,12778; 115,43763
115,52822; 113,51877
115,92867; 108,40181
116,32911; 108,40181
116,72956; 107,76219
117,13; 104,56409
117,53044; 103,28485
117,93089; 98,167887
118,33133; 97,528267
118,73178; 98,807507
119,13222; 94,330167
119,53267; 91,771687
119,93311; 89,852827
120,33356; 86,015108
120,734; 86,654728
121,13444; 84,096248
121,53489; 81,537768
121,93533; 78,979288
122,33578; 75,781189
122,73622; 75,141569
123,13667; 71,303849
123,53711; 71,943469
123,93756; 68,105749
124,338; 67,466129
124,73844; 64,90765
125,13889; 61,06993
125,53933; 61,70955
125,93978; 59,79069
126,34022; 57,23221
126,74067; 53,39449
127,14111; 52,754871
127,54156; 49,556771
127,942; 48,277531
128,34244; 45,719051
128,74289; 43,160571
129,14333; 42,520951
129,54378; 41,241711
129,94422; 39,962472
130,34467; 36,124752
130,74511; 36,124752
131,14556; 32,926652
131,546; 31,007792
131,94644; 30,368172
132,34689; 26,530453
132,74733; 25,890833
133,14778; 23,332353
133,54822; 21,413493
133,94867; 18,215393
134,34911; 18,855013
134,74956; 14,377674
135,15; 13,738054
135,55044; 11,819194
135,95089; 8,6210942
136,35133; 7,9814743
136,75178; 6,7022344
137,15222; 6,0626144
137,55267; 2,8645147
137,95311; 4,1437546
138,35356; 2,2248948
138,754; 1,5852748
139,15444; 3,5041347
139,55489; 1,5852748
139,95533; 2,8645147
140,35578; 4,7833745
140,75622; 12,458814
141,15667; 11,819194
141,55711; 12,458814
141,95756; 11,819194
142,358; 11,819194
142,75844; 11,819194
143,15889; 11,179574
143,55933; 11,819194
143,95978; 11,819194
144,36022; 11,819194
144,76067; 12,458814
145,16111; 11,819194
145,56156; 11,819194
145,962; 12,458814
146,36244; 12,458814
146,76289; 11,179574
147,16333; 12,458814
147,56378; 12,458814
147,96422; 12,458814
148,36467; 12,458814
148,76511; 11,819194
149,16556; 12,458814
149,566; 11,819194
149,96644; 12,458814
150,36689; 12,458814
150,76733; 11,819194
151,16778; 12,458814
151,56822; 12,458814
151,96867; 11,819194
152,36911; 12,458814
152,76956; 12,458814
153,17; 11,819194
153,57044; 11,819194
153,97089; 11,819194
154,37133; 12,458814
154,77178; 11,819194
155,17222; 11,179574
155,57267; 11,179574
155,97311; 11,179574
156,37356; 11,819194
156,774; 11,819194
157,17444; 11,819194
157,57489; 12,458814
157,97533; 12,458814
158,37578; 11,819194
158,77622; 13,098434
159,17667; 11,819194
159,57711; 12,458814
159,97756; 11,819194
160,378; 13,098434
160,77844; 12,458814
161,17889; 11,819194
161,57933; 12,458814
161,97978; 11,819194
162,38022; 11,819194
162,78067; 11,819194
163,18111; 11,819194
163,58156; 12,458814
163,982; 13,098434
164,38244; 12,458814
164,78289; 11,819194
165,18333; 11,179574
165,58378; 12,458814
165,98422; 13,098434
166,38467; 11,819194
166,78511; 12,458814
167,18556; 11,819194
167,586; 12,458814
167,98644; 12,458814
168,38689; 12,458814
168,78733; 11,819194
169,18778; 12,458814
169,58822; 12,458814
169,98867; 11,819194
170,38911; 12,458814
170,78956; 12,458814
171,19; 12,458814
171,59044; 12,458814
171,99089; 11,819194
172,39133; 11,819194
172,79178; 12,458814
173,19222; 12,458814
173,59267; 11,179574
173,99311; 12,458814
174,39356; 12,458814
174,794; 11,819194
175,19444; 12,458814
175,59489; 11,819194
175,99533; 13,098434
176,39578; 12,458814
176,79622; 13,098434
177,19667; 12,458814
177,59711; 11,819194
177,99756; 12,458814
178,398; 11,819194
178,79844; 12,458814
179,19889; 13,098434
179,59933; 11,819194
179,99978; 13,738054
180,40022; 13,098434
180,80067; 12,458814
181,20111; 13,098434
181,60156; 12,458814
182,002; 13,098434
182,40244; 13,098434
182,80289; 12,458814
183,20333; 12,458814
183,60378; 13,738054
184,00422; 13,738054
184,40467; 12,458814
184,80511; 12,458814
185,20556; 13,738054
185,606; 13,738054
186,00644; 13,738054
186,40689; 12,458814
186,80733; 13,098434
187,20778; 13,738054
187,60822; 13,738054
188,00867; 12,458814
188,40911; 13,098434
188,80956; 13,738054
189,21; 13,738054
189,61044; 13,738054
190,01089; 13,738054
190,41133; 12,458814
190,81178; 13,738054
191,21222; 13,738054
191,61267; 13,738054
192,01311; 13,738054
192,41356; 13,738054
192,814; 13,738054
193,21444; 13,738054
193,61489; 13,098434
194,01533; 13,098434
194,41578; 13,098434
194,81622; 13,738054
195,21667; 12,458814
195,61711; 13,738054
196,01756; 14,377674
196,418; 14,377674
196,81844; 14,377674
197,21889; 15,017294
197,61933; 13,738054
198,01978; 15,017294
198,42022; 14,377674
198,82067; 14,377674
199,22111; 14,377674
199,62156; 15,017294
200,022; 14,377674


Name=DFL (2)
X=Height, nm
Y=DFL, nN
-200,022; 1985,6863
-199,62156; 1983,1279
-199,22111; 1980,5694
-198,82067; 1977,3713
-198,42023; 1978,0109
-198,01978; 1978,0109
-197,61934; 1976,7317
-197,21889; 1973,5336
-196,81845; 1970,9751
-196,418; 1969,0562
-196,01756; 1969,6959
-195,61711; 1969,0562
-195,21667; 1965,8581
-194,81623; 1964,5789
-194,41578; 1961,3808
-194,01534; 1960,1016
-193,61489; 1962,0204
-193,21445; 1959,4619
-192,814; 1956,9035
-192,41356; 1953,0657
-192,01311; 1951,1469
-191,61267; 1951,7865
-191,21223; 1952,4261
-190,81178; 1947,9488
-190,41134; 1946,6695
-190,01089; 1943,4714
-189,61045; 1944,1111
-189,21; 1945,3903
-188,80956; 1940,2733
-188,40911; 1938,9941
-188,00867; 1935,1564
-187,60823; 1933,2375
-187,20778; 1935,796
-186,80734; 1933,2375
-186,40689; 1930,679
-186,00645; 1926,2017
-185,606; 1924,2828
-185,20556; 1926,8413
-184,80511; 1924,9225
-184,40467; 1923,0036
-184,00423; 1919,8055
-183,60378; 1915,3282
-183,20334; 1916,6074
-182,80289; 1915,3282
-182,40245; 1914,0489
-182,002; 1912,1301
-181,60156; 1908,2923
-181,20111; 1907,6527
-180,80067; 1907,0131
-180,40023; 1906,3735
-179,99978; 1903,1754
-179,59934; 1899,9773
-179,19889; 1898,698
-178,79845; 1898,698
-178,398; 1898,0584
-177,99756; 1895,4999
-177,59711; 1892,9415
-177,19667; 1888,4641
-176,79623; 1888,4641
-176,39578; 1888,4641
-175,99534; 1887,1849
-175,59489; 1883,3472
-175,19445; 1879,5094
-174,794; 1878,8698
-174,39356; 1879,5094
-173,99311; 1878,2302
-173,59267; 1876,3113
-173,19223; 1872,4736
-172,79178; 1869,9151
-172,39134; 1869,9151
-171,99089; 1869,2755
-171,59045; 1867,9963
-171,19; 1864,7982
-170,78956; 1859,6812
-170,38911; 1859,6812
-169,98867; 1860,3208
-169,58823; 1857,7624
-169,18778; 1855,8435
-168,78734; 1852,6454
-168,38689; 1847,5284
-167,98645; 1850,0869
-167,586; 1848,1681
-167,18556; 1844,3303
-166,78511; 1842,4115
-166,38467; 1837,2945
-165,98423; 1837,9341
-165,58378; 1838,5738
-165,18334; 1836,0153
-164,78289; 1833,4568
-164,38245; 1830,8983
-163,982; 1828,3398
-163,58156; 1828,3398
-163,18111; 1827,0606
-162,78067; 1823,2229
-162,38023; 1820,0248
-161,97978; 1816,8267
-161,57934; 1816,8267
-161,17889; 1817,4663
-160,77845; 1816,8267
-160,378; 1811,0701
-159,97756; 1808,5116
-159,57711; 1807,872
-159,17667; 1805,3135
-158,77623; 1806,5928
-158,37578; 1803,3947
-157,97534; 1797,6381
-157,57489; 1797,6381
-157,17445; 1796,9985
-156,774; 1795,0796
-156,37356; 1794,44
-155,97311; 1788,6834
-155,57267; 1784,8457
-155,17222; 1786,1249
-154,77178; 1785,4853
-154,37134; 1782,9268
-153,97089; 1780,3683
-153,57045; 1775,891
-153,17; 1775,2514
-152,76956; 1774,6118
-152,36911; 1773,3325
-151,96867; 1771,4137
-151,56822; 1765,6571
-151,16778; 1764,3778
-150,76734; 1765,0175
-150,36689; 1763,7382
-149,96645; 1761,8194
-149,566; 1757,342
-149,16556; 1754,7835
-148,76511; 1752,2251
-148,36467; 1752,2251
-147,96422; 1750,9458
-147,56378; 1747,7477
-147,16334; 1742,6308
-146,76289; 1741,9911
-146,36245; 1742,6308
-145,962; 1740,0723
-145,56156; 1736,8742
-145,16111; 1733,6761
-144,76067; 1730,478
-144,36022; 1732,3968
-143,95978; 1729,1988
-143,55934; 1730,478
-143,15889; 1724,7214
-142,75845; 1720,2441
-142,358; 1719,6045
-141,95756; 1718,9648
-141,55711; 1717,6856
-141,15667; 1715,1271
-140,75622; 1708,7309
-140,35578; 1707,4517
-139,95534; 1706,8121
-139,55489; 1706,1724
-139,15445; 1704,2536
-138,754; 1698,497
-138,35356; 1696,5781
-137,95311; 1695,9385
-137,55267; 1695,2989
-137,15222; 1694,6593
-136,75178; 1690,8216
-136,35134; 1686,9838
-135,95089; 1686,3442
-135,55045; 1684,4254
-135,15; 1685,065
-134,74956; 1679,948
-134,34911; 1676,7499
-133,94867; 1674,8311
-133,54822; 1674,1914
-133,14778; 1672,2726
-132,74734; 1669,7141
-132,34689; 1665,2368
-131,94645; 1662,6783
-131,546; 1660,7594
-131,14556; 1660,7594
-130,74511; 1660,1198
-130,34467; 1656,9217
-129,94422; 1653,7236
-129,54378; 1649,2463
-129,14334; 1649,8859
-128,74289; 1647,967
-128,34245; 1645,4085
-127,942; 1642,2104
-127,54156; 1638,3727
-127,14111; 1638,3727
-126,74067; 1637,7331
-126,34022; 1635,8142
-125,93978; 1632,6161
-125,53934; 1628,1388
-125,13889; 1628,7784
-124,73845; 1628,1388
-124,338; 1626,8596
-123,93756; 1623,0218
-123,53711; 1618,5445
-123,13667; 1615,3464
-122,73622; 1614,7068
-122,33578; 1612,7879
-121,93534; 1610,2294
-121,53489; 1607,671
-121,13445; 1603,8332
-120,734; 1602,554
-120,33356; 1603,8332
-119,93311; 1603,1936
-119,53267; 1598,0767
-119,13222; 1594,2389
-118,73178; 1592,3201
-118,33134; 1591,6805
-117,93089; 1591,6805
-117,53045; 1587,8427
-117,13; 1584,005
-116,72956; 1580,8069
-116,32911; 1578,2484
-115,92867; 1578,8881
-115,52822; 1576,3296
-115,12778; 1572,4919
-114,72734; 1571,2126
-114,32689; 1566,0957
-113,92645; 1568,6541
-113,526; 1567,3749
-113,12556; 1560,9787
-112,72511; 1560,9787
-112,32467; 1553,9429
-111,92422; 1555,8617
-111,52378; 1556,5014
-111,12334; 1551,3844
-110,72289; 1550,7448
-110,32245; 1545,6278
-109,922; 1543,709
-109,52156; 1544,3486
-109,12111; 1540,5109
-108,72067; 1538,592
-108,32022; 1534,7543
-107,91978; 1532,8354
-107,51934; 1532,8354
-107,11889; 1530,2769
-106,71845; 1528,3581
-106,318; 1523,2411
-105,91756; 1520,043
-105,51711; 1522,6015
-105,11667; 1519,4034
-104,71622; 1519,4034
-104,31578; 1514,2864
-103,91534; 1509,1695
-103,51489; 1509,1695
-103,11445; 1508,5299
-102,714; 1506,611
-102,31356; 1504,6921
-101,91311; 1499,5752
-101,51267; 1497,0167
-101,11222; 1498,2959
-100,71178; 1496,3771
-100,31134; 1494,4582
-99,910891; 1489,9809
-99,510447; 1484,8639
-99,110002; 1486,7828
-98,709558; 1484,8639
-98,309113; 1482,9451
-97,908669; 1480,3866
-97,508224; 1473,9904
-97,10778; 1473,3508
-96,707336; 1473,9904
-96,306891; 1470,7923
-95,906447; 1470,7923
-95,506002; 1465,0357
-95,105558; 1461,198
-94,705113; 1462,4772
-94,304669; 1459,9188
-93,904224; 1459,2791
-93,50378; 1454,8018
-93,103336; 1449,6848
-92,702891; 1450,3245
-92,302447; 1448,4056
-91,902002; 1447,766
-91,501558; 1445,8471
-91,101113; 1438,1717
-90,700669; 1437,5321
-90,300224; 1437,5321
-89,89978; 1434,9736
-89,499336; 1433,6943
-89,098891; 1428,5774
-88,698447; 1426,6585
-88,298002; 1425,3793
-87,897558; 1425,3793
-87,497113; 1424,1
-87,096669; 1418,3435
-86,696224; 1415,1454
-86,29578; 1413,2265
-85,895335; 1412,5869
-85,494891; 1411,9473
-85,094447; 1408,7492
-84,694002; 1404,2718
-84,293558; 1402,9926
-83,893113; 1401,0737
-83,492669; 1401,7133
-83,092224; 1398,5152
-82,69178; 1393,3983
-82,291335; 1390,8398
-81,890891; 1387,0021
-81,490447; 1388,2813
-81,090002; 1388,2813
-80,689558; 1382,5247
-80,289113; 1379,3266
-79,888669; 1376,1285
-79,488224; 1375,4889
-79,08778; 1376,7682
-78,687335; 1372,2908
-78,286891; 1369,0927
-77,886447; 1364,6154
-77,486002; 1363,3361
-77,085558; 1364,6154
-76,685113; 1361,4173
-76,284669; 1358,8588
-75,884224; 1356,3003
-75,48378; 1351,1834
-75,083335; 1352,4626
-74,682891; 1350,5437
-74,282447; 1346,706
-73,882002; 1342,8683
-73,481558; 1339,0306
-73,081113; 1340,9494
-72,680669; 1337,7513
-72,280224; 1337,1117
-71,87978; 1333,274
-71,479335; 1327,5174
-71,078891; 1327,5174
-70,678446; 1328,157
-70,278002; 1325,5986
-69,877558; 1323,0401
-69,477113; 1317,2835
-69,076669; 1315,3646
-68,676224; 1316,0043
-68,27578; 1313,4458
-67,875335; 1311,5269
-67,474891; 1306,41
-67,074446; 1303,2119
-66,674002; 1302,5722
-66,273558; 1300,6534
-65,873113; 1301,293
-65,472669; 1295,5364
-65,072224; 1292,3383
-64,67178; 1291,0591
-64,271335; 1287,2214
-63,870891; 1289,7798
-63,470446; 1284,6629
-63,070002; 1280,1855
-62,669558; 1281,4648
-62,269113; 1275,7082
-61,868669; 1276,3478
-61,468224; 1275,0686
-61,06778; 1268,6724
-60,667335; 1268,0328
-60,266891; 1264,195
-59,866446; 1264,8347
-59,466002; 1264,8347
-59,065557; 1259,7177
-58,665113; 1257,1592
-58,264669; 1253,9611
-57,864224; 1252,6819
-57,46378; 1253,9611
-57,063335; 1248,2046
-56,662891; 1245,0065
-56,262446; 1243,7272
-55,862002; 1239,2499
-55,461557; 1239,8895
-55,061113; 1236,6914
-54,660669; 1232,8537
-54,260224; 1230,9348
-53,85978; 1227,0971
-53,459335; 1227,0971
-53,058891; 1226,4575
-52,658446; 1222,6198
-52,258002; 1219,4217
-51,857557; 1216,2236
-51,457113; 1214,3047
-51,056669; 1214,9443
-50,656224; 1211,7462
-50,25578; 1208,5481
-49,855335; 1205,35
-49,454891; 1201,5123
-49,054446; 1202,7915
-48,654002; 1201,5123
-48,253557; 1197,6746
-47,853113; 1193,8369
-47,452668; 1189,3595
-47,052224; 1188,0803
-46,65178; 1189,3595
-46,251335; 1185,5218
-45,850891; 1181,6841
-45,450446; 1178,486
-45,050002; 1177,2067
-44,649557; 1177,2067
-44,249113; 1175,2879
-43,848668; 1172,7294
-43,448224; 1168,2521
-43,04778; 1165,054
-42,647335; 1164,4143
-42,246891; 1163,7747
-41,846446; 1159,937
-41,446002; 1156,0993
-41,045557; 1153,5408
-40,645113; 1151,6219
-40,244668; 1152,2616
-39,844224; 1149,0635
-39,44378; 1145,8654
-39,043335; 1142,6673
-38,642891; 1138,8295
-38,242446; 1140,1088
-37,842002; 1138,8295
-37,441557; 1134,9918
-37,041113; 1131,1541
-36,640668; 1127,3164
-36,240224; 1126,0371
-35,839779; 1127,3164
-35,439335; 1123,4787
-35,038891; 1120,9202
-34,638446; 1116,4428
-34,238002; 1113,2447
-33,837557; 1113,8844
-33,437113; 1111,9655
-33,036668; 1107,4882
-32,636224; 1105,5693
-32,235779; 1102,3712
-31,835335; 1100,4523
-31,434891; 1101,092
-31,034446; 1098,5335
-30,634002; 1093,4165
-30,233557; 1091,4977
-29,833113; 1089,5788
-29,432668; 1087,6599
-29,032224; 1088,2996
-28,631779; 1082,543
-28,231335; 1079,9845
-27,830891; 1076,1468
-27,430446; 1074,2279
-27,030002; 1076,7864
-26,629557; 1071,0298
-26,229113; 1069,111
-25,828668; 1066,5525
-25,428224; 1063,994
-25,027779; 1064,6336
-24,627335; 1060,7959
-24,226891; 1056,3186
-23,826446; 1055,6789
-23,426002; 1049,2827
-23,025557; 1051,8412
-22,625113; 1049,2827
-22,224668; 1044,1658
-21,824224; 1044,1658
-21,423779; 1037,13
-21,023335; 1039,0488
-20,62289; 1038,4092
-20,222446; 1033,2922
-19,822002; 1032,013
-19,421557; 1026,896
-19,021113; 1026,2564
-18,620668; 1026,896
-18,220224; 1023,6979
-17,819779; 1021,7791
-17,419335; 1017,3017
-17,01889; 1012,8244
-16,618446; 1013,464
-16,218002; 1009,6263
-15,817557; 1008,9867
-15,417113; 1003,8697
-15,016668; 1001,3113
-14,616224; 1001,9509
-14,215779; 997,47353
-13,815335; 998,11315
-13,41489; 994,27543
-13,014446; 989,79809
-12,614002; 989,79809
-12,213557; 986,59999
-11,813113; 986,59999
-11,412668; 984,04151
-11,012224; 979,56417
-10,611779; 977,64531
-10,211335; 975,72645
-9,8108904; 974,44721
-9,4104459; 973,16797
-9,0100015; 967,41139
-8,609557; 964,85291
-8,2091126; 962,29443
-7,8086681; 961,01519
-7,4082237; 959,73595
-7,0077792; 955,89823
-6,6073348; 953,97938
-6,2068903; 950,78128
-5,8064459; 948,86242
-5,4060014; 949,50204
-5,005557; 946,30394
-4,6051126; 943,10584
-4,2046681; 939,26812
-3,8042237; 937,98888
-3,4037792; 937,34926
-3,0033348; 934,15116
-2,6028903; 930,31344
-2,2024459; 928,39458
-1,8020014; 923,91724
-1,401557; 924,55686
-1,0011125; 921,99838
-0,60066807; 919,4399
-0,20022362; 916,88142
0,20022082; 911,76446
0,60066527; 912,40408
1,0011097; 909,8456
1,4015542; 908,56636
1,8019986; 907,92674
2,2024431; 902,17016
2,6028875; 900,2513
3,003332; 898,33244
3,4037764; 896,41358
3,8042209; 894,49472
4,2046653; 891,29662
4,6051098; 887,4589
5,0055542; 887,4589
5,4059986; 884,90042
5,8064431; 882,98156
6,2068875; 879,14384
6,607332; 875,94574
7,0077764; 874,6665
7,4082209; 872,74764
7,8086653; 872,10802
8,2091098; 870,18916
8,6095542; 866,35144
9,0099987; 862,51372
9,4104431; 861,8741
9,8108876; 860,59486
10,211332; 858,03638
10,611776; 854,19866
11,012221; 851,00056
11,412665; 849,0817
11,81311; 847,80246
12,213554; 846,52322
12,613999; 843,96474
13,014443; 838,84778
13,414888; 838,20816
13,815332; 835,64969
14,215777; 834,37045
14,616221; 833,09121
15,016665; 829,25349
15,41711; 826,05539
15,817554; 824,77615
16,217999; 822,85729
16,618443; 821,57805
17,018888; 819,01957
17,419332; 813,90261
17,819777; 813,26299
18,220221; 810,70451
18,620665; 810,06489
19,02111; 806,86679
19,421554; 803,02907
19,821999; 801,11021
20,222443; 799,19135
20,622888; 797,91211
21,023332; 796,63287
21,423777; 792,79515
21,824221; 788,95743
22,224665; 788,31781
22,62511; 786,39895
23,025554; 785,11971
23,425999; 782,56123
23,826443; 777,44427
24,226888; 775,52541
24,627332; 772,96693
25,027777; 772,96693
25,428221; 772,32731
25,828665; 767,21035
26,22911; 764,65187
26,629554; 761,45377
27,029999; 760,81415
27,430443; 760,81415
27,830888; 755,69719
28,231332; 751,85947
28,631777; 750,58023
29,032221; 748,66137
29,432666; 749,94061
29,83311; 746,10289
30,233554; 740,98593
30,633999; 739,70669
31,034443; 735,22935
31,434888; 737,78783
31,835332; 735,22935
32,235777; 730,75201
32,636221; 726,91429
33,036666; 724,99543
33,43711; 724,35581
33,837554; 723,07657
34,237999; 719,87847
34,638443; 714,76152
35,038888; 712,84266
35,439332; 712,20304
35,839777; 710,9238
36,240221; 709,64456
36,640666; 704,5276
37,04111; 701,3295
37,441554; 700,68988
37,841999; 698,1314
38,242443; 696,21254
38,642888; 693,01444
39,043332; 689,17672
39,443777; 687,89748
39,844221; 687,25786
40,244666; 685,97862
40,64511; 681,50128
41,045555; 679,58242
41,445999; 675,10508
41,846443; 675,10508
42,246888; 675,10508
42,647332; 670,62774
43,047777; 667,42964
43,448221; 662,9523
43,848666; 661,03344
44,24911; 661,03344
44,649555; 659,11458
45,049999; 656,5561
45,450443; 651,43914
45,850888; 649,52028
46,251332; 646,9618
46,651777; 648,24104
47,052221; 645,68256
47,452666; 640,5656
47,85311; 638,00712
48,253555; 637,3675
48,653999; 635,44864
49,054443; 633,52978
49,454888; 628,41282
49,855332; 623,93548
50,255777; 623,29586
50,656221; 622,65624
51,056666; 620,09776
51,45711; 617,53928
51,857555; 613,06194
52,257999; 611,14308
52,658444; 610,50346
53,058888; 608,5846
53,459332; 605,3865
53,859777; 600,90916
54,260221; 598,9903
54,660666; 597,07144
55,06111; 595,79221
55,461555; 595,15259
55,861999; 590,67525
56,262444; 586,19791
56,662888; 584,91867
57,063332; 582,36019
57,463777; 581,72057
57,864221; 579,80171
58,264666; 572,76589
58,66511; 572,12627
59,065555; 570,20741
59,465999; 568,28855
59,866444; 568,28855
60,266888; 561,89235
60,667332; 558,69425
61,067777; 557,41501
61,468221; 554,85653
61,868666; 555,49615
62,26911; 550,37919
62,669555; 545,90185
63,069999; 544,62261
63,470444; 540,78489
63,870888; 541,42451
64,271333; 538,22641
64,671777; 533,10945
65,072221; 532,46983
65,472666; 529,27173
65,87311; 528,63211
66,273555; 526,71325
66,673999; 520,95667
67,074444; 518,39819
67,474888; 515,83971
67,875333; 512,64161
68,275777; 513,28123
68,676221; 510,08313
69,076666; 505,60579
69,47711; 503,68693
69,877555; 500,48883
70,277999; 500,48883
70,678444; 497,93035
71,078888; 492,81339
71,479333; 490,89453
71,879777; 487,05681
72,280221; 487,05681
72,680666; 485,13795
73,08111; 479,38137
73,481555; 478,10213
73,881999; 474,90404
74,282444; 472,34556
74,682888; 472,98518
75,083333; 467,86822
75,483777; 464,67012
75,884221; 461,47202
76,284666; 458,91354
76,68511; 459,55316
77,085555; 455,71544
77,485999; 452,51734
77,886444; 449,31924
78,286888; 445,48152
78,687333; 444,8419
79,087777; 443,56266
79,488222; 439,72494
79,888666; 436,52684
80,28911; 431,40988
80,689555; 430,13064
81,089999; 428,8514
81,490444; 426,93254
81,890888; 423,73444
82,291333; 418,61748
82,691777; 417,33824
83,092222; 416,059
83,492666; 413,50052
83,89311; 410,30242
84,293555; 405,82508
84,693999; 403,90622
85,094444; 401,98736
85,494888; 401,98736
85,895333; 396,8704
86,295777; 394,31192
86,696222; 389,83458
87,096666; 387,2761
87,49711; 387,91572
87,897555; 383,43838
88,297999; 381,51952
88,698444; 375,76294
89,098888; 372,56484
89,499333; 373,20446
89,899777; 370,00636
90,300222; 368,0875
90,700666; 364,24978
91,101111; 360,41206
91,501555; 360,41206
91,901999; 356,57435
92,302444; 355,29511
92,702888; 351,45739
93,103333; 345,70081
93,503777; 344,42157
93,904222; 343,14233
94,304666; 340,58385
94,705111; 338,66499
95,105555; 332,26879
95,505999; 330,98955
95,906444; 328,43107
96,306888; 326,51221
96,707333; 325,23297
97,107777; 318,83677
97,508222; 316,27829
97,908666; 314,99905
98,309111; 311,16133
98,709555; 311,16133
99,109999; 306,68399
99,510444; 302,84627
99,910888; 300,28779
100,31133; 299,64817
100,71178; 297,72931
101,11222; 293,25197
101,51267; 289,41425
101,91311; 286,21615
102,31356; 285,57653
102,714; 283,01805
103,11444; 280,45957
103,51489; 275,98223
103,91533; 272,78413
104,31578; 270,22565
104,71622; 270,22565
105,11667; 266,38793
105,51711; 262,55021
105,91756; 259,35211
106,318; 256,15401
106,71844; 254,87477
107,11889; 252,31629
107,51933; 248,47857
107,91978; 246,55971
108,32022; 242,08237
108,72067; 240,16351
109,12111; 238,88427
109,52156; 235,68618
109,922; 233,1277
110,32244; 228,65036
110,72289; 226,09188
111,12333; 224,81264
111,52378; 222,89378
111,92422; 218,41644
112,32467; 214,57872
112,72511; 212,02024
113,12556; 210,741
113,526; 209,46176
113,92644; 205,62404
114,32689; 201,78632
114,72733; 197,9486
115,12778; 197,30898
115,52822; 195,39012
115,92867; 192,83164
116,32911; 188,99392
116,72956; 183,23734
117,13; 182,59772
117,53044; 180,67886
117,93089; 178,12038
118,33133; 175,5619
118,73178; 170,44494
119,13222; 165,9676
119,53267; 165,9676
119,93311; 163,40912
120,33356; 161,49026
120,734; 157,65254
121,13444; 153,1752
121,53489; 152,53558
121,93533; 150,61672
122,33578; 147,41862
122,73622; 143,5809
123,13667; 139,74318
123,53711; 137,82432
123,93756; 135,90546
124,338; 133,9866
124,73844; 131,42812
125,13889; 126,31116
125,53933; 124,3923
125,93978; 123,75268
126,34022; 119,91496
126,74067; 117,99611
127,14111; 114,15839
127,54156; 110,32067
127,942; 107,76219
128,34244; 105,84333
128,74289; 103,92447
129,14333; 99,447127
129,54378; 96,888647
129,94422; 94,330167
130,34467; 92,411307
130,74511; 91,132067
131,14556; 87,294348
131,546; 83,456628
131,94644; 81,537768
132,34689; 79,618908
132,74733; 77,060429
133,14778; 75,141569
133,54822; 71,303849
133,94867; 68,105749
134,34911; 65,547269
134,74956; 63,62841
135,15; 61,70955
135,55044; 57,23221
135,95089; 54,03411
136,35133; 52,115251
136,75178; 51,475631
137,15222; 48,277531
137,55267; 44,439811
137,95311; 41,881331
138,35356; 39,322852
138,754; 36,124752
139,15444; 35,485132
139,55489; 30,368172
139,95533; 28,449313
140,35578; 26,530453
140,75622; 22,692733
141,15667; 22,053113
141,55711; 18,855013
141,95756; 16,936154
142,358; 13,738054
142,75844; 10,539954
143,15889; 9,9003341
143,55933; 6,7022344
143,95978; 4,7833745
144,36022; 2,8645147
144,76067; -2,2524449
145,16111; -3,5316848
145,56156; -4,8109246
145,962; -7,3694044
146,36244; -9,9278842
146,76289; -13,125984
147,16333; -15,044844
147,56378; -16,324084
147,96422; -17,603324
148,36467; -20,161803
148,76511; -22,080663
149,16556; -23,999523
149,566; -26,558003
149,96644; -27,197623
150,36689; -28,476863
150,76733; -24,639143
151,16778; -6,7297845
151,56822; -4,8109246
151,96867; -2,2524449
152,36911; -1,6128249
152,76956; -1,6128249
153,17; -0,97320497
153,57044; -0,33358502
153,97089; -0,33358502
154,37133; -0,97320497
154,77178; 2,2248948
155,17222; 2,8645147
155,57267; 4,7833745
155,97311; 4,1437546
156,37356; 4,7833745
156,774; 6,0626144
157,17444; 6,7022344
157,57489; 6,0626144
157,97533; 6,7022344
158,37578; 6,7022344
158,77622; 6,7022344
159,17667; 7,9814743
159,57711; 7,9814743
159,97756; 7,9814743
160,378; 8,6210942
160,77844; 9,2607142
161,17889; 9,9003341
161,57933; 9,9003341
161,97978; 9,9003341
162,38022; 9,9003341
162,78067; 9,9003341
163,18111; 10,539954
163,58156; 11,179574
163,982; 11,179574
164,38244; 11,819194
164,78289; 11,819194
165,18333; 12,458814
165,58378; 11,179574
165,98422; 11,819194
166,38467; 11,819194
166,78511; 11,179574
167,18556; 11,819194
167,586; 11,819194
167,98644; 12,458814
168,38689; 11,819194
168,78733; 11,179574
169,18778; 11,819194
169,58822; 12,458814
169,98867; 12,458814
170,38911; 12,458814
170,78956; 11,819194
171,19; 12,458814
171,59044; 11,819194
171,99089; 12,458814
172,39133; 12,458814
172,79178; 12,458814
173,19222; 13,098434
173,59267; 12,458814
173,99311; 12,458814
174,39356; 11,819194
174,794; 11,819194
175,19444; 13,098434
175,59489; 12,458814
175,99533; 11,819194
176,39578; 11,179574
176,79622; 11,819194
177,19667; 12,458814
177,59711; 12,458814
177,99756; 13,098434
178,398; 12,458814
178,79844; 11,819194
179,19889; 13,098434
179,59933; 12,458814
179,99978; 11,819194
180,40022; 12,458814
180,80067; 12,458814
181,20111; 12,458814
181,60156; 11,819194
182,002; 13,098434
182,40244; 12,458814
182,80289; 12,458814
183,20333; 12,458814
183,60378; 13,098434
184,00422; 12,458814
184,40467; 13,098434
184,80511; 13,738054
185,20556; 12,458814
185,606; 12,458814
186,00644; 13,098434
186,40689; 12,458814
186,80733; 12,458814
187,20778; 12,458814
187,60822; 12,458814
188,00867; 13,098434
188,40911; 13,738054
188,80956; 12,458814
189,21; 12,458814
189,61044; 12,458814
190,01089; 13,098434
190,41133; 12,458814
190,81178; 13,738054
191,21222; 13,738054
191,61267; 13,738054
192,01311; 13,098434
192,41356; 13,098434
192,814; 14,377674
193,21444; 13,098434
193,61489; 13,738054
194,01533; 13,738054
194,41578; 13,098434
194,81622; 14,377674
195,21667; 13,738054
195,61711; 13,098434
196,01756; 13,098434
196,418; 13,738054
196,81844; 14,377674
197,21889; 13,738054
197,61933; 13,738054
198,01978; 14,377674
198,42022; 13,738054
198,82067; 13,738054
199,22111; 13,738054
199,62156; 14,377674
200,022; 14,377674
