Name=DFL (1)
X=Height, nm
Y=DFL, nA
-50,032001; 2,604882
-49,831779; 2,600304
-49,631557; 2,592674
-49,431335; 2,589622
-49,231113; 2,574362
-49,03089; 2,569784
-48,830668; 2,56368
-48,630446; 2,55605
-48,430224; 2,554524
-48,230001; 2,545368
-48,029779; 2,539264
-47,829557; 2,534686
-47,629335; 2,531634
-47,429113; 2,5179
-47,22889; 2,511796
-47,028668; 2,501114
-46,828446; 2,498062
-46,628224; 2,491958
-46,428001; 2,485854
-46,227779; 2,478224
-46,027557; 2,470594
-45,827335; 2,462964
-45,627113; 2,45686
-45,42689; 2,453808
-45,226668; 2,447704
-45,026446; 2,443126
-44,826224; 2,437022
-44,626001; 2,427866
-44,425779; 2,421762
-44,225557; 2,415658
-44,025335; 2,41108
-43,825113; 2,397346
-43,62489; 2,397346
-43,424668; 2,394294
-43,224446; 2,391242
-43,024224; 2,379034
-42,824001; 2,368352
-42,623779; 2,3653
-42,423557; 2,351566
-42,223335; 2,346988
-42,023113; 2,34241
-41,82289; 2,333254
-41,622668; 2,331728
-41,422446; 2,32715
-41,222224; 2,317994
-41,022001; 2,316468
-40,821779; 2,301208
-40,621557; 2,29663
-40,421335; 2,29663
-40,221113; 2,278318
-40,02089; 2,275266
-39,820668; 2,269162
-39,620446; 2,261532
-39,420224; 2,25848
-39,220001; 2,246272
-39,019779; 2,24322
-38,819557; 2,240168
-38,619335; 2,234064
-38,419113; 2,232538
-38,21889; 2,221856
-38,018668; 2,218804
-37,818446; 2,215752
-37,618224; 2,19744
-37,418001; 2,198966
-37,217779; 2,18218
-37,017557; 2,179128
-36,817335; 2,179128
-36,617112; 2,160816
-36,41689; 2,163868
-36,216668; 2,156238
-36,016446; 2,153186
-35,816224; 2,148608
-35,616001; 2,137926
-35,415779; 2,130296
-35,215557; 2,124192
-35,015335; 2,118088
-34,815112; 2,111984
-34,61489; 2,104354
-34,414668; 2,09825
-34,214446; 2,095198
-34,014224; 2,079938
-33,814001; 2,073834
-33,613779; 2,069256
-33,413557; 2,061626
-33,213335; 2,061626
-33,013112; 2,047892
-32,81289; 2,043314
-32,612668; 2,043314
-32,412446; 2,034158
-32,212224; 2,023476
-32,012001; 2,020424
-31,811779; 2,011268
-31,611557; 2,002112
-31,411335; 2,00669
-31,211112; 1,988378
-31,01089; 1,99143
-30,810668; 1,985326
-30,610446; 1,97617
-30,410224; 1,96854
-30,210001; 1,957858
-30,009779; 1,951754
-29,809557; 1,947176
-29,609335; 1,941072
-29,409112; 1,931916
-29,20889; 1,927338
-29,008668; 1,919708
-28,808446; 1,919708
-28,608224; 1,910552
-28,408001; 1,904448
-28,207779; 1,898344
-28,007557; 1,890714
-27,807335; 1,887662
-27,607112; 1,875454
-27,40689; 1,870876
-27,206668; 1,864772
-27,006446; 1,858668
-26,806224; 1,849512
-26,606001; 1,847986
-26,405779; 1,83883
-26,205557; 1,832726
-26,005335; 1,832726
-25,805112; 1,81594
-25,60489; 1,81594
-25,404668; 1,806784
-25,204446; 1,796102
-25,004223; 1,79305
-24,804001; 1,789998
-24,603779; 1,782368
-24,403557; 1,776264
-24,203335; 1,77016
-24,003112; 1,76253
-23,80289; 1,761004
-23,602668; 1,753374
-23,402446; 1,74727
-23,202223; 1,741166
-23,002001; 1,735062
-22,801779; 1,725906
-22,601557; 1,718276
-22,401335; 1,719802
-22,201112; 1,706068
-22,00089; 1,70149
-21,800668; 1,698438
-21,600446; 1,690808
-21,400223; 1,681652
-21,200001; 1,675548
-20,999779; 1,66334
-20,799557; 1,657236
-20,599335; 1,65571
-20,399112; 1,64808
-20,19889; 1,645028
-19,998668; 1,638924
-19,798446; 1,63282
-19,598223; 1,628242
-19,398001; 1,619086
-19,197779; 1,614508
-18,997557; 1,605352
-18,797335; 1,603826
-18,597112; 1,596196
-18,39689; 1,588566
-18,196668; 1,585514
-17,996446; 1,57941
-17,796223; 1,570254
-17,596001; 1,568728
-17,395779; 1,554994
-17,195557; 1,551942
-16,995335; 1,54889
-16,795112; 1,532104
-16,59489; 1,53363
-16,394668; 1,529052
-16,194446; 1,522948
-15,994223; 1,516844
-15,794001; 1,504636
-15,593779; 1,500058
-15,393557; 1,493954
-15,193335; 1,484798
-14,993112; 1,475642
-14,79289; 1,475642
-14,592668; 1,46496
-14,392446; 1,460382
-14,192223; 1,455804
-13,992001; 1,4497
-13,791779; 1,445122
-13,591557; 1,43444
-13,391335; 1,43444
-13,191112; 1,422232
-12,99089; 1,420706
-12,790668; 1,417654
-12,590446; 1,406972
-12,390223; 1,397816
-12,190001; 1,394764
-11,989779; 1,38866
-11,789557; 1,382556
-11,589334; 1,376452
-11,389112; 1,367296
-11,18889; 1,36577
-10,988668; 1,35814
-10,788446; 1,352036
-10,588223; 1,344406
-10,388001; 1,341354
-10,187779; 1,330672
-9,9875567; 1,326094
-9,7873345; 1,326094
-9,5871122; 1,310834
-9,38689; 1,309308
-9,1866678; 1,303204
-8,9864456; 1,290996
-8,7862234; 1,290996
-8,5860011; 1,283366
-8,3857789; 1,272684
-8,1855567; 1,271158
-7,9853345; 1,265054
-7,7851122; 1,257424
-7,58489; 1,25132
-7,3846678; 1,248268
-7,1844456; 1,24369
-6,9842233; 1,23606
-6,7840011; 1,229956
-6,5837789; 1,2208
-6,3835567; 1,2208
-6,1833344; 1,211644
-5,9831122; 1,200962
-5,78289; 1,200962
-5,5826678; 1,188754
-5,3824455; 1,185702
-5,1822233; 1,178072
-4,9820011; 1,171968
-4,7817789; 1,16739
-4,5815566; 1,164338
-4,3813344; 1,162812
-4,1811122; 1,146026
-3,98089; 1,146026
-3,7806678; 1,13687
-3,5804455; 1,132292
-3,3802233; 1,123136
-3,1800011; 1,117032
-2,9797789; 1,112454
-2,7795566; 1,107876
-2,5793344; 1,103298
-2,3791122; 1,095668
-2,17889; 1,088038
-1,9786677; 1,081934
-1,7784455; 1,077356
-1,5782233; 1,0682
-1,3780011; 1,063622
-1,1777788; 1,055992
-0,97755662; 1,05294
-0,77733439; 1,046836
-0,57711217; 1,03768
-0,37688994; 1,034628
-0,17666772; 1,026998
0,023554504; 1,025472
0,22377673; 1,016316
0,42399895; 1,013264
0,62422118; 1,004108
0,8244434; 0,99647799
1,0246656; 0,99495199
1,2248878; 0,98274399
1,4251101; 0,97969199
1,6253323; 0,97206199
1,8255545; 0,96595799
2,0257767; 0,96290599
2,225999; 0,95527599
2,4262212; 0,94611999
2,6264434; 0,94306799
2,8266656; 0,93848999
3,0268879; 0,92628199
3,2271101; 0,92628199
3,4273323; 0,91712599
3,6275545; 0,91254799
3,8277768; 0,90491799
4,027999; 0,90339199
4,2282212; 0,88965799
4,4284434; 0,88965799
4,6286657; 0,88507999
4,8288879; 0,86981999
5,0291101; 0,86981999
5,2293323; 0,86371599
5,4295546; 0,85455999
5,6297768; 0,85455999
5,829999; 0,84387799
6,0302212; 0,83166999
6,2304434; 0,83319599
6,4306657; 0,82861799
6,6308879; 0,81793599
6,8311101; 0,81793599
7,0313323; 0,80420199
7,2315546; 0,80572799
7,4317768; 0,80114999
7,631999; 0,78588999
7,8322212; 0,78588999
8,0324435; 0,77673399
8,2326657; 0,77215599
8,4328879; 0,76757799
8,6331101; 0,75842199
8,8333324; 0,75231799
9,0335546; 0,74621399
9,2337768; 0,73858399
9,433999; 0,73553199
9,6342213; 0,72790199
9,8344435; 0,71874599
10,034666; 0,71721999
10,234888; 0,70806399
10,43511; 0,70806399
10,635332; 0,69738199
10,835555; 0,69432999
11,035777; 0,68822599
11,235999; 0,68059599
11,436221; 0,67449199
11,636443; 0,66533599
11,836666; 0,66380999
12,036888; 0,65312799
12,23711; 0,64702399
12,437332; 0,64549799
12,637555; 0,63786799
12,837777; 0,63328999
13,037999; 0,62413399
13,238221; 0,61345199
13,438444; 0,61192599
13,638666; 0,60734799
13,838888; 0,59971799
14,03911; 0,59819199
14,239332; 0,58903599
14,439555; 0,58750999
14,639777; 0,57835399
14,839999; 0,56614599
15,040221; 0,56309399
15,240444; 0,55698999
15,440666; 0,55546399
15,640888; 0,54172999
15,84111; 0,54020399
16,041332; 0,53409999
16,241555; 0,52494399
16,441777; 0,52341799
16,641999; 0,51578799
16,842221; 0,50968399
17,042444; 0,50663199
17,242666; 0,50205399
17,442888; 0,49137199
17,64311; 0,48679399
17,843332; 0,48221599
18,043555; 0,47458599
18,243777; 0,46848199
18,443999; 0,46542999
18,644221; 0,45169599
18,844444; 0,44559199
19,044666; 0,44559199
19,244888; 0,42880599
19,44511; 0,43185799
19,645332; 0,42270199
19,845555; 0,41659799
20,045777; 0,41354599
20,245999; 0,40591599
20,446221; 0,40133799
20,646444; 0,39675999
20,846666; 0,38912999
21,046888; 0,37997399
21,24711; 0,37692199
21,447332; 0,36623999
21,647555; 0,36623999
21,847777; 0,36013599
22,047999; 0,349454
22,248221; 0,346402
22,448444; 0,337246
22,648666; 0,33572
22,848888; 0,32809
23,04911; 0,317408
23,249332; 0,317408
23,449555; 0,311304
23,649777; 0,299096
23,849999; 0,299096
24,050221; 0,286888
24,250444; 0,283836
24,450666; 0,280784
24,650888; 0,268576
24,85111; 0,273154
25,051333; 0,256368
25,251555; 0,253316
25,451777; 0,250264
25,651999; 0,239582
25,852221; 0,238056
26,052444; 0,2289
26,252666; 0,222796
26,452888; 0,21364
26,65311; 0,210588
26,853333; 0,209062
27,053555; 0,199906
27,253777; 0,195328
27,453999; 0,187698
27,654221; 0,181594
27,854444; 0,172438
28,054666; 0,16786
28,254888; 0,161756
28,45511; 0,16023
28,655333; 0,151074
28,855555; 0,149548
29,055777; 0,13734
29,255999; 0,131236
29,456221; 0,125132
29,656444; 0,120554
29,856666; 0,120554
30,056888; 0,10682
30,25711; 0,10682
30,457333; 0,103768
30,657555; 0,094611999
30,857777; 0,083929999
31,057999; 0,077825999
31,258221; 0,070195999
31,458444; 0,065617999
31,658666; 0,056461999
31,858888; 0,050357999
32,05911; 0,051883999
32,259333; 0,041201999
32,459555; 0,032046
32,659777; 0,027468
32,859999; 0,027468
33,060221; 0,016786
33,260444; 0,013734
33,460666; 0,012208
33,660888; -0,001526
33,86111; -0,003052
34,061333; -0,0061039999
34,261555; -0,01526
34,461777; -0,025942
34,661999; -0,033572
34,862221; -0,039675999
35,062444; -0,041201999
35,262666; -0,045779999
35,462888; -0,054935999
35,66311; -0,056461999
35,863333; -0,067143999
36,063555; -0,071721999
36,263777; -0,079351999
36,463999; -0,085455999
36,664221; -0,090033999
36,864444; -0,096137999
37,064666; -0,097663999
37,264888; -0,109872
37,46511; -0,108346
37,665333; -0,120554
37,865555; -0,126658
38,065777; -0,131236
38,265999; -0,141918
38,466222; -0,143444
38,666444; -0,151074
38,866666; -0,157178
39,066888; -0,163282
39,26711; -0,169386
39,467333; -0,170912
39,667555; -0,180068
39,867777; -0,187698
40,067999; -0,189224
40,268222; -0,201432
40,468444; -0,204484
40,668666; -0,20601
40,868888; -0,219744
41,06911; -0,215166
41,269333; -0,225848
41,469555; -0,231952
41,669777; -0,235004
41,869999; -0,242634
42,070222; -0,248738
42,270444; -0,25179
42,470666; -0,25942
42,670888; -0,268576
42,87111; -0,27468
43,071333; -0,279258
43,271555; -0,285362
43,471777; -0,28994
43,671999; -0,29757
43,872222; -0,302148
44,072444; -0,3052
44,272666; -0,31283
44,472888; -0,325038
44,67311; -0,326564
44,873333; -0,331142
45,073555; -0,33572
45,273777; -0,346402
45,473999; -0,347928
45,674222; -0,35860999
45,874444; -0,36471399
46,074666; -0,36471399
46,274888; -0,37844799
46,47511; -0,38149999
46,675333; -0,38912999
46,875555; -0,39370799
47,075777; -0,39218199
47,275999; -0,40591599
47,476222; -0,41201999
47,676444; -0,41354599
47,876666; -0,41964999
48,076888; -0,43033199
48,27711; -0,43338399
48,477333; -0,43948799
48,677555; -0,44406599
48,877777; -0,45169599
49,077999; -0,45322199
49,278222; -0,46390399
49,478444; -0,47153399
49,678666; -0,47305999
49,878888; -0,48679399
50,079111; -0,48679399
50,279333; -0,49289799
50,479555; -0,49900199
50,679777; -0,50052799
50,879999; -0,51120999
51,080222; -0,51883999
51,280444; -0,52189199
51,480666; -0,52799599
51,680888; -0,53562599
51,881111; -0,53867799
52,081333; -0,54478199
52,281555; -0,54630799
52,481777; -0,55698999
52,681999; -0,56004199
52,882222; -0,56461999
53,082444; -0,57682799
53,282666; -0,57987999
53,482888; -0,59208799
53,683111; -0,59056199
53,883333; -0,59666599
54,083555; -0,60429599
54,283777; -0,60582199
54,483999; -0,61497799
54,684222; -0,62413399
54,884444; -0,62718599
55,084666; -0,63176399
55,284888; -0,64244599
55,485111; -0,64091999
55,685333; -0,64854999
55,885555; -0,65465399
56,085777; -0,65770599
56,285999; -0,66838799
56,486222; -0,67601799
56,686444; -0,68212199
56,886666; -0,68669999
57,086888; -0,69432999
57,287111; -0,69738199
57,487333; -0,70195999
57,687555; -0,70806399
57,887777; -0,71264199
58,087999; -0,72179799
58,288222; -0,73247999
58,488444; -0,73247999
58,688666; -0,73705799
58,888888; -0,74621399
59,089111; -0,74316199
59,289333; -0,75536999
59,489555; -0,75842199
59,689777; -0,76452599
59,889999; -0,77520799
60,090222; -0,78131199
60,290444; -0,78894199
60,490666; -0,79046799
60,690888; -0,79657199
60,891111; -0,80267599
61,091333; -0,80420199
61,291555; -0,81183199
61,491777; -0,82251399
61,691999; -0,82403999
61,892222; -0,83624799
62,092444; -0,83777399
62,292666; -0,84082599
62,492888; -0,85150799
62,693111; -0,85150799
62,893333; -0,85913799
63,093555; -0,86676799
63,293777; -0,86981999
63,494; -0,87744999
63,694222; -0,88355399
63,894444; -0,88813199
64,094666; -0,89423599
64,294888; -0,90491799
64,495111; -0,90644399
64,695333; -0,91102199
64,895555; -0,91712599
65,095777; -0,92475599
65,296; -0,92933399
65,496222; -0,93696399
65,696444; -0,94001599
65,896666; -0,94459399
66,096888; -0,95374999
66,297111; -0,95680199
66,497333; -0,96137999
66,697555; -0,96900999
66,897777; -0,97358799
67,098; -0,98121799
67,298222; -0,98884799
67,498444; -0,99189999
67,698666; -0,99647799
67,898888; -1,005634
68,099111; -1,008686
68,299333; -1,016316
68,499555; -1,02242
68,699777; -1,023946
68,9; -1,031576
69,100222; -1,03768
69,300444; -1,042258
69,500666; -1,046836
69,700888; -1,054466
69,901111; -1,059044
70,101333; -1,065148
70,301555; -1,071252
70,501777; -1,07583
70,702; -1,081934
70,902222; -1,089564
71,102444; -1,092616
71,302666; -1,095668
71,502888; -1,104824
71,703111; -1,107876
71,903333; -1,110928
72,103555; -1,117032
72,303777; -1,124662
72,504; -1,12924
72,704222; -1,13687
72,904444; -1,13687
73,104666; -1,1445
73,304888; -1,149078
73,505111; -1,153656
73,705333; -1,156708
73,905555; -1,161286
74,105777; -1,055992
74,306; -1,055992
74,506222; -1,057518
74,706444; -1,057518
74,906666; -1,057518
75,106889; -1,057518
75,307111; -1,057518
75,507333; -1,055992
75,707555; -1,057518
75,907777; -1,055992
76,108; -1,055992
76,308222; -1,055992
76,508444; -1,055992
76,708666; -1,054466
76,908889; -1,055992
77,109111; -1,054466
77,309333; -1,057518
77,509555; -1,055992
77,709777; -1,054466
77,91; -1,055992
78,110222; -1,054466
78,310444; -1,054466
78,510666; -1,054466
78,710889; -1,054466
78,911111; -1,055992
79,111333; -1,055992
79,311555; -1,055992
79,511777; -1,054466
79,712; -1,055992
79,912222; -1,054466
80,112444; -1,05294
80,312666; -1,05294
80,512889; -1,05294
80,713111; -1,054466
80,913333; -1,054466
81,113555; -1,054466
81,313777; -1,05294
81,514; -1,05294
81,714222; -1,05294
81,914444; -1,05294
82,114666; -1,054466
82,314889; -1,054466
82,515111; -1,054466
82,715333; -1,05294
82,915555; -1,054466
83,115777; -1,051414
83,316; -1,051414
83,516222; -1,05294
83,716444; -1,054466
83,916666; -1,051414
84,116889; -1,054466
84,317111; -1,05294
84,517333; -1,05294
84,717555; -1,054466
84,917777; -1,05294
85,118; -1,05294
85,318222; -1,049888
85,518444; -1,051414
85,718666; -1,051414
85,918889; -1,051414
86,119111; -1,051414
86,319333; -1,051414
86,519555; -1,05294
86,719777; -1,051414
86,92; -1,05294
87,120222; -1,051414
87,320444; -1,049888
87,520666; -1,051414
87,720889; -1,051414
87,921111; -1,051414
88,121333; -1,051414
88,321555; -1,051414
88,521778; -1,049888
88,722; -1,051414
88,922222; -1,049888
89,122444; -1,05294
89,322666; -1,051414
89,522889; -1,051414
89,723111; -1,051414
89,923333; -1,049888
90,123555; -1,051414
90,323778; -1,049888
90,524; -1,048362
90,724222; -1,049888
90,924444; -1,051414
91,124666; -1,048362
91,324889; -1,049888
91,525111; -1,049888
91,725333; -1,049888
91,925555; -1,048362
92,125778; -1,049888
92,326; -1,049888
92,526222; -1,048362
92,726444; -1,049888
92,926666; -1,048362
93,126889; -1,049888
93,327111; -1,049888
93,527333; -1,049888
93,727555; -1,049888
93,927778; -1,048362
94,128; -1,048362
94,328222; -1,049888
94,528444; -1,048362
94,728666; -1,049888
94,928889; -1,048362
95,129111; -1,049888
95,329333; -1,048362
95,529555; -1,048362
95,729778; -1,048362
95,93; -1,048362
96,130222; -1,049888
96,330444; -1,048362
96,530666; -1,048362
96,730889; -1,048362
96,931111; -1,048362
97,131333; -1,048362
97,331555; -1,048362
97,531778; -1,049888
97,732; -1,046836
97,932222; -1,049888
98,132444; -1,049888
98,332666; -1,048362
98,532889; -1,046836
98,733111; -1,046836
98,933333; -1,048362
99,133555; -1,048362
99,333778; -1,048362
99,534; -1,048362
99,734222; -1,046836
99,934444; -1,049888
100,13467; -1,046836
100,33489; -1,046836
100,53511; -1,04531
100,73533; -1,048362
100,93556; -1,046836
101,13578; -1,04531
101,336; -1,046836
101,53622; -1,046836
101,73644; -1,046836
101,93667; -1,046836
102,13689; -1,048362
102,33711; -1,04531
102,53733; -1,04531
102,73756; -1,046836
102,93778; -1,046836
103,138; -1,04531
103,33822; -1,046836
103,53844; -1,04531
103,73867; -1,04531
103,93889; -1,04531
104,13911; -1,04531
104,33933; -1,04531
104,53956; -1,04531
104,73978; -1,046836
104,94; -1,04531
105,14022; -1,04531
105,34044; -1,046836
105,54067; -1,046836
105,74089; -1,046836
105,94111; -1,043784
106,14133; -1,04531
106,34156; -1,04531
106,54178; -1,04531
106,742; -1,04531
106,94222; -1,04531
107,14244; -1,04531
107,34267; -1,046836
107,54289; -1,04531
107,74311; -1,043784
107,94333; -1,046836
108,14356; -1,046836
108,34378; -1,04531
108,544; -1,04531
108,74422; -1,043784
108,94444; -1,04531
109,14467; -1,04531
109,34489; -1,04531
109,54511; -1,043784
109,74533; -1,043784
109,94556; -1,04531
110,14578; -1,04531
110,346; -1,04531
110,54622; -1,04531
110,74644; -1,043784
110,94667; -1,042258
111,14689; -1,04531
111,34711; -1,043784
111,54733; -1,043784
111,74756; -1,043784
111,94778; -1,043784
112,148; -1,04531
112,34822; -1,043784
112,54844; -1,043784
112,74867; -1,043784
112,94889; -1,043784
113,14911; -1,04531
113,34933; -1,043784
113,54956; -1,043784
113,74978; -1,042258
113,95; -1,043784
114,15022; -1,042258
114,35044; -1,043784
114,55067; -1,043784
114,75089; -1,043784
114,95111; -1,043784
115,15133; -1,042258
115,35156; -1,043784
115,55178; -1,042258
115,752; -1,042258
115,95222; -1,043784
116,15244; -1,042258
116,35267; -1,042258
116,55289; -1,042258
116,75311; -1,043784
116,95333; -1,042258
117,15356; -1,042258
117,35378; -1,042258
117,554; -1,040732
117,75422; -1,042258
117,95444; -1,043784
118,15467; -1,040732
118,35489; -1,040732
118,55511; -1,042258
118,75533; -1,042258
118,95556; -1,043784
119,15578; -1,043784
119,356; -1,040732
119,55622; -1,040732
119,75644; -1,040732
119,95667; -1,042258
120,15689; -1,040732
120,35711; -1,042258
120,55733; -1,042258
120,75756; -1,040732
120,95778; -1,040732
121,158; -1,040732
121,35822; -1,042258
121,55844; -1,040732
121,75867; -1,040732
121,95889; -1,042258
122,15911; -1,042258
122,35933; -1,042258
122,55956; -1,039206
122,75978; -1,040732
122,96; -1,040732
123,16022; -1,042258
123,36044; -1,040732
123,56067; -1,040732
123,76089; -1,042258
123,96111; -1,040732
124,16133; -1,040732
124,36156; -1,040732
124,56178; -1,039206
124,762; -1,040732
124,96222; -1,040732
125,16244; -1,040732
125,36267; -1,040732
125,56289; -1,039206
125,76311; -1,040732
125,96333; -1,039206
126,16356; -1,042258
126,36378; -1,040732
126,564; -1,039206
126,76422; -1,039206
126,96444; -1,039206
127,16467; -1,039206
127,36489; -1,039206
127,56511; -1,039206
127,76533; -1,040732
127,96556; -1,039206
128,16578; -1,040732
128,366; -1,039206
128,56622; -1,039206
128,76644; -1,040732
128,96667; -1,039206
129,16689; -1,039206
129,36711; -1,039206
129,56733; -1,039206
129,76756; -1,040732
129,96778; -1,040732
130,168; -1,039206
130,36822; -1,039206
130,56844; -1,039206
130,76867; -1,039206
130,96889; -1,039206
131,16911; -1,039206
131,36933; -1,039206
131,56956; -1,039206
131,76978; -1,039206
131,97; -1,040732
132,17022; -1,03768
132,37044; -1,039206
132,57067; -1,03768
132,77089; -1,039206
132,97111; -1,039206
133,17133; -1,039206
133,37156; -1,040732
133,57178; -1,03768
133,772; -1,03768
133,97222; -1,039206
134,17244; -1,039206
134,37267; -1,039206
134,57289; -1,039206
134,77311; -1,03768
134,97333; -1,039206
135,17356; -1,039206
135,37378; -1,03768
135,574; -1,039206
135,77422; -1,039206
135,97444; -1,03768
136,17467; -1,03768
136,37489; -1,03768
136,57511; -1,03768
136,77533; -1,03768
136,97556; -1,03768
137,17578; -1,036154
137,376; -1,03768
137,57622; -1,03768
137,77644; -1,03768
137,97667; -1,03768
138,17689; -1,03768
138,37711; -1,03768
138,57733; -1,03768
138,77756; -1,03768
138,97778; -1,03768
139,178; -1,03768
139,37822; -1,036154
139,57844; -1,03768
139,77867; -1,03768
139,97889; -1,03768
140,17911; -1,03768
140,37933; -1,03768
140,57956; -1,03768
140,77978; -1,03768
140,98; -1,03768
141,18022; -1,03768
141,38044; -1,036154
141,58067; -1,03768
141,78089; -1,03768
141,98111; -1,03768
142,18133; -1,036154
142,38156; -1,036154
142,58178; -1,03768
142,782; -1,036154
142,98222; -1,03768
143,18244; -1,036154
143,38267; -1,036154
143,58289; -1,034628
143,78311; -1,036154
143,98333; -1,03768
144,18356; -1,036154
144,38378; -1,036154
144,584; -1,034628
144,78422; -1,036154
144,98444; -1,033102
145,18467; -1,036154
145,38489; -1,036154
145,58511; -1,034628
145,78533; -1,036154
145,98556; -1,036154
146,18578; -1,036154
146,386; -1,036154
146,58622; -1,036154
146,78644; -1,034628
146,98667; -1,033102
147,18689; -1,034628
147,38711; -1,034628
147,58733; -1,034628
147,78756; -1,034628
147,98778; -1,033102
148,188; -1,034628
148,38822; -1,034628
148,58844; -1,034628
148,78867; -1,033102
148,98889; -1,034628
149,18911; -1,034628
149,38933; -1,034628
149,58956; -1,033102
149,78978; -1,033102
149,99; -1,034628


Name=DFL (2)
X=Height, nm
Y=DFL, nA
-50,032001; 2,688812
-49,831779; 2,690338
-49,631557; 2,679656
-49,431335; 2,679656
-49,231113; 2,6705
-49,03089; 2,668974
-48,830668; 2,667448
-48,630446; 2,658292
-48,430224; 2,659818
-48,230001; 2,653714
-48,029779; 2,643032
-47,829557; 2,646084
-47,629335; 2,63998
-47,429113; 2,636928
-47,22889; 2,636928
-47,028668; 2,629298
-46,828446; 2,627772
-46,628224; 2,623194
-46,428001; 2,614038
-46,227779; 2,612512
-46,027557; 2,606408
-45,827335; 2,597252
-45,627113; 2,600304
-45,42689; 2,589622
-45,226668; 2,581992
-45,026446; 2,588096
-44,826224; 2,577414
-44,626001; 2,575888
-44,425779; 2,57131
-44,225557; 2,56368
-44,025335; 2,56368
-43,825113; 2,559102
-43,62489; 2,557576
-43,424668; 2,554524
-43,224446; 2,546894
-43,024224; 2,536212
-42,824001; 2,536212
-42,623779; 2,530108
-42,423557; 2,520952
-42,223335; 2,522478
-42,023113; 2,520952
-41,82289; 2,514848
-41,622668; 2,513322
-41,422446; 2,505692
-41,222224; 2,499588
-41,022001; 2,491958
-40,821779; 2,485854
-40,621557; 2,47975
-40,421335; 2,481276
-40,221113; 2,47212
-40,02089; 2,466016
-39,820668; 2,461438
-39,620446; 2,452282
-39,420224; 2,44923
-39,220001; 2,444652
-39,019779; 2,435496
-38,819557; 2,440074
-38,619335; 2,427866
-38,419113; 2,42634
-38,21889; 2,420236
-38,018668; 2,409554
-37,818446; 2,409554
-37,618224; 2,398872
-37,418001; 2,391242
-37,217779; 2,39582
-37,017557; 2,385138
-36,817335; 2,377508
-36,617112; 2,377508
-36,41689; 2,368352
-36,216668; 2,362248
-36,016446; 2,35767
-35,816224; 2,348514
-35,616001; 2,348514
-35,415779; 2,339358
-35,215557; 2,333254
-35,015335; 2,331728
-34,815112; 2,31952
-34,61489; 2,317994
-34,414668; 2,308838
-34,214446; 2,299682
-34,014224; 2,301208
-33,814001; 2,301208
-33,613779; 2,289
-33,413557; 2,284422
-33,213335; 2,279844
-33,013112; 2,270688
-32,81289; 2,264584
-32,612668; 2,261532
-32,412446; 2,253902
-32,212224; 2,25085
-32,012001; 2,24322
-31,811779; 2,23559
-31,611557; 2,234064
-31,411335; 2,226434
-31,211112; 2,221856
-31,01089; 2,217278
-30,810668; 2,2127
-30,610446; 2,211174
-30,410224; 2,200492
-30,210001; 2,19744
-30,009779; 2,186758
-29,809557; 2,17455
-29,609335; 2,176076
-29,409112; 2,168446
-29,20889; 2,16692
-29,008668; 2,162342
-28,808446; 2,153186
-28,608224; 2,154712
-28,408001; 2,140978
-28,207779; 2,131822
-28,007557; 2,131822
-27,807335; 2,116562
-27,607112; 2,115036
-27,40689; 2,11351
-27,206668; 2,10588
-27,006446; 2,107406
-26,806224; 2,096724
-26,606001; 2,093672
-26,405779; 2,087568
-26,205557; 2,078412
-26,005335; 2,078412
-25,805112; 2,064678
-25,60489; 2,063152
-25,404668; 2,057048
-25,204446; 2,043314
-25,004223; 2,04484
-24,804001; 2,032632
-24,603779; 2,028054
-24,403557; 2,026528
-24,203335; 2,017372
-24,003112; 2,018898
-23,80289; 2,008216
-23,602668; 2,003638
-23,402446; 2,000586
-23,202223; 1,992956
-23,002001; 1,988378
-22,801779; 1,977696
-22,601557; 1,971592
-22,401335; 1,96854
-22,201112; 1,96091
-22,00089; 1,96091
-21,800668; 1,950228
-21,600446; 1,942598
-21,400223; 1,941072
-21,200001; 1,927338
-20,999779; 1,927338
-20,799557; 1,921234
-20,599335; 1,912078
-20,399112; 1,912078
-20,19889; 1,905974
-19,998668; 1,896818
-19,798446; 1,898344
-19,598223; 1,880032
-19,398001; 1,880032
-19,197779; 1,875454
-18,997557; 1,863246
-18,797335; 1,863246
-18,597112; 1,85409
-18,39689; 1,849512
-18,196668; 1,84646
-17,996446; 1,835778
-17,796223; 1,840356
-17,596001; 1,828148
-17,395779; 1,820518
-17,195557; 1,820518
-16,995335; 1,806784
-16,795112; 1,805258
-16,59489; 1,805258
-16,394668; 1,788472
-16,194446; 1,788472
-15,994223; 1,77779
-15,794001; 1,768634
-15,593779; 1,765582
-15,393557; 1,759478
-15,193335; 1,761004
-14,993112; 1,74727
-14,79289; 1,744218
-14,592668; 1,741166
-14,392446; 1,730484
-14,192223; 1,73201
-13,992001; 1,718276
-13,791779; 1,713698
-13,591557; 1,713698
-13,391335; 1,699964
-13,191112; 1,703016
-12,99089; 1,684704
-12,790668; 1,6786
-12,590446; 1,680126
-12,390223; 1,667918
-12,190001; 1,664866
-11,989779; 1,660288
-11,789557; 1,654184
-11,589334; 1,652658
-11,389112; 1,635872
-11,18889; 1,64045
-10,988668; 1,63282
-10,788446; 1,626716
-10,588223; 1,619086
-10,388001; 1,612982
-10,187779; 1,611456
-9,9875567; 1,600774
-9,7873345; 1,591618
-9,5871122; 1,588566
-9,38689; 1,57941
-9,1866678; 1,577884
-8,9864456; 1,568728
-8,7862234; 1,562624
-8,5860011; 1,562624
-8,3857789; 1,54889
-8,1855567; 1,550416
-7,9853345; 1,54126
-7,7851122; 1,530578
-7,58489; 1,538208
-7,3846678; 1,519896
-7,1844456; 1,521422
-6,9842233; 1,513792
-6,7840011; 1,500058
-6,5837789; 1,501584
-6,3835567; 1,490902
-6,1833344; 1,484798
-5,9831122; 1,483272
-5,78289; 1,47259
-5,5826678; 1,468012
-5,3824455; 1,463434
-5,1822233; 1,455804
-4,9820011; 1,454278
-4,7817789; 1,443596
-4,5815566; 1,437492
-4,3813344; 1,435966
-4,1811122; 1,423758
-3,98089; 1,420706
-3,7806678; 1,410024
-3,5804455; 1,41155
-3,3802233; 1,400868
-3,1800011; 1,394764
-2,9797789; 1,393238
-2,7795566; 1,384082
-2,5793344; 1,377978
-2,3791122; 1,374926
-2,17889; 1,370348
-1,9786677; 1,364244
-1,7784455; 1,35814
-1,5782233; 1,348984
-1,3780011; 1,34288
-1,1777788; 1,336776
-0,97755662; 1,32762
-0,77733439; 1,323042
-0,57711217; 1,31999
-0,37688994; 1,31236
-0,17666772; 1,309308
0,023554504; 1,298626
0,22377673; 1,298626
0,42399895; 1,28947
0,62422118; 1,280314
0,8244434; 1,277262
1,0246656; 1,268106
1,2248878; 1,262002
1,4251101; 1,257424
1,6253323; 1,246742
1,8255545; 1,246742
2,0257767; 1,240638
2,225999; 1,23606
2,4262212; 1,22843
2,6264434; 1,223852
2,8266656; 1,217748
3,0268879; 1,207066
3,2271101; 1,207066
3,4273323; 1,191806
3,6275545; 1,185702
3,8277768; 1,18265
4,027999; 1,176546
4,2282212; 1,165864
4,4284434; 1,165864
4,6286657; 1,156708
4,8288879; 1,150604
5,0291101; 1,150604
5,2293323; 1,139922
5,4295546; 1,141448
5,6297768; 1,12924
5,829999; 1,126188
6,0302212; 1,12161
6,2304434; 1,110928
6,4306657; 1,107876
6,6308879; 1,097194
6,8311101; 1,092616
7,0313323; 1,086512
7,2315546; 1,078882
7,4317768; 1,07583
7,631999; 1,066674
7,8322212; 1,063622
8,0324435; 1,055992
8,2326657; 1,048362
8,4328879; 1,043784
8,6331101; 1,040732
8,8333324; 1,031576
9,0335546; 1,033102
9,2337768; 1,023946
9,433999; 1,013264
9,6342213; 1,00716
9,8344435; 1,001056
10,034666; 0,99189999
10,234888; 0,98426999
10,43511; 0,98121799
10,635332; 0,97663999
10,835555; 0,96900999
11,035777; 0,97206199
11,235999; 0,95985399
11,436221; 0,95374999
11,636443; 0,94917199
11,836666; 0,93391199
12,036888; 0,93238599
12,23711; 0,92628199
12,437332; 0,92017799
12,637555; 0,91865199
12,837777; 0,91102199
13,037999; 0,90949599
13,238221; 0,90033999
13,438444; 0,89270999
13,638666; 0,88813199
13,838888; 0,87744999
14,03911; 0,87439799
14,239332; 0,86524199
14,439555; 0,86524199
14,639777; 0,85913799
14,839999; 0,84692999
15,040221; 0,84387799
15,240444; 0,83472199
15,440666; 0,83014399
15,640888; 0,82556599
15,84111; 0,81640999
16,041332; 0,81640999
16,241555; 0,80572799
16,441777; 0,80267599
16,641999; 0,79657199
16,842221; 0,78436399
17,042444; 0,78436399
17,242666; 0,77368199
17,442888; 0,76452599
17,64311; 0,76757799
17,843332; 0,75384399
18,043555; 0,75384399
18,243777; 0,74773999
18,443999; 0,73705799
18,644221; 0,73705799
18,844444; 0,72332399
19,044666; 0,71874599
19,244888; 0,71416799
19,44511; 0,70501199
19,645332; 0,70043399
19,845555; 0,69280399
20,045777; 0,68975199
20,245999; 0,68517399
20,446221; 0,67296599
20,646444; 0,67143999
20,846666; 0,66380999
21,046888; 0,65312799
21,24711; 0,65770599
21,447332; 0,64244599
21,647555; 0,64397199
21,847777; 0,63634199
22,047999; 0,62260799
22,248221; 0,62565999
22,448444; 0,61497799
22,648666; 0,60887399
22,848888; 0,60582199
23,04911; 0,59819199
23,249332; 0,59208799
23,449555; 0,58903599
23,649777; 0,58140599
23,849999; 0,57682799
24,050221; 0,56767199
24,250444; 0,55851599
24,450666; 0,55546399
24,650888; 0,54325599
24,85111; 0,54478199
25,051333; 0,53104799
25,251555; 0,52646999
25,451777; 0,52494399
25,651999; 0,51578799
25,852221; 0,51426199
26,052444; 0,50510599
26,252666; 0,49137199
26,452888; 0,49289799
26,65311; 0,48526799
26,853333; 0,47611199
27,053555; 0,47458599
27,253777; 0,46237799
27,453999; 0,46237799
27,654221; 0,45322199
27,854444; 0,44406599
28,054666; 0,44406599
28,254888; 0,42880599
28,45511; 0,43490999
28,655333; 0,41964999
28,855555; 0,40896799
29,055777; 0,41507199
29,255999; 0,39981199
29,456221; 0,40133799
29,656444; 0,39523399
29,856666; 0,38455199
30,056888; 0,38149999
30,25711; 0,36776599
30,457333; 0,36318799
30,657555; 0,36471399
30,857777; 0,35250599
31,057999; 0,349454
31,258221; 0,344876
31,458444; 0,334194
31,658666; 0,332668
31,858888; 0,318934
32,05911; 0,318934
32,259333; 0,311304
32,459555; 0,308252
32,659777; 0,296044
32,859999; 0,296044
33,060221; 0,294518
33,260444; 0,270102
33,460666; 0,279258
33,660888; 0,265524
33,86111; 0,257894
34,061333; 0,256368
34,261555; 0,239582
34,461777; 0,250264
34,661999; 0,242634
34,862221; 0,224322
35,062444; 0,233478
35,262666; 0,218218
35,462888; 0,210588
35,66311; 0,212114
35,863333; 0,196854
36,063555; 0,201432
36,263777; 0,187698
36,463999; 0,178542
36,664221; 0,180068
36,864444; 0,16786
37,064666; 0,163282
37,264888; 0,155652
37,46511; 0,148022
37,665333; 0,14497
37,865555; 0,138866
38,065777; 0,131236
38,265999; 0,131236
38,466222; 0,119028
38,666444; 0,11445
38,866666; 0,103768
39,066888; 0,103768
39,26711; 0,100716
39,467333; 0,090033999
39,667555; 0,086981999
39,867777; 0,076299999
40,067999; 0,073247999
40,268222; 0,070195999
40,468444; 0,051883999
40,668666; 0,053409999
40,868888; 0,042727999
41,06911; 0,039675999
41,269333; 0,03052
41,469555; 0,02289
41,669777; 0,019838
41,869999; 0,018312
42,070222; 0,0091559999
42,270444; 0,003052
42,470666; -0,003052
42,670888; -0,0045779999
42,87111; -0,012208
43,071333; -0,018312
43,271555; -0,024416
43,471777; -0,033572
43,671999; -0,039675999
43,872222; -0,047305999
44,072444; -0,053409999
44,272666; -0,054935999
44,472888; -0,068669999
44,67311; -0,065617999
44,873333; -0,073247999
45,073555; -0,082403999
45,273777; -0,088507999
45,473999; -0,097663999
45,674222; -0,099189999
45,874444; -0,108346
46,074666; -0,11445
46,274888; -0,119028
46,47511; -0,123606
46,675333; -0,132762
46,875555; -0,135814
47,075777; -0,146496
47,275999; -0,151074
47,476222; -0,155652
47,676444; -0,161756
47,876666; -0,169386
48,076888; -0,178542
48,27711; -0,184646
48,477333; -0,187698
48,677555; -0,193802
48,877777; -0,196854
49,077999; -0,204484
49,278222; -0,209062
49,478444; -0,215166
49,678666; -0,222796
49,878888; -0,231952
50,079111; -0,231952
50,279333; -0,24416
50,479555; -0,250264
50,679777; -0,254842
50,879999; -0,263998
51,080222; -0,26705
51,280444; -0,270102
51,480666; -0,28231
51,680888; -0,283836
51,881111; -0,288414
52,081333; -0,302148
52,281555; -0,3052
52,481777; -0,314356
52,681999; -0,32046
52,882222; -0,321986
53,082444; -0,329616
53,282666; -0,331142
53,482888; -0,341824
53,683111; -0,344876
53,883333; -0,35250599
54,083555; -0,35708399
54,283777; -0,36471399
54,483999; -0,37386999
54,684222; -0,37844799
54,884444; -0,38455199
55,084666; -0,39523399
55,284888; -0,39675999
55,485111; -0,39981199
55,685333; -0,40896799
55,885555; -0,40896799
56,085777; -0,41964999
56,285999; -0,42575399
56,486222; -0,43490999
56,686444; -0,44101399
56,886666; -0,44559199
57,086888; -0,45474799
57,287111; -0,45474799
57,487333; -0,46695599
57,687555; -0,46848199
57,887777; -0,47763799
58,087999; -0,48679399
58,288222; -0,49137199
58,488444; -0,49442399
58,688666; -0,50205399
58,888888; -0,50815799
59,089111; -0,51426199
59,289333; -0,51578799
59,489555; -0,52494399
59,689777; -0,52952199
59,889999; -0,53867799
60,090222; -0,54935999
60,290444; -0,55241199
60,490666; -0,55698999
60,690888; -0,57072399
60,891111; -0,57072399
61,091333; -0,57835399
61,291555; -0,58140599
61,491777; -0,58598399
61,691999; -0,59208799
61,892222; -0,59971799
62,092444; -0,60887399
62,292666; -0,61650399
62,492888; -0,62718599
62,693111; -0,62413399
62,893333; -0,63328999
63,093555; -0,63786799
63,293777; -0,64244599
63,494; -0,64854999
63,694222; -0,65160199
63,894444; -0,65923199
64,094666; -0,66686199
64,294888; -0,66991399
64,495111; -0,68059599
64,695333; -0,68212199
64,895555; -0,68517399
65,095777; -0,69738199
65,296; -0,70348599
65,496222; -0,70958999
65,696444; -0,71264199
65,896666; -0,71721999
66,096888; -0,72790199
66,297111; -0,72637599
66,497333; -0,73553199
66,697555; -0,74316199
66,897777; -0,74773999
67,098; -0,75689599
67,298222; -0,75842199
67,498444; -0,76605199
67,698666; -0,77673399
67,898888; -0,77673399
68,099111; -0,78894199
68,299333; -0,79046799
68,499555; -0,79504599
68,699777; -0,81030599
68,9; -0,80725399
69,100222; -0,81488399
69,300444; -0,82098799
69,500666; -0,82251399
69,700888; -0,83624799
69,901111; -0,83929999
70,101333; -0,84235199
70,301555; -0,85150799
70,501777; -0,85150799
70,702; -0,86524199
70,902222; -0,86829399
71,102444; -0,86981999
71,302666; -0,88202799
71,502888; -0,88965799
71,703111; -0,89423599
71,903333; -0,89881399
72,103555; -0,90033999
72,303777; -0,91254799
72,504; -0,91407399
72,704222; -0,92322999
72,904444; -0,92933399
73,104666; -0,93238599
73,304888; -0,94154199
73,505111; -0,94154199
73,705333; -0,95374999
73,905555; -0,95832799
74,105777; -0,96290599
74,306; -0,97206199
74,506222; -0,97511399
74,706444; -0,97969199
74,906666; -0,99037399
75,106889; -0,99037399
75,307111; -0,99647799
75,507333; -1,004108
75,707555; -1,005634
75,907777; -1,01479
76,108; -1,017842
76,308222; -1,023946
76,508444; -1,034628
76,708666; -1,036154
76,908889; -1,04531
77,109111; -1,046836
77,309333; -1,05294
77,509555; -1,062096
77,709777; -1,066674
77,91; -1,071252
78,110222; -1,07583
78,310444; -1,08346
78,510666; -1,09109
78,710889; -1,095668
78,911111; -1,09872
79,111333; -1,104824
79,311555; -1,110928
79,511777; -1,117032
79,712; -1,12161
79,912222; -1,126188
80,112444; -1,12924
80,312666; -1,133818
80,512889; -1,142974
80,713111; -1,146026
80,913333; -1,150604
81,113555; -1,155182
81,313777; -1,15976
81,514; -1,162812
81,714222; -1,170442
81,914444; -1,171968
82,114666; -1,176546
82,314889; -1,181124
82,515111; -1,179598
82,715333; -1,181124
82,915555; -1,181124
83,115777; -1,179598
83,316; -1,17502
83,516222; -1,170442
83,716444; -1,16739
83,916666; -1,164338
84,116889; -1,15976
84,317111; -1,158234
84,517333; -1,155182
84,717555; -1,153656
84,917777; -1,150604
85,118; -1,149078
85,318222; -1,149078
85,518444; -1,146026
85,718666; -1,142974
85,918889; -1,139922
86,119111; -1,138396
86,319333; -1,138396
86,519555; -1,133818
86,719777; -1,132292
86,92; -1,12924
87,120222; -1,127714
87,320444; -1,124662
87,520666; -1,123136
87,720889; -1,120084
87,921111; -1,120084
88,121333; -1,118558
88,321555; -1,117032
88,521778; -1,11398
88,722; -1,112454
88,922222; -1,107876
89,122444; -1,10635
89,322666; -1,10635
89,522889; -1,103298
89,723111; -1,103298
89,923333; -1,09872
90,123555; -1,09872
90,323778; -1,09872
90,524; -1,095668
90,724222; -1,092616
90,924444; -1,09109
91,124666; -1,09109
91,324889; -1,09109
91,525111; -1,086512
91,725333; -1,086512
91,925555; -1,084986
92,125778; -1,084986
92,326; -1,081934
92,526222; -1,080408
92,726444; -1,078882
92,926666; -1,077356
93,126889; -1,07583
93,327111; -1,07583
93,527333; -1,072778
93,727555; -1,071252
93,927778; -1,069726
94,128; -1,069726
94,328222; -1,066674
94,528444; -1,066674
94,728666; -1,065148
94,928889; -1,065148
95,129111; -1,063622
95,329333; -1,062096
95,529555; -1,06057
95,729778; -1,059044
95,93; -1,055992
96,130222; -1,054466
96,330444; -1,054466
96,530666; -1,054466
96,730889; -1,054466
96,931111; -1,054466
97,131333; -1,051414
97,331555; -1,051414
97,531778; -1,051414
97,732; -1,051414
97,932222; -1,051414
98,132444; -1,051414
98,332666; -1,051414
98,532889; -1,049888
98,733111; -1,051414
98,933333; -1,048362
99,133555; -1,049888
99,333778; -1,048362
99,534; -1,049888
99,734222; -1,049888
99,934444; -1,051414
100,13467; -1,049888
100,33489; -1,049888
100,53511; -1,049888
100,73533; -1,049888
100,93556; -1,049888
101,13578; -1,049888
101,336; -1,049888
101,53622; -1,049888
101,73644; -1,048362
101,93667; -1,049888
102,13689; -1,049888
102,33711; -1,049888
102,53733; -1,048362
102,73756; -1,048362
102,93778; -1,049888
103,138; -1,048362
103,33822; -1,048362
103,53844; -1,046836
103,73867; -1,048362
103,93889; -1,048362
104,13911; -1,049888
104,33933; -1,049888
104,53956; -1,049888
104,73978; -1,048362
104,94; -1,049888
105,14022; -1,048362
105,34044; -1,048362
105,54067; -1,048362
105,74089; -1,048362
105,94111; -1,048362
106,14133; -1,046836
106,34156; -1,048362
106,54178; -1,048362
106,742; -1,049888
106,94222; -1,048362
107,14244; -1,048362
107,34267; -1,046836
107,54289; -1,046836
107,74311; -1,046836
107,94333; -1,048362
108,14356; -1,048362
108,34378; -1,046836
108,544; -1,048362
108,74422; -1,046836
108,94444; -1,046836
109,14467; -1,046836
109,34489; -1,046836
109,54511; -1,048362
109,74533; -1,048362
109,94556; -1,046836
110,14578; -1,046836
110,346; -1,04531
110,54622; -1,048362
110,74644; -1,048362
110,94667; -1,046836
111,14689; -1,04531
111,34711; -1,046836
111,54733; -1,046836
111,74756; -1,04531
111,94778; -1,04531
112,148; -1,046836
112,34822; -1,04531
112,54844; -1,046836
112,74867; -1,046836
112,94889; -1,046836
113,14911; -1,046836
113,34933; -1,046836
113,54956; -1,046836
113,74978; -1,04531
113,95; -1,04531
114,15022; -1,04531
114,35044; -1,046836
114,55067; -1,04531
114,75089; -1,04531
114,95111; -1,046836
115,15133; -1,04531
115,35156; -1,04531
115,55178; -1,04531
115,752; -1,04531
115,95222; -1,04531
116,15244; -1,046836
116,35267; -1,04531
116,55289; -1,04531
116,75311; -1,046836
116,95333; -1,04531
117,15356; -1,046836
117,35378; -1,04531
117,554; -1,04531
117,75422; -1,04531
117,95444; -1,04531
118,15467; -1,04531
118,35489; -1,043784
118,55511; -1,04531
118,75533; -1,043784
118,95556; -1,043784
119,15578; -1,04531
119,356; -1,04531
119,55622; -1,04531
119,75644; -1,04531
119,95667; -1,043784
120,15689; -1,04531
120,35711; -1,04531
120,55733; -1,04531
120,75756; -1,043784
120,95778; -1,04531
121,158; -1,043784
121,35822; -1,043784
121,55844; -1,043784
121,75867; -1,042258
121,95889; -1,043784
122,15911; -1,043784
122,35933; -1,043784
122,55956; -1,042258
122,75978; -1,042258
122,96; -1,042258
123,16022; -1,042258
123,36044; -1,042258
123,56067; -1,042258
123,76089; -1,043784
123,96111; -1,043784
124,16133; -1,042258
124,36156; -1,042258
124,56178; -1,040732
124,762; -1,042258
124,96222; -1,040732
125,16244; -1,042258
125,36267; -1,043784
125,56289; -1,042258
125,76311; -1,043784
125,96333; -1,043784
126,16356; -1,043784
126,36378; -1,042258
126,564; -1,042258
126,76422; -1,040732
126,96444; -1,042258
127,16467; -1,040732
127,36489; -1,040732
127,56511; -1,042258
127,76533; -1,042258
127,96556; -1,042258
128,16578; -1,042258
128,366; -1,042258
128,56622; -1,040732
128,76644; -1,040732
128,96667; -1,040732
129,16689; -1,042258
129,36711; -1,042258
129,56733; -1,039206
129,76756; -1,040732
129,96778; -1,040732
130,168; -1,039206
130,36822; -1,040732
130,56844; -1,039206
130,76867; -1,040732
130,96889; -1,042258
131,16911; -1,040732
131,36933; -1,039206
131,56956; -1,040732
131,76978; -1,040732
131,97; -1,039206
132,17022; -1,040732
132,37044; -1,040732
132,57067; -1,039206
132,77089; -1,040732
132,97111; -1,039206
133,17133; -1,039206
133,37156; -1,039206
133,57178; -1,039206
133,772; -1,039206
133,97222; -1,039206
134,17244; -1,040732
134,37267; -1,039206
134,57289; -1,039206
134,77311; -1,039206
134,97333; -1,039206
135,17356; -1,040732
135,37378; -1,03768
135,574; -1,03768
135,77422; -1,039206
135,97444; -1,03768
136,17467; -1,03768
136,37489; -1,039206
136,57511; -1,039206
136,77533; -1,039206
136,97556; -1,040732
137,17578; -1,039206
137,376; -1,03768
137,57622; -1,03768
137,77644; -1,039206
137,97667; -1,03768
138,17689; -1,03768
138,37711; -1,039206
138,57733; -1,03768
138,77756; -1,03768
138,97778; -1,039206
139,178; -1,03768
139,37822; -1,03768
139,57844; -1,03768
139,77867; -1,03768
139,97889; -1,039206
140,17911; -1,03768
140,37933; -1,03768
140,57956; -1,03768
140,77978; -1,03768
140,98; -1,03768
141,18022; -1,03768
141,38044; -1,036154
141,58067; -1,03768
141,78089; -1,03768
141,98111; -1,039206
142,18133; -1,036154
142,38156; -1,03768
142,58178; -1,03768
142,782; -1,036154
142,98222; -1,036154
143,18244; -1,03768
143,38267; -1,034628
143,58289; -1,034628
143,78311; -1,03768
143,98333; -1,03768
144,18356; -1,03768
144,38378; -1,03768
144,584; -1,036154
144,78422; -1,03768
144,98444; -1,036154
145,18467; -1,03768
145,38489; -1,036154
145,58511; -1,036154
145,78533; -1,03768
145,98556; -1,036154
146,18578; -1,036154
146,386; -1,036154
146,58622; -1,036154
146,78644; -1,036154
146,98667; -1,036154
147,18689; -1,034628
147,38711; -1,036154
147,58733; -1,034628
147,78756; -1,036154
147,98778; -1,034628
148,188; -1,034628
148,38822; -1,034628
148,58844; -1,034628
148,78867; -1,034628
148,98889; -1,034628
149,18911; -1,034628
149,38933; -1,036154
149,58956; -1,034628
149,78978; -1,036154
149,99; -1,034628
