Name=DFL (1)
X=Height, nm
Y=DFL, nA
-50,032001; 2,19744
-49,831779; 2,186758
-49,631557; 2,185232
-49,431335; 2,183706
-49,231113; 2,168446
-49,03089; 2,16692
-48,830668; 2,163868
-48,630446; 2,162342
-48,430224; 2,156238
-48,230001; 2,150134
-48,029779; 2,139452
-47,829557; 2,137926
-47,629335; 2,140978
-47,429113; 2,124192
-47,22889; 2,124192
-47,028668; 2,12114
-46,828446; 2,111984
-46,628224; 2,111984
-46,428001; 2,102828
-46,227779; 2,096724
-46,027557; 2,093672
-45,827335; 2,087568
-45,627113; 2,076886
-45,42689; 2,076886
-45,226668; 2,069256
-45,026446; 2,06773
-44,826224; 2,063152
-44,626001; 2,058574
-44,425779; 2,049418
-44,225557; 2,04484
-44,025335; 2,046366
-43,825113; 2,02958
-43,62489; 2,032632
-43,424668; 2,02958
-43,224446; 2,023476
-43,024224; 2,018898
-42,824001; 2,00669
-42,623779; 2,002112
-42,423557; 1,997534
-42,223335; 1,996008
-42,023113; 1,985326
-41,82289; 1,9838
-41,622668; 1,980748
-41,422446; 1,973118
-41,222224; 1,96854
-41,022001; 1,962436
-40,821779; 1,956332
-40,621557; 1,954806
-40,421335; 1,950228
-40,221113; 1,936494
-40,02089; 1,939546
-39,820668; 1,931916
-39,620446; 1,93039
-39,420224; 1,92276
-39,220001; 1,918182
-39,019779; 1,913604
-38,819557; 1,904448
-38,619335; 1,904448
-38,419113; 1,89224
-38,21889; 1,889188
-38,018668; 1,887662
-37,818446; 1,880032
-37,618224; 1,880032
-37,418001; 1,875454
-37,217779; 1,86172
-37,017557; 1,863246
-36,817335; 1,858668
-36,617112; 1,844934
-36,41689; 1,849512
-36,216668; 1,835778
-36,016446; 1,83883
-35,816224; 1,8312
-35,616001; 1,822044
-35,415779; 1,820518
-35,215557; 1,809836
-35,015335; 1,812888
-34,815112; 1,80068
-34,61489; 1,796102
-34,414668; 1,79305
-34,214446; 1,783894
-34,014224; 1,782368
-33,814001; 1,774738
-33,613779; 1,768634
-33,413557; 1,764056
-33,213335; 1,759478
-33,013112; 1,751848
-32,81289; 1,7549
-32,612668; 1,745744
-32,412446; 1,745744
-32,212224; 1,741166
-32,012001; 1,735062
-31,811779; 1,725906
-31,611557; 1,719802
-31,411335; 1,71675
-31,211112; 1,707594
-31,01089; 1,706068
-30,810668; 1,70149
-30,610446; 1,69386
-30,410224; 1,690808
-30,210001; 1,683178
-30,009779; 1,672496
-29,809557; 1,672496
-29,609335; 1,667918
-29,409112; 1,657236
-29,20889; 1,65571
-29,008668; 1,64808
-28,808446; 1,64808
-28,608224; 1,64045
-28,408001; 1,63282
-28,207779; 1,628242
-28,007557; 1,623664
-27,807335; 1,623664
-27,607112; 1,60993
-27,40689; 1,608404
-27,206668; 1,605352
-27,006446; 1,6023
-26,806224; 1,593144
-26,606001; 1,590092
-26,405779; 1,583988
-26,205557; 1,582462
-26,005335; 1,580936
-25,805112; 1,570254
-25,60489; 1,57178
-25,404668; 1,562624
-25,204446; 1,558046
-25,004223; 1,553468
-24,804001; 1,545838
-24,603779; 1,539734
-24,403557; 1,532104
-24,203335; 1,532104
-24,003112; 1,519896
-23,80289; 1,51837
-23,602668; 1,513792
-23,402446; 1,507688
-23,202223; 1,501584
-23,002001; 1,497006
-22,801779; 1,48785
-22,601557; 1,484798
-22,401335; 1,478694
-22,201112; 1,471064
-22,00089; 1,469538
-21,800668; 1,463434
-21,600446; 1,46496
-21,400223; 1,45733
-21,200001; 1,4497
-20,999779; 1,448174
-20,799557; 1,439018
-20,599335; 1,439018
-20,399112; 1,431388
-20,19889; 1,425284
-19,998668; 1,420706
-19,798446; 1,414602
-19,598223; 1,408498
-19,398001; 1,405446
-19,197779; 1,39629
-18,997557; 1,393238
-18,797335; 1,391712
-18,597112; 1,379504
-18,39689; 1,377978
-18,196668; 1,370348
-17,996446; 1,371874
-17,796223; 1,361192
-17,596001; 1,356614
-17,395779; 1,35051
-17,195557; 1,345932
-16,995335; 1,348984
-16,795112; 1,332198
-16,59489; 1,332198
-16,394668; 1,332198
-16,194446; 1,321516
-15,994223; 1,315412
-15,794001; 1,315412
-15,593779; 1,300152
-15,393557; 1,2971
-15,193335; 1,294048
-14,993112; 1,28184
-14,79289; 1,290996
-14,592668; 1,278788
-14,392446; 1,271158
-14,192223; 1,272684
-13,992001; 1,265054
-13,791779; 1,25895
-13,591557; 1,25132
-13,391335; 1,245216
-13,191112; 1,240638
-12,99089; 1,234534
-12,790668; 1,231482
-12,590446; 1,22843
-12,390223; 1,217748
-12,190001; 1,216222
-11,989779; 1,207066
-11,789557; 1,202488
-11,589334; 1,200962
-11,389112; 1,191806
-11,18889; 1,191806
-10,988668; 1,188754
-10,788446; 1,18265
-10,588223; 1,179598
-10,388001; 1,168916
-10,187779; 1,165864
-9,9875567; 1,158234
-9,7873345; 1,153656
-9,5871122; 1,142974
-9,38689; 1,139922
-9,1866678; 1,138396
-8,9864456; 1,135344
-8,7862234; 1,126188
-8,5860011; 1,12924
-8,3857789; 1,12161
-8,1855567; 1,11398
-7,9853345; 1,10635
-7,7851122; 1,100246
-7,58489; 1,097194
-7,3846678; 1,09109
-7,1844456; 1,086512
-6,9842233; 1,080408
-6,7840011; 1,07583
-6,5837789; 1,072778
-6,3835567; 1,063622
-6,1833344; 1,062096
-5,9831122; 1,057518
-5,78289; 1,05294
-5,5826678; 1,049888
-5,3824455; 1,042258
-5,1822233; 1,034628
-4,9820011; 1,028524
-4,7817789; 1,020894
-4,5815566; 1,019368
-4,3813344; 1,01479
-4,1811122; 1,004108
-3,98089; 1,011738
-3,7806678; 1,001056
-3,5804455; 0,99800399
-3,3802233; 0,98579599
-3,1800011; 0,98274399
-2,9797789; 0,97969199
-2,7795566; 0,97358799
-2,5793344; 0,97206199
-2,3791122; 0,96137999
-2,17889; 0,95527599
-1,9786677; 0,95527599
-1,7784455; 0,94917199
-1,5782233; 0,94459399
-1,3780011; 0,94611999
-1,1777788; 0,93085999
-0,97755662; 0,92628199
-0,77733439; 0,92780799
-0,57711217; 0,91254799
-0,37688994; 0,91254799
-0,17666772; 0,90796999
0,023554504; 0,89881399
0,22377673; 0,89728799
0,42399895; 0,88813199
0,62422118; 0,88202799
0,8244434; 0,88507999
1,0246656; 0,88050199
1,2248878; 0,86981999
1,4251101; 0,86218999
1,6253323; 0,85608599
1,8255545; 0,85608599
2,0257767; 0,84387799
2,225999; 0,84387799
2,4262212; 0,83929999
2,6264434; 0,83319599
2,8266656; 0,83014399
3,0268879; 0,82251399
3,2271101; 0,81946199
3,4273323; 0,81335799
3,6275545; 0,80877999
3,8277768; 0,80420199
4,027999; 0,79657199
4,2282212; 0,79351999
4,4284434; 0,78894199
4,6286657; 0,78436399
4,8288879; 0,77825999
5,0291101; 0,77520799
5,2293323; 0,76910399
5,4295546; 0,76452599
5,6297768; 0,75842199
5,829999; 0,75079199
6,0302212; 0,74621399
6,2304434; 0,73705799
6,4306657; 0,73400599
6,6308879; 0,72637599
6,8311101; 0,72179799
7,0313323; 0,72179799
7,2315546; 0,71416799
7,4317768; 0,70806399
7,631999; 0,70806399
7,8322212; 0,69585599
8,0324435; 0,69585599
8,2326657; 0,69280399
8,4328879; 0,67754399
8,6331101; 0,68059599
8,8333324; 0,67143999
9,0335546; 0,66838799
9,2337768; 0,66838799
9,433999; 0,66075799
9,6342213; 0,65160199
9,8344435; 0,64702399
10,034666; 0,64091999
10,234888; 0,63328999
10,43511; 0,63328999
10,635332; 0,62565999
10,835555; 0,62565999
11,035777; 0,61955599
11,235999; 0,61497799
11,436221; 0,60887399
11,636443; 0,59971799
11,836666; 0,60124399
12,036888; 0,58598399
12,23711; 0,58598399
12,437332; 0,58293199
12,637555; 0,57682799
12,837777; 0,57224999
13,037999; 0,56614599
13,238221; 0,55393799
13,438444; 0,55546399
13,638666; 0,55241199
13,838888; 0,54325599
14,03911; 0,54325599
14,239332; 0,53409999
14,439555; 0,53257399
14,639777; 0,52799599
14,839999; 0,52341799
15,040221; 0,51426199
15,240444; 0,50815799
15,440666; 0,51120999
15,640888; 0,49594999
15,84111; 0,49747599
16,041332; 0,49289799
16,241555; 0,48526799
16,441777; 0,48221599
16,641999; 0,47305999
16,842221; 0,46848199
17,042444; 0,46237799
17,242666; 0,45932599
17,442888; 0,45016999
17,64311; 0,44711799
17,843332; 0,44559199
18,043555; 0,44253999
18,243777; 0,43490999
18,443999; 0,43033199
18,644221; 0,41964999
18,844444; 0,41964999
19,044666; 0,41507199
19,244888; 0,40286399
19,44511; 0,40896799
19,645332; 0,39675999
19,845555; 0,39675999
20,045777; 0,39370799
20,245999; 0,38455199
20,446221; 0,37844799
20,646444; 0,37081799
20,846666; 0,37234399
21,046888; 0,36623999
21,24711; 0,35860999
21,447332; 0,35860999
21,647555; 0,35403199
21,847777; 0,34335
22,047999; 0,34335
22,248221; 0,332668
22,448444; 0,329616
22,648666; 0,331142
22,848888; 0,317408
23,04911; 0,32046
23,249332; 0,311304
23,449555; 0,3052
23,649777; 0,303674
23,849999; 0,294518
24,050221; 0,286888
24,250444; 0,288414
24,450666; 0,280784
24,650888; 0,271628
24,85111; 0,270102
25,051333; 0,26705
25,251555; 0,265524
25,451777; 0,260946
25,651999; 0,253316
25,852221; 0,247212
26,052444; 0,245686
26,252666; 0,24416
26,452888; 0,231952
26,65311; 0,227374
26,853333; 0,224322
27,053555; 0,218218
27,253777; 0,212114
27,453999; 0,212114
27,654221; 0,199906
27,854444; 0,195328
28,054666; 0,195328
28,254888; 0,18312
28,45511; 0,184646
28,655333; 0,17549
28,855555; 0,173964
29,055777; 0,170912
29,255999; 0,161756
29,456221; 0,16023
29,656444; 0,1526
29,856666; 0,149548
30,056888; 0,141918
30,25711; 0,134288
30,457333; 0,13734
30,657555; 0,128184
30,857777; 0,120554
31,057999; 0,123606
31,258221; 0,109872
31,458444; 0,109872
31,658666; 0,10682
31,858888; 0,093085999
32,05911; 0,097663999
32,259333; 0,090033999
32,459555; 0,088507999
32,659777; 0,086981999
32,859999; 0,079351999
33,060221; 0,073247999
33,260444; 0,065617999
33,460666; 0,065617999
33,660888; 0,057987999
33,86111; 0,051883999
34,061333; 0,050357999
34,261555; 0,044253999
34,461777; 0,041201999
34,661999; 0,038149999
34,862221; 0,03052
35,062444; 0,024416
35,262666; 0,02289
35,462888; 0,013734
35,66311; 0,016786
35,863333; 0,0091559999
36,063555; 0,003052
36,263777; 0
36,463999; -0,003052
36,664221; -0,0091559999
36,864444; -0,01526
37,064666; -0,013734
37,264888; -0,028994
37,46511; -0,02289
37,665333; -0,032046
37,865555; -0,036623999
38,065777; -0,039675999
38,265999; -0,047305999
38,466222; -0,050357999
38,666444; -0,056461999
38,866666; -0,059513999
39,066888; -0,065617999
39,26711; -0,071721999
39,467333; -0,071721999
39,667555; -0,077825999
39,867777; -0,085455999
40,067999; -0,086981999
40,268222; -0,094611999
40,468444; -0,102242
40,668666; -0,096137999
40,868888; -0,111398
41,06911; -0,109872
41,269333; -0,11445
41,469555; -0,119028
41,669777; -0,126658
41,869999; -0,134288
42,070222; -0,135814
42,270444; -0,141918
42,470666; -0,140392
42,670888; -0,151074
42,87111; -0,1526
43,071333; -0,155652
43,271555; -0,164808
43,471777; -0,16786
43,671999; -0,172438
43,872222; -0,18312
44,072444; -0,181594
44,272666; -0,187698
44,472888; -0,192276
44,67311; -0,193802
44,873333; -0,199906
45,073555; -0,199906
45,273777; -0,207536
45,473999; -0,209062
45,674222; -0,218218
45,874444; -0,22127
46,074666; -0,219744
46,274888; -0,23653
46,47511; -0,235004
46,675333; -0,242634
46,875555; -0,245686
47,075777; -0,24416
47,275999; -0,257894
47,476222; -0,256368
47,676444; -0,25942
47,876666; -0,265524
48,076888; -0,270102
48,27711; -0,277732
48,477333; -0,280784
48,677555; -0,28231
48,877777; -0,294518
49,077999; -0,28994
49,278222; -0,29757
49,478444; -0,303674
49,678666; -0,294518
49,878888; -0,315882
50,079111; -0,311304
50,279333; -0,315882
50,479555; -0,323512
50,679777; -0,325038
50,879999; -0,337246
51,080222; -0,341824
51,280444; -0,338772
51,480666; -0,346402
51,680888; -0,35250599
51,881111; -0,35555799
52,081333; -0,36166199
52,281555; -0,36471399
52,481777; -0,37234399
52,681999; -0,37081799
52,882222; -0,38149999
53,082444; -0,38149999
53,282666; -0,38149999
53,482888; -0,39523399
53,683111; -0,39065599
53,883333; -0,39828599
54,083555; -0,40286399
54,283777; -0,40744199
54,483999; -0,41812399
54,684222; -0,42117599
54,884444; -0,42422799
55,084666; -0,42575399
55,284888; -0,43185799
55,485111; -0,43643599
55,685333; -0,43948799
55,885555; -0,43948799
56,085777; -0,44864399
56,285999; -0,45169599
56,486222; -0,46085199
56,686444; -0,46542999
56,886666; -0,46542999
57,086888; -0,47763799
57,287111; -0,47458599
57,487333; -0,47916399
57,687555; -0,48526799
57,887777; -0,48679399
58,087999; -0,49137199
58,288222; -0,49747599
58,488444; -0,50052799
58,688666; -0,50663199
58,888888; -0,50968399
59,089111; -0,51273599
59,289333; -0,51731399
59,489555; -0,51883999
59,689777; -0,52799599
59,889999; -0,53104799
60,090222; -0,53867799
60,290444; -0,54630799
60,490666; -0,54630799
60,690888; -0,55546399
60,891111; -0,55393799
61,091333; -0,55698999
61,291555; -0,56309399
61,491777; -0,56156799
61,691999; -0,56614599
61,892222; -0,57224999
62,092444; -0,57072399
62,292666; -0,57835399
62,492888; -0,58598399
62,693111; -0,58445799
62,893333; -0,59208799
63,093555; -0,59513999
63,293777; -0,59666599
63,494; -0,60582199
63,694222; -0,60887399
63,894444; -0,61650399
64,094666; -0,61802999
64,294888; -0,62718599
64,495111; -0,62718599
64,695333; -0,63023799
64,895555; -0,63786799
65,095777; -0,64091999
65,296; -0,64244599
65,496222; -0,65465399
65,696444; -0,65770599
65,896666; -0,65770599
66,096888; -0,66838799
66,297111; -0,66228399
66,497333; -0,66991399
66,697555; -0,67296599
66,897777; -0,67449199
67,098; -0,68517399
67,298222; -0,68517399
67,498444; -0,68822599
67,698666; -0,69585599
67,898888; -0,70195999
68,099111; -0,70501199
68,299333; -0,70806399
68,499555; -0,71264199
68,699777; -0,71721999
68,9; -0,71874599
69,100222; -0,72484999
69,300444; -0,72637599
69,500666; -0,73095399
69,700888; -0,73705799
69,901111; -0,73553199
70,101333; -0,74468799
70,301555; -0,74468799
70,501777; -0,75079199
70,702; -0,75384399
70,902222; -0,75842199
71,102444; -0,76605199
71,302666; -0,76299999
71,502888; -0,76910399
71,703111; -0,77368199
71,903333; -0,77520799
72,103555; -0,78131199
72,303777; -0,78588999
72,504; -0,78894199
72,704222; -0,79809799
72,904444; -0,79504599
73,104666; -0,79657199
73,304888; -0,80725399
73,505111; -0,81030599
73,705333; -0,81335799
73,905555; -0,81640999
74,105777; -0,82098799
74,306; -0,82861799
74,506222; -0,83014399
74,706444; -0,83624799
74,906666; -0,83929999
75,106889; -0,84387799
75,307111; -0,84998199
75,507333; -0,85303399
75,707555; -0,85303399
75,907777; -0,85913799
76,108; -0,85913799
76,308222; -0,86676799
76,508444; -0,86676799
76,708666; -0,86981999
76,908889; -0,87897599
77,109111; -0,88050199
77,309333; -0,88202799
77,509555; -0,88202799
77,709777; -0,88965799
77,91; -0,89728799
78,110222; -0,89576199
78,310444; -0,90339199
78,510666; -0,90491799
78,710889; -0,90949599
78,911111; -0,90796999
79,111333; -0,91407399
79,311555; -0,91865199
79,511777; -0,92017799
79,712; -0,92322999
79,912222; -0,92933399
80,112444; -0,93238599
80,312666; -0,93543799
80,512889; -0,94001599
80,713111; -0,94154199
80,913333; -0,94611999
81,113555; -0,94764599
81,313777; -0,94764599
81,514; -0,94917199
81,714222; -0,95222399
81,914444; -0,95527599
82,114666; -0,95527599
82,314889; -0,95680199
82,515111; -0,95680199
82,715333; -0,95832799
82,915555; -0,95680199
83,115777; -0,95680199
83,316; -0,95832799
83,516222; -0,95680199
83,716444; -0,95527599
83,916666; -0,95527599
84,116889; -0,95374999
84,317111; -0,95374999
84,517333; -0,95222399
84,717555; -0,95069799
84,917777; -0,92628199
85,118; -0,92170399
85,318222; -0,92017799
85,518444; -0,92017799
85,718666; -0,92017799
85,918889; -0,92017799
86,119111; -0,92017799
86,319333; -0,92017799
86,519555; -0,92017799
86,719777; -0,91865199
86,92; -0,92017799
87,120222; -0,91865199
87,320444; -0,91865199
87,520666; -0,92017799
87,720889; -0,92017799
87,921111; -0,91865199
88,121333; -0,91865199
88,321555; -0,92170399
88,521778; -0,91865199
88,722; -0,91865199
88,922222; -0,91865199
89,122444; -0,91865199
89,322666; -0,91865199
89,522889; -0,91865199
89,723111; -0,91865199
89,923333; -0,91865199
90,123555; -0,92017799
90,323778; -0,91865199
90,524; -0,91865199
90,724222; -0,91712599
90,924444; -0,91865199
91,124666; -0,91712599
91,324889; -0,91865199
91,525111; -0,91865199
91,725333; -0,91865199
91,925555; -0,91865199
92,125778; -0,91865199
92,326; -0,91712599
92,526222; -0,91865199
92,726444; -0,91712599
92,926666; -0,91712599
93,126889; -0,91712599
93,327111; -0,91712599
93,527333; -0,91865199
93,727555; -0,91712599
93,927778; -0,91712599
94,128; -0,91712599
94,328222; -0,91712599
94,528444; -0,91865199
94,728666; -0,91712599
94,928889; -0,91712599
95,129111; -0,91559999
95,329333; -0,91712599
95,529555; -0,91712599
95,729778; -0,91559999
95,93; -0,91865199
96,130222; -0,91712599
96,330444; -0,91559999
96,530666; -0,91559999
96,730889; -0,91559999
96,931111; -0,91559999
97,131333; -0,91712599
97,331555; -0,91712599
97,531778; -0,91559999
97,732; -0,91559999
97,932222; -0,91407399
98,132444; -0,91559999
98,332666; -0,91559999
98,532889; -0,91712599
98,733111; -0,91559999
98,933333; -0,91559999
99,133555; -0,91559999
99,333778; -0,91407399
99,534; -0,91559999
99,734222; -0,91559999
99,934444; -0,91407399
100,13467; -0,91407399
100,33489; -0,91407399
100,53511; -0,91559999
100,73533; -0,91407399
100,93556; -0,91407399
101,13578; -0,91559999
101,336; -0,91407399
101,53622; -0,91559999
101,73644; -0,91559999
101,93667; -0,91407399
102,13689; -0,91407399
102,33711; -0,91407399
102,53733; -0,91559999
102,73756; -0,91407399
102,93778; -0,91254799
103,138; -0,91407399
103,33822; -0,91407399
103,53844; -0,91254799
103,73867; -0,91254799
103,93889; -0,91254799
104,13911; -0,91102199
104,33933; -0,91254799
104,53956; -0,91407399
104,73978; -0,91407399
104,94; -0,91407399
105,14022; -0,91254799
105,34044; -0,91254799
105,54067; -0,91407399
105,74089; -0,91102199
105,94111; -0,91254799
106,14133; -0,91102199
106,34156; -0,91407399
106,54178; -0,91102199
106,742; -0,91407399
106,94222; -0,91102199
107,14244; -0,91407399
107,34267; -0,91254799
107,54289; -0,91102199
107,74311; -0,91407399
107,94333; -0,91254799
108,14356; -0,91407399
108,34378; -0,91102199
108,544; -0,91254799
108,74422; -0,91102199
108,94444; -0,91254799
109,14467; -0,91102199
109,34489; -0,91102199
109,54511; -0,91102199
109,74533; -0,91102199
109,94556; -0,91254799
110,14578; -0,91102199
110,346; -0,91102199
110,54622; -0,91102199
110,74644; -0,91102199
110,94667; -0,91102199
111,14689; -0,91102199
111,34711; -0,91102199
111,54733; -0,91254799
111,74756; -0,91102199
111,94778; -0,91102199
112,148; -0,91102199
112,34822; -0,90796999
112,54844; -0,90949599
112,74867; -0,90949599
112,94889; -0,90796999
113,14911; -0,90949599
113,34933; -0,90949599
113,54956; -0,91102199
113,74978; -0,90796999
113,95; -0,90796999
114,15022; -0,90949599
114,35044; -0,90949599
114,55067; -0,90949599
114,75089; -0,90949599
114,95111; -0,90949599
115,15133; -0,90796999
115,35156; -0,90949599
115,55178; -0,90949599
115,752; -0,90796999
115,95222; -0,90796999
116,15244; -0,90796999
116,35267; -0,90796999
116,55289; -0,90796999
116,75311; -0,90796999
116,95333; -0,90796999
117,15356; -0,90644399
117,35378; -0,90796999
117,554; -0,90644399
117,75422; -0,90796999
117,95444; -0,90796999
118,15467; -0,90644399
118,35489; -0,90796999
118,55511; -0,90796999
118,75533; -0,90644399
118,95556; -0,90644399
119,15578; -0,90796999
119,356; -0,90796999
119,55622; -0,90644399
119,75644; -0,90644399
119,95667; -0,90644399
120,15689; -0,90644399
120,35711; -0,90491799
120,55733; -0,90491799
120,75756; -0,90796999
120,95778; -0,90644399
121,158; -0,90796999
121,35822; -0,90644399
121,55844; -0,90796999
121,75867; -0,90796999
121,95889; -0,90644399
122,15911; -0,90491799
122,35933; -0,90491799
122,55956; -0,90491799
122,75978; -0,90644399
122,96; -0,90491799
123,16022; -0,90644399
123,36044; -0,90491799
123,56067; -0,90644399
123,76089; -0,90491799
123,96111; -0,90644399
124,16133; -0,90491799
124,36156; -0,90644399
124,56178; -0,90491799
124,762; -0,90644399
124,96222; -0,90644399
125,16244; -0,90491799
125,36267; -0,90491799
125,56289; -0,90491799
125,76311; -0,90491799
125,96333; -0,90491799
126,16356; -0,90491799
126,36378; -0,90491799
126,564; -0,90491799
126,76422; -0,90491799
126,96444; -0,90491799
127,16467; -0,90491799
127,36489; -0,90491799
127,56511; -0,90644399
127,76533; -0,90491799
127,96556; -0,90644399
128,16578; -0,90644399
128,366; -0,90491799
128,56622; -0,90491799
128,76644; -0,90491799
128,96667; -0,90491799
129,16689; -0,90491799
129,36711; -0,90491799
129,56733; -0,90491799
129,76756; -0,90186599
129,96778; -0,90339199
130,168; -0,90491799
130,36822; -0,90491799
130,56844; -0,90339199
130,76867; -0,90339199
130,96889; -0,90339199
131,16911; -0,90339199
131,36933; -0,90491799
131,56956; -0,90339199
131,76978; -0,90491799
131,97; -0,90339199
132,17022; -0,90491799
132,37044; -0,90339199
132,57067; -0,90339199
132,77089; -0,90339199
132,97111; -0,90339199
133,17133; -0,90186599
133,37156; -0,90339199
133,57178; -0,90339199
133,772; -0,90339199
133,97222; -0,90339199
134,17244; -0,90186599
134,37267; -0,90186599
134,57289; -0,90339199
134,77311; -0,90339199
134,97333; -0,90186599
135,17356; -0,90339199
135,37378; -0,90186599
135,574; -0,90339199
135,77422; -0,90186599
135,97444; -0,90033999
136,17467; -0,90186599
136,37489; -0,90186599
136,57511; -0,90186599
136,77533; -0,90186599
136,97556; -0,90339199
137,17578; -0,90186599
137,376; -0,90186599
137,57622; -0,90186599
137,77644; -0,90186599
137,97667; -0,90033999
138,17689; -0,90186599
138,37711; -0,90186599
138,57733; -0,90033999
138,77756; -0,90033999
138,97778; -0,90033999
139,178; -0,90186599
139,37822; -0,90033999
139,57844; -0,90186599
139,77867; -0,90033999
139,97889; -0,90186599
140,17911; -0,90033999
140,37933; -0,89881399
140,57956; -0,90033999
140,77978; -0,90033999
140,98; -0,90033999
141,18022; -0,90033999
141,38044; -0,90033999
141,58067; -0,90033999
141,78089; -0,90186599
141,98111; -0,89881399
142,18133; -0,89881399
142,38156; -0,90033999
142,58178; -0,90033999
142,782; -0,90033999
142,98222; -0,90033999
143,18244; -0,90033999
143,38267; -0,90033999
143,58289; -0,89881399
143,78311; -0,89881399
143,98333; -0,89881399
144,18356; -0,90033999
144,38378; -0,89881399
144,584; -0,89881399
144,78422; -0,89881399
144,98444; -0,89881399
145,18467; -0,89881399
145,38489; -0,89881399
145,58511; -0,89881399
145,78533; -0,89881399
145,98556; -0,89728799
146,18578; -0,89881399
146,386; -0,89881399
146,58622; -0,89728799
146,78644; -0,89881399
146,98667; -0,89881399
147,18689; -0,89728799
147,38711; -0,89728799
147,58733; -0,89728799
147,78756; -0,89728799
147,98778; -0,89576199
148,188; -0,89728799
148,38822; -0,89576199
148,58844; -0,89728799
148,78867; -0,89728799
148,98889; -0,89881399
149,18911; -0,89728799
149,38933; -0,89728799
149,58956; -0,89728799
149,78978; -0,89728799
149,99; -0,89728799


Name=DFL (2)
X=Height, nm
Y=DFL, nA
-50,032001; 2,211174
-49,831779; 2,200492
-49,631557; 2,20507
-49,431335; 2,202018
-49,231113; 2,200492
-49,03089; 2,200492
-48,830668; 2,18981
-48,630446; 2,186758
-48,430224; 2,179128
-48,230001; 2,17455
-48,029779; 2,176076
-47,829557; 2,16692
-47,629335; 2,163868
-47,429113; 2,163868
-47,22889; 2,153186
-47,028668; 2,154712
-46,828446; 2,145556
-46,628224; 2,140978
-46,428001; 2,142504
-46,227779; 2,131822
-46,027557; 2,133348
-45,827335; 2,127244
-45,627113; 2,116562
-45,42689; 2,119614
-45,226668; 2,108932
-45,026446; 2,102828
-44,826224; 2,104354
-44,626001; 2,093672
-44,425779; 2,093672
-44,225557; 2,089094
-44,025335; 2,08299
-43,825113; 2,08299
-43,62489; 2,073834
-43,424668; 2,07536
-43,224446; 2,066204
-43,024224; 2,057048
-42,824001; 2,064678
-42,623779; 2,049418
-42,423557; 2,050944
-42,223335; 2,050944
-42,023113; 2,035684
-41,82289; 2,038736
-41,622668; 2,025002
-41,422446; 2,02195
-41,222224; 2,026528
-41,022001; 2,00669
-40,821779; 2,009742
-40,621557; 2,003638
-40,421335; 1,99143
-40,221113; 1,99906
-40,02089; 1,988378
-39,820668; 1,988378
-39,620446; 1,986852
-39,420224; 1,97617
-39,220001; 1,977696
-39,019779; 1,971592
-38,819557; 1,96091
-38,619335; 1,962436
-38,419113; 1,951754
-38,21889; 1,950228
-38,018668; 1,947176
-37,818446; 1,93802
-37,618224; 1,93802
-37,418001; 1,928864
-37,217779; 1,92276
-37,017557; 1,921234
-36,817335; 1,912078
-36,617112; 1,9075
-36,41689; 1,9075
-36,216668; 1,893766
-36,016446; 1,896818
-35,816224; 1,893766
-35,616001; 1,883084
-35,415779; 1,878506
-35,215557; 1,870876
-35,015335; 1,867824
-34,815112; 1,864772
-34,61489; 1,855616
-34,414668; 1,855616
-34,214446; 1,85409
-34,014224; 1,84646
-33,814001; 1,840356
-33,613779; 1,832726
-33,413557; 1,829674
-33,213335; 1,82357
-33,013112; 1,81594
-32,81289; 1,814414
-32,612668; 1,805258
-32,412446; 1,80831
-32,212224; 1,802206
-32,012001; 1,789998
-31,811779; 1,788472
-31,611557; 1,783894
-31,411335; 1,776264
-31,211112; 1,77016
-31,01089; 1,767108
-30,810668; 1,76253
-30,610446; 1,756426
-30,410224; 1,750322
-30,210001; 1,745744
-30,009779; 1,738114
-29,809557; 1,735062
-29,609335; 1,73201
-29,409112; 1,725906
-29,20889; 1,728958
-29,008668; 1,719802
-28,808446; 1,710646
-28,608224; 1,703016
-28,408001; 1,699964
-28,207779; 1,695386
-28,007557; 1,68623
-27,807335; 1,68623
-27,607112; 1,681652
-27,40689; 1,674022
-27,206668; 1,672496
-27,006446; 1,661814
-26,806224; 1,65571
-26,606001; 1,657236
-26,405779; 1,646554
-26,205557; 1,645028
-26,005335; 1,64045
-25,805112; 1,634346
-25,60489; 1,631294
-25,404668; 1,622138
-25,204446; 1,622138
-25,004223; 1,61756
-24,804001; 1,603826
-24,603779; 1,605352
-24,403557; 1,590092
-24,203335; 1,58704
-24,003112; 1,58704
-23,80289; 1,57941
-23,602668; 1,574832
-23,402446; 1,573306
-23,202223; 1,56415
-23,002001; 1,565676
-22,801779; 1,55652
-22,601557; 1,551942
-22,401335; 1,54889
-22,201112; 1,536682
-22,00089; 1,538208
-21,800668; 1,527526
-21,600446; 1,524474
-21,400223; 1,519896
-21,200001; 1,507688
-20,999779; 1,506162
-20,799557; 1,50311
-20,599335; 1,492428
-20,399112; 1,489376
-20,19889; 1,481746
-19,998668; 1,48022
-19,798446; 1,477168
-19,598223; 1,47259
-19,398001; 1,471064
-19,197779; 1,461908
-18,997557; 1,458856
-18,797335; 1,452752
-18,597112; 1,443596
-18,39689; 1,440544
-18,196668; 1,432914
-17,996446; 1,42681
-17,796223; 1,423758
-17,596001; 1,417654
-17,395779; 1,416128
-17,195557; 1,410024
-16,995335; 1,406972
-16,795112; 1,400868
-16,59489; 1,397816
-16,394668; 1,391712
-16,194446; 1,387134
-15,994223; 1,385608
-15,794001; 1,374926
-15,593779; 1,36577
-15,393557; 1,364244
-15,193335; 1,352036
-14,993112; 1,353562
-14,79289; 1,34288
-14,592668; 1,341354
-14,392446; 1,344406
-14,192223; 1,330672
-13,992001; 1,324568
-13,791779; 1,321516
-13,591557; 1,313886
-13,391335; 1,313886
-13,191112; 1,303204
-12,99089; 1,30473
-12,790668; 1,298626
-12,590446; 1,28947
-12,390223; 1,284892
-12,190001; 1,278788
-11,989779; 1,272684
-11,789557; 1,269632
-11,589334; 1,262002
-11,389112; 1,255898
-11,18889; 1,257424
-10,988668; 1,242164
-10,788446; 1,242164
-10,588223; 1,234534
-10,388001; 1,225378
-10,187779; 1,225378
-9,9875567; 1,217748
-9,7873345; 1,216222
-9,5871122; 1,214696
-9,38689; 1,211644
-9,1866678; 1,200962
-8,9864456; 1,19791
-8,7862234; 1,188754
-8,5860011; 1,176546
-8,3857789; 1,17502
-8,1855567; 1,170442
-7,9853345; 1,165864
-7,7851122; 1,168916
-7,58489; 1,158234
-7,3846678; 1,15213
-7,1844456; 1,155182
-6,9842233; 1,142974
-6,7840011; 1,138396
-6,5837789; 1,135344
-6,3835567; 1,12924
-6,1833344; 1,124662
-5,9831122; 1,115506
-5,78289; 1,109402
-5,5826678; 1,109402
-5,3824455; 1,09872
-5,1822233; 1,09109
-4,9820011; 1,09109
-4,7817789; 1,08346
-4,5815566; 1,080408
-4,3813344; 1,072778
-4,1811122; 1,065148
-3,98089; 1,062096
-3,7806678; 1,051414
-3,5804455; 1,051414
-3,3802233; 1,04531
-3,1800011; 1,03768
-2,9797789; 1,040732
-2,7795566; 1,028524
-2,5793344; 1,03005
-2,3791122; 1,020894
-2,17889; 1,01479
-1,9786677; 1,01479
-1,7784455; 1,004108
-1,5782233; 1,004108
-1,3780011; 1,001056
-1,1777788; 0,98884799
-0,97755662; 0,98884799
-0,77733439; 0,97969199
-0,57711217; 0,97053599
-0,37688994; 0,97816599
-0,17666772; 0,95985399
0,023554504; 0,95985399
0,22377673; 0,95832799
0,42399895; 0,94306799
0,62422118; 0,94764599
0,8244434; 0,93696399
1,0246656; 0,92933399
1,2248878; 0,93085999
1,4251101; 0,92017799
1,6253323; 0,91712599
1,8255545; 0,91559999
2,0257767; 0,90491799
2,225999; 0,90796999
2,4262212; 0,89576199
2,6264434; 0,89576199
2,8266656; 0,89270999
3,0268879; 0,88050199
3,2271101; 0,88050199
3,4273323; 0,86981999
3,6275545; 0,86218999
3,8277768; 0,86218999
4,027999; 0,85150799
4,2282212; 0,84845599
4,4284434; 0,84387799
4,6286657; 0,83777399
4,8288879; 0,83319599
5,0291101; 0,83166999
5,2293323; 0,82098799
5,4295546; 0,81793599
5,6297768; 0,81030599
5,829999; 0,80420199
6,0302212; 0,79809799
6,2304434; 0,79504599
6,4306657; 0,79199399
6,6308879; 0,78588999
6,8311101; 0,78283799
7,0313323; 0,77825999
7,2315546; 0,77368199
7,4317768; 0,76757799
7,631999; 0,76299999
7,8322212; 0,75536999
8,0324435; 0,74926599
8,2326657; 0,74773999
8,4328879; 0,73247999
8,6331101; 0,73553199
8,8333324; 0,72484999
9,0335546; 0,72179799
9,2337768; 0,72179799
9,433999; 0,71111599
9,6342213; 0,70806399
9,8344435; 0,70653799
10,034666; 0,69738199
10,234888; 0,69432999
10,43511; 0,68975199
10,635332; 0,68822599
10,835555; 0,68364799
11,035777; 0,66838799
11,235999; 0,66686199
11,436221; 0,66228399
11,636443; 0,65923199
11,836666; 0,65617999
12,036888; 0,64702399
12,23711; 0,64702399
12,437332; 0,64244599
12,637555; 0,63023799
12,837777; 0,63023799
13,037999; 0,62260799
13,238221; 0,61345199
13,438444; 0,61192599
13,638666; 0,60582199
13,838888; 0,60124399
14,03911; 0,59971799
14,239332; 0,59819199
14,439555; 0,58750999
14,639777; 0,58140599
14,839999; 0,57377599
15,040221; 0,56614599
15,240444; 0,55851599
15,440666; 0,55851599
15,640888; 0,55088599
15,84111; 0,54935999
16,041332; 0,54478199
16,241555; 0,53867799
16,441777; 0,53104799
16,641999; 0,52341799
16,842221; 0,52494399
17,042444; 0,51578799
17,242666; 0,51426199
17,442888; 0,50663199
17,64311; 0,50663199
17,843332; 0,50052799
18,043555; 0,49289799
18,243777; 0,48831999
18,443999; 0,48374199
18,644221; 0,48221599
18,844444; 0,47458599
19,044666; 0,46695599
19,244888; 0,46237799
19,44511; 0,45932599
19,645332; 0,45322199
19,845555; 0,44711799
20,045777; 0,44559199
20,245999; 0,43796199
20,446221; 0,43490999
20,646444; 0,43338399
20,846666; 0,43033199
21,046888; 0,42117599
21,24711; 0,41507199
21,447332; 0,40896799
21,647555; 0,40438999
21,847777; 0,39828599
22,047999; 0,39675999
22,248221; 0,38607799
22,448444; 0,38149999
22,648666; 0,37844799
22,848888; 0,36623999
23,04911; 0,36776599
23,249332; 0,36013599
23,449555; 0,35860999
23,649777; 0,35708399
23,849999; 0,346402
24,050221; 0,346402
24,250444; 0,337246
24,450666; 0,329616
24,650888; 0,325038
24,85111; 0,318934
25,051333; 0,314356
25,251555; 0,308252
25,451777; 0,306726
25,651999; 0,3052
25,852221; 0,300622
26,052444; 0,300622
26,252666; 0,288414
26,452888; 0,280784
26,65311; 0,283836
26,853333; 0,263998
27,053555; 0,273154
27,253777; 0,262472
27,453999; 0,253316
27,654221; 0,257894
27,854444; 0,241108
28,054666; 0,242634
28,254888; 0,235004
28,45511; 0,222796
28,655333; 0,225848
28,855555; 0,218218
29,055777; 0,21364
29,255999; 0,209062
29,456221; 0,19838
29,656444; 0,195328
29,856666; 0,19075
30,056888; 0,184646
30,25711; 0,186172
30,457333; 0,178542
30,657555; 0,17549
30,857777; 0,173964
31,057999; 0,166334
31,258221; 0,161756
31,458444; 0,154126
31,658666; 0,146496
31,858888; 0,149548
32,05911; 0,14497
32,259333; 0,140392
32,459555; 0,140392
32,659777; 0,128184
32,859999; 0,125132
33,060221; 0,115976
33,260444; 0,105294
33,460666; 0,10682
33,660888; 0,096137999
33,86111; 0,096137999
34,061333; 0,093085999
34,261555; 0,086981999
34,461777; 0,090033999
34,661999; 0,076299999
34,862221; 0,073247999
35,062444; 0,070195999
35,262666; 0,061039999
35,462888; 0,057987999
35,66311; 0,051883999
35,863333; 0,045779999
36,063555; 0,045779999
36,263777; 0,033572
36,463999; 0,028994
36,664221; 0,025942
36,864444; 0,016786
37,064666; 0,016786
37,264888; 0,0045779999
37,46511; 0,0061039999
37,665333; 0,0045779999
37,865555; -0,0045779999
38,065777; -0,010682
38,265999; -0,01526
38,466222; -0,019838
38,666444; -0,02289
38,866666; -0,027468
39,066888; -0,036623999
39,26711; -0,036623999
39,467333; -0,039675999
39,667555; -0,048831999
39,867777; -0,054935999
40,067999; -0,059513999
40,268222; -0,067143999
40,468444; -0,070195999
40,668666; -0,076299999
40,868888; -0,080877999
41,06911; -0,077825999
41,269333; -0,093085999
41,469555; -0,093085999
41,669777; -0,096137999
41,869999; -0,103768
42,070222; -0,109872
42,270444; -0,117502
42,470666; -0,123606
42,670888; -0,123606
42,87111; -0,126658
43,071333; -0,134288
43,271555; -0,13734
43,471777; -0,14497
43,671999; -0,141918
43,872222; -0,154126
44,072444; -0,158704
44,272666; -0,158704
44,472888; -0,172438
44,67311; -0,170912
44,873333; -0,177016
45,073555; -0,187698
45,273777; -0,186172
45,473999; -0,192276
45,674222; -0,202958
45,874444; -0,199906
46,074666; -0,210588
46,274888; -0,21364
46,47511; -0,22127
46,675333; -0,225848
46,875555; -0,2289
47,075777; -0,23653
47,275999; -0,238056
47,476222; -0,241108
47,676444; -0,248738
47,876666; -0,248738
48,076888; -0,260946
48,27711; -0,25942
48,477333; -0,26705
48,677555; -0,276206
48,877777; -0,270102
49,077999; -0,283836
49,278222; -0,288414
49,478444; -0,28994
49,678666; -0,300622
49,878888; -0,294518
50,079111; -0,306726
50,279333; -0,309778
50,479555; -0,308252
50,679777; -0,32046
50,879999; -0,31283
51,080222; -0,326564
51,280444; -0,332668
51,480666; -0,332668
51,680888; -0,346402
51,881111; -0,346402
52,081333; -0,35097999
52,281555; -0,36013599
52,481777; -0,36166199
52,681999; -0,37081799
52,882222; -0,37539599
53,082444; -0,37539599
53,282666; -0,37997399
53,482888; -0,38607799
53,683111; -0,38760399
53,883333; -0,38912999
54,083555; -0,39523399
54,283777; -0,40591599
54,483999; -0,40591599
54,684222; -0,41659799
54,884444; -0,41812399
55,084666; -0,42575399
55,284888; -0,43185799
55,485111; -0,43796199
55,685333; -0,44406599
55,885555; -0,44253999
56,085777; -0,44406599
56,285999; -0,45474799
56,486222; -0,45932599
56,686444; -0,45932599
56,886666; -0,46390399
57,086888; -0,47000799
57,287111; -0,46848199
57,487333; -0,47763799
57,687555; -0,48526799
57,887777; -0,48679399
58,087999; -0,50357999
58,288222; -0,50205399
58,488444; -0,50663199
58,688666; -0,51578799
58,888888; -0,51120999
59,089111; -0,52341799
59,289333; -0,52341799
59,489555; -0,52494399
59,689777; -0,53562599
59,889999; -0,53562599
60,090222; -0,54325599
60,290444; -0,55088599
60,490666; -0,54783399
60,690888; -0,55698999
60,891111; -0,56004199
61,091333; -0,56614599
61,291555; -0,57377599
61,491777; -0,57224999
61,691999; -0,57987999
61,892222; -0,58445799
62,092444; -0,59208799
62,292666; -0,59666599
62,492888; -0,59971799
62,693111; -0,60124399
62,893333; -0,60887399
63,093555; -0,60887399
63,293777; -0,61650399
63,494; -0,61802999
63,694222; -0,62565999
63,894444; -0,63023799
64,094666; -0,63481599
64,294888; -0,64244599
64,495111; -0,64397199
64,695333; -0,65312799
64,895555; -0,65465399
65,095777; -0,65617999
65,296; -0,66380999
65,496222; -0,66533599
65,696444; -0,67143999
65,896666; -0,67601799
66,096888; -0,68212199
66,297111; -0,68669999
66,497333; -0,69127799
66,697555; -0,69127799
66,897777; -0,70195999
67,098; -0,70806399
67,298222; -0,71111599
67,498444; -0,71111599
67,698666; -0,71569399
67,898888; -0,72637599
68,099111; -0,72637599
68,299333; -0,73095399
68,499555; -0,73553199
68,699777; -0,74010999
68,9; -0,74621399
69,100222; -0,75231799
69,300444; -0,75384399
69,500666; -0,76299999
69,700888; -0,76757799
69,901111; -0,76605199
70,101333; -0,77520799
70,301555; -0,77520799
70,501777; -0,77978599
70,702; -0,78436399
70,902222; -0,78741599
71,102444; -0,79809799
71,302666; -0,80267599
71,502888; -0,80420199
71,703111; -0,81335799
71,903333; -0,81030599
72,103555; -0,82098799
72,303777; -0,81640999
72,504; -0,82251399
72,704222; -0,83014399
72,904444; -0,82861799
73,104666; -0,84082599
73,304888; -0,84235199
73,505111; -0,84235199
73,705333; -0,85455999
73,905555; -0,84845599
74,105777; -0,85913799
74,306; -0,86371599
74,506222; -0,86524199
74,706444; -0,87439799
74,906666; -0,87439799
75,106889; -0,88050199
75,307111; -0,88202799
75,507333; -0,88355399
75,707555; -0,89423599
75,907777; -0,89118399
76,108; -0,90033999
76,308222; -0,90796999
76,508444; -0,90644399
76,708666; -0,91559999
76,908889; -0,91559999
77,109111; -0,91865199
77,309333; -0,92322999
77,509555; -0,91865199
77,709777; -0,93085999
77,91; -0,93848999
78,110222; -0,93543799
78,310444; -0,94917199
78,510666; -0,94306799
78,710889; -0,95374999
78,911111; -0,95680199
79,111333; -0,95527599
79,311555; -0,96595799
79,511777; -0,96595799
79,712; -0,97053599
79,912222; -0,97969199
80,112444; -0,98121799
80,312666; -0,98426999
80,512889; -0,98884799
80,713111; -0,98732199
80,913333; -0,99495199
81,113555; -0,99495199
81,313777; -1,001056
81,514; -1,008686
81,714222; -1,010212
81,914444; -1,011738
82,114666; -1,017842
82,314889; -1,020894
82,515111; -1,019368
82,715333; -1,023946
82,915555; -1,028524
83,115777; -1,03005
83,316; -1,033102
83,516222; -1,034628
83,716444; -1,036154
83,916666; -1,039206
84,116889; -1,042258
84,317111; -1,042258
84,517333; -1,049888
84,717555; -1,049888
84,917777; -1,05294
85,118; -1,057518
85,318222; -1,054466
85,518444; -1,06057
85,718666; -1,055992
85,918889; -1,048362
86,119111; -1,04531
86,319333; -1,031576
86,519555; -0,99037399
86,719777; -0,98274399
86,92; -0,97511399
87,120222; -0,97511399
87,320444; -0,97511399
87,520666; -0,97206199
87,720889; -0,96900999
87,921111; -0,96900999
88,121333; -0,96748399
88,321555; -0,96443199
88,521778; -0,96290599
88,722; -0,95985399
88,922222; -0,96290599
89,122444; -0,95985399
89,322666; -0,95832799
89,522889; -0,95374999
89,723111; -0,95222399
89,923333; -0,95222399
90,123555; -0,95069799
90,323778; -0,94917199
90,524; -0,94917199
90,724222; -0,94764599
90,924444; -0,94764599
91,124666; -0,94459399
91,324889; -0,94611999
91,525111; -0,94611999
91,725333; -0,94611999
91,925555; -0,94459399
92,125778; -0,94306799
92,326; -0,94306799
92,526222; -0,94154199
92,726444; -0,94001599
92,926666; -0,94001599
93,126889; -0,93848999
93,327111; -0,93848999
93,527333; -0,93543799
93,727555; -0,93391199
93,927778; -0,93543799
94,128; -0,93543799
94,328222; -0,93238599
94,528444; -0,93238599
94,728666; -0,93238599
94,928889; -0,93238599
95,129111; -0,92933399
95,329333; -0,92780799
95,529555; -0,92933399
95,729778; -0,92780799
95,93; -0,92933399
96,130222; -0,92628199
96,330444; -0,92475599
96,530666; -0,92322999
96,730889; -0,92475599
96,931111; -0,92322999
97,131333; -0,92170399
97,331555; -0,92322999
97,531778; -0,92170399
97,732; -0,92017799
97,932222; -0,91865199
98,132444; -0,91865199
98,332666; -0,91712599
98,532889; -0,91407399
98,733111; -0,91712599
98,933333; -0,91559999
99,133555; -0,91407399
99,333778; -0,91407399
99,534; -0,91407399
99,734222; -0,91407399
99,934444; -0,91407399
100,13467; -0,91559999
100,33489; -0,91407399
100,53511; -0,91254799
100,73533; -0,91254799
100,93556; -0,91254799
101,13578; -0,91254799
101,336; -0,91407399
101,53622; -0,91407399
101,73644; -0,91559999
101,93667; -0,91407399
102,13689; -0,91407399
102,33711; -0,91407399
102,53733; -0,91407399
102,73756; -0,91407399
102,93778; -0,91407399
103,138; -0,91407399
103,33822; -0,91254799
103,53844; -0,91254799
103,73867; -0,91254799
103,93889; -0,91254799
104,13911; -0,91254799
104,33933; -0,91254799
104,53956; -0,91102199
104,73978; -0,91254799
104,94; -0,91254799
105,14022; -0,91254799
105,34044; -0,91254799
105,54067; -0,91254799
105,74089; -0,91254799
105,94111; -0,91254799
106,14133; -0,91102199
106,34156; -0,91102199
106,54178; -0,91254799
106,742; -0,91102199
106,94222; -0,91102199
107,14244; -0,91254799
107,34267; -0,91254799
107,54289; -0,91102199
107,74311; -0,91102199
107,94333; -0,91102199
108,14356; -0,91254799
108,34378; -0,91102199
108,544; -0,91102199
108,74422; -0,91102199
108,94444; -0,91102199
109,14467; -0,91254799
109,34489; -0,91102199
109,54511; -0,91102199
109,74533; -0,91102199
109,94556; -0,90949599
110,14578; -0,91102199
110,346; -0,90949599
110,54622; -0,91102199
110,74644; -0,91102199
110,94667; -0,91254799
111,14689; -0,90949599
111,34711; -0,90949599
111,54733; -0,91102199
111,74756; -0,90949599
111,94778; -0,90949599
112,148; -0,90949599
112,34822; -0,90949599
112,54844; -0,90949599
112,74867; -0,90949599
112,94889; -0,90949599
113,14911; -0,90949599
113,34933; -0,91102199
113,54956; -0,90796999
113,74978; -0,90949599
113,95; -0,90949599
114,15022; -0,90949599
114,35044; -0,90949599
114,55067; -0,90949599
114,75089; -0,90796999
114,95111; -0,90796999
115,15133; -0,90949599
115,35156; -0,90796999
115,55178; -0,90796999
115,752; -0,90796999
115,95222; -0,90796999
116,15244; -0,90796999
116,35267; -0,90796999
116,55289; -0,90796999
116,75311; -0,90796999
116,95333; -0,90949599
117,15356; -0,90796999
117,35378; -0,90796999
117,554; -0,90644399
117,75422; -0,90796999
117,95444; -0,90796999
118,15467; -0,90796999
118,35489; -0,90796999
118,55511; -0,90796999
118,75533; -0,90644399
118,95556; -0,90644399
119,15578; -0,90796999
119,356; -0,90796999
119,55622; -0,90796999
119,75644; -0,90644399
119,95667; -0,90644399
120,15689; -0,90644399
120,35711; -0,90491799
120,55733; -0,90491799
120,75756; -0,90644399
120,95778; -0,90644399
121,158; -0,90644399
121,35822; -0,90491799
121,55844; -0,90491799
121,75867; -0,90491799
121,95889; -0,90644399
122,15911; -0,90491799
122,35933; -0,90491799
122,55956; -0,90491799
122,75978; -0,90644399
122,96; -0,90491799
123,16022; -0,90491799
123,36044; -0,90491799
123,56067; -0,90491799
123,76089; -0,90491799
123,96111; -0,90644399
124,16133; -0,90339199
124,36156; -0,90491799
124,56178; -0,90491799
124,762; -0,90491799
124,96222; -0,90339199
125,16244; -0,90491799
125,36267; -0,90491799
125,56289; -0,90491799
125,76311; -0,90339199
125,96333; -0,90339199
126,16356; -0,90339199
126,36378; -0,90339199
126,564; -0,90339199
126,76422; -0,90339199
126,96444; -0,90491799
127,16467; -0,90339199
127,36489; -0,90339199
127,56511; -0,90339199
127,76533; -0,90339199
127,96556; -0,90339199
128,16578; -0,90491799
128,366; -0,90339199
128,56622; -0,90339199
128,76644; -0,90491799
128,96667; -0,90033999
129,16689; -0,90186599
129,36711; -0,90186599
129,56733; -0,90339199
129,76756; -0,90339199
129,96778; -0,90339199
130,168; -0,90186599
130,36822; -0,90339199
130,56844; -0,90339199
130,76867; -0,90186599
130,96889; -0,90339199
131,16911; -0,90186599
131,36933; -0,90186599
131,56956; -0,90186599
131,76978; -0,90033999
131,97; -0,90186599
132,17022; -0,90186599
132,37044; -0,90186599
132,57067; -0,90186599
132,77089; -0,90186599
132,97111; -0,90186599
133,17133; -0,90186599
133,37156; -0,90033999
133,57178; -0,90186599
133,772; -0,90033999
133,97222; -0,90186599
134,17244; -0,90186599
134,37267; -0,90033999
134,57289; -0,89881399
134,77311; -0,90033999
134,97333; -0,90033999
135,17356; -0,90033999
135,37378; -0,90033999
135,574; -0,90033999
135,77422; -0,90033999
135,97444; -0,90033999
136,17467; -0,90033999
136,37489; -0,90033999
136,57511; -0,90033999
136,77533; -0,90033999
136,97556; -0,90186599
137,17578; -0,89881399
137,376; -0,89881399
137,57622; -0,90033999
137,77644; -0,89881399
137,97667; -0,90033999
138,17689; -0,89881399
138,37711; -0,89881399
138,57733; -0,90033999
138,77756; -0,89881399
138,97778; -0,90033999
139,178; -0,90033999
139,37822; -0,90033999
139,57844; -0,89881399
139,77867; -0,90033999
139,97889; -0,89881399
140,17911; -0,89728799
140,37933; -0,89881399
140,57956; -0,89881399
140,77978; -0,89728799
140,98; -0,89881399
141,18022; -0,89881399
141,38044; -0,89881399
141,58067; -0,89881399
141,78089; -0,89881399
141,98111; -0,89728799
142,18133; -0,90033999
142,38156; -0,89728799
142,58178; -0,89728799
142,782; -0,89881399
142,98222; -0,89881399
143,18244; -0,89881399
143,38267; -0,89881399
143,58289; -0,89728799
143,78311; -0,89728799
143,98333; -0,89576199
144,18356; -0,89728799
144,38378; -0,89728799
144,584; -0,89728799
144,78422; -0,89728799
144,98444; -0,89881399
145,18467; -0,89728799
145,38489; -0,89728799
145,58511; -0,89728799
145,78533; -0,89728799
145,98556; -0,89728799
146,18578; -0,89728799
146,386; -0,89728799
146,58622; -0,89576199
146,78644; -0,89728799
146,98667; -0,89576199
147,18689; -0,89728799
147,38711; -0,89576199
147,58733; -0,89728799
147,78756; -0,89576199
147,98778; -0,89728799
148,188; -0,89576199
148,38822; -0,89576199
148,58844; -0,89576199
148,78867; -0,89576199
148,98889; -0,89423599
149,18911; -0,89423599
149,38933; -0,89576199
149,58956; -0,89423599
149,78978; -0,89576199
149,99; -0,89576199
