Name=DFL (1)
X=Height, nm
Y=DFL, nA
-50,032001; 2,453808
-49,831779; 2,447704
-49,631557; 2,4416
-49,431335; 2,438548
-49,231113; 2,427866
-49,03089; 2,427866
-48,830668; 2,41871
-48,630446; 2,412606
-48,430224; 2,40345
-48,230001; 2,398872
-48,029779; 2,392768
-47,829557; 2,385138
-47,629335; 2,38819
-47,429113; 2,37293
-47,22889; 2,37293
-47,028668; 2,362248
-46,828446; 2,356144
-46,628224; 2,348514
-46,428001; 2,346988
-46,227779; 2,33478
-46,027557; 2,328676
-45,827335; 2,32715
-45,627113; 2,31952
-45,42689; 2,314942
-45,226668; 2,305786
-45,026446; 2,301208
-44,826224; 2,292052
-44,626001; 2,287474
-44,425779; 2,276792
-44,225557; 2,272214
-44,025335; 2,27374
-43,825113; 2,25848
-43,62489; 2,252376
-43,424668; 2,246272
-43,224446; 2,238642
-43,024224; 2,234064
-42,824001; 2,226434
-42,623779; 2,215752
-42,423557; 2,215752
-42,223335; 2,215752
-42,023113; 2,202018
-41,82289; 2,20507
-41,622668; 2,194388
-41,422446; 2,192862
-41,222224; 2,185232
-41,022001; 2,17455
-40,821779; 2,16692
-40,621557; 2,15929
-40,421335; 2,154712
-40,221113; 2,145556
-40,02089; 2,134874
-39,820668; 2,131822
-39,620446; 2,12877
-39,420224; 2,119614
-39,220001; 2,116562
-39,019779; 2,110458
-38,819557; 2,096724
-38,619335; 2,096724
-38,419113; 2,079938
-38,21889; 2,079938
-38,018668; 2,076886
-37,818446; 2,066204
-37,618224; 2,0601
-37,418001; 2,057048
-37,217779; 2,047892
-37,017557; 2,046366
-36,817335; 2,03721
-36,617112; 2,028054
-36,41689; 2,028054
-36,216668; 2,012794
-36,016446; 2,015846
-35,816224; 2,00669
-35,616001; 1,996008
-35,415779; 1,994482
-35,215557; 1,985326
-35,015335; 1,982274
-34,815112; 1,97617
-34,61489; 1,970066
-34,414668; 1,967014
-34,214446; 1,956332
-34,014224; 1,950228
-33,814001; 1,94565
-33,613779; 1,934968
-33,413557; 1,93039
-33,213335; 1,921234
-33,013112; 1,912078
-32,81289; 1,912078
-32,612668; 1,904448
-32,412446; 1,902922
-32,212224; 1,893766
-32,012001; 1,88461
-31,811779; 1,880032
-31,611557; 1,873928
-31,411335; 1,870876
-31,211112; 1,857142
-31,01089; 1,851038
-30,810668; 1,84646
-30,610446; 1,843408
-30,410224; 1,835778
-30,210001; 1,826622
-30,009779; 1,818992
-29,809557; 1,809836
-29,609335; 1,80831
-29,409112; 1,799154
-29,20889; 1,791524
-29,008668; 1,791524
-28,808446; 1,78542
-28,608224; 1,77016
-28,408001; 1,774738
-28,207779; 1,759478
-28,007557; 1,7549
-27,807335; 1,757952
-27,607112; 1,73964
-27,40689; 1,742692
-27,206668; 1,735062
-27,006446; 1,722854
-26,806224; 1,722854
-26,606001; 1,710646
-26,405779; 1,699964
-26,205557; 1,706068
-26,005335; 1,695386
-25,805112; 1,68623
-25,60489; 1,687756
-25,404668; 1,672496
-25,204446; 1,67097
-25,004223; 1,660288
-24,804001; 1,652658
-24,603779; 1,646554
-24,403557; 1,637398
-24,203335; 1,637398
-24,003112; 1,626716
-23,80289; 1,620612
-23,602668; 1,61756
-23,402446; 1,612982
-23,202223; 1,603826
-23,002001; 1,59467
-22,801779; 1,583988
-22,601557; 1,580936
-22,401335; 1,57941
-22,201112; 1,565676
-22,00089; 1,567202
-21,800668; 1,554994
-21,600446; 1,553468
-21,400223; 1,545838
-21,200001; 1,53363
-20,999779; 1,530578
-20,799557; 1,526
-20,599335; 1,521422
-20,399112; 1,512266
-20,19889; 1,501584
-19,998668; 1,50311
-19,798446; 1,497006
-19,598223; 1,486324
-19,398001; 1,483272
-19,197779; 1,474116
-18,997557; 1,466486
-18,797335; 1,468012
-18,597112; 1,451226
-18,39689; 1,445122
-18,196668; 1,439018
-17,996446; 1,425284
-17,796223; 1,428336
-17,596001; 1,416128
-17,395779; 1,408498
-17,195557; 1,413076
-16,995335; 1,405446
-16,795112; 1,399342
-16,59489; 1,393238
-16,394668; 1,379504
-16,194446; 1,385608
-15,994223; 1,368822
-15,794001; 1,364244
-15,593779; 1,356614
-15,393557; 1,344406
-15,193335; 1,34288
-14,993112; 1,32762
-14,79289; 1,324568
-14,592668; 1,316938
-14,392446; 1,315412
-14,192223; 1,306256
-13,992001; 1,298626
-13,791779; 1,294048
-13,591557; 1,284892
-13,391335; 1,28184
-13,191112; 1,27421
-12,99089; 1,269632
-12,790668; 1,265054
-12,590446; 1,25895
-12,390223; 1,25132
-12,190001; 1,246742
-11,989779; 1,23606
-11,789557; 1,229956
-11,589334; 1,225378
-11,389112; 1,211644
-11,18889; 1,208592
-10,988668; 1,202488
-10,788446; 1,200962
-10,588223; 1,19028
-10,388001; 1,187228
-10,187779; 1,17502
-9,9875567; 1,16739
-9,7873345; 1,168916
-9,5871122; 1,147552
-9,38689; 1,15213
-9,1866678; 1,146026
-8,9864456; 1,130766
-8,7862234; 1,130766
-8,5860011; 1,123136
-8,3857789; 1,109402
-8,1855567; 1,110928
-7,9853345; 1,100246
-7,7851122; 1,097194
-7,58489; 1,092616
-7,3846678; 1,081934
-7,1844456; 1,080408
-6,9842233; 1,065148
-6,7840011; 1,063622
-6,5837789; 1,055992
-6,3835567; 1,043784
-6,1833344; 1,048362
-5,9831122; 1,036154
-5,78289; 1,033102
-5,5826678; 1,025472
-5,3824455; 1,016316
-5,1822233; 1,008686
-4,9820011; 0,99952999
-4,7817789; 0,98732199
-4,5815566; 0,98732199
-4,3813344; 0,98426999
-4,1811122; 0,97511399
-3,98089; 0,97206199
-3,7806678; 0,97206199
-3,5804455; 0,96748399
-3,3802233; 0,95832799
-3,1800011; 0,95069799
-2,9797789; 0,93696399
-2,7795566; 0,93391199
-2,5793344; 0,92933399
-2,3791122; 0,91102199
-2,17889; 0,91407399
-1,9786677; 0,90033999
-1,7784455; 0,88813199
-1,5782233; 0,88660599
-1,3780011; 0,88050199
-1,1777788; 0,86829399
-0,97755662; 0,86676799
-0,77733439; 0,86676799
-0,57711217; 0,84998199
-0,37688994; 0,84692999
-0,17666772; 0,84082599
0,023554504; 0,83319599
0,22377673; 0,82709199
0,42399895; 0,81946199
0,62422118; 0,81183199
0,8244434; 0,80725399
1,0246656; 0,80267599
1,2248878; 0,79351999
1,4251101; 0,78741599
1,6253323; 0,78436399
1,8255545; 0,77520799
2,0257767; 0,76757799
2,225999; 0,76299999
2,4262212; 0,75689599
2,6264434; 0,75689599
2,8266656; 0,75079199
3,0268879; 0,73705799
3,2271101; 0,73705799
3,4273323; 0,72027199
3,6275545; 0,71416799
3,8277768; 0,70501199
4,027999; 0,69890799
4,2282212; 0,69585599
4,4284434; 0,68669999
4,6286657; 0,68975199
4,8288879; 0,67601799
5,0291101; 0,66838799
5,2293323; 0,66380999
5,4295546; 0,65007599
5,6297768; 0,64854999
5,829999; 0,64854999
6,0302212; 0,63481599
6,2304434; 0,63176399
6,4306657; 0,62871199
6,6308879; 0,61192599
6,8311101; 0,61650399
7,0313323; 0,60276999
7,2315546; 0,59666599
7,4317768; 0,59208799
7,631999; 0,58293199
7,8322212; 0,57987999
8,0324435; 0,57682799
8,2326657; 0,56614599
8,4328879; 0,55546399
8,6331101; 0,55241199
8,8333324; 0,53715199
9,0335546; 0,53562599
9,2337768; 0,53104799
9,433999; 0,52189199
9,6342213; 0,51120999
9,8344435; 0,50815799
10,034666; 0,50663199
10,234888; 0,49442399
10,43511; 0,49289799
10,635332; 0,48679399
10,835555; 0,48068999
11,035777; 0,47000799
11,235999; 0,46695599
11,436221; 0,45779999
11,636443; 0,45169599
11,836666; 0,44711799
12,036888; 0,43796199
12,23711; 0,43338399
12,437332; 0,42880599
12,637555; 0,42270199
12,837777; 0,41507199
13,037999; 0,40591599
13,238221; 0,39828599
13,438444; 0,39370799
13,638666; 0,38760399
13,838888; 0,37386999
14,03911; 0,37081799
14,239332; 0,36623999
14,439555; 0,35708399
14,639777; 0,35250599
14,839999; 0,347928
15,040221; 0,341824
15,240444; 0,334194
15,440666; 0,331142
15,640888; 0,318934
15,84111; 0,318934
16,041332; 0,311304
16,241555; 0,303674
16,441777; 0,29757
16,641999; 0,286888
16,842221; 0,28231
17,042444; 0,27468
17,242666; 0,271628
17,442888; 0,260946
17,64311; 0,257894
17,843332; 0,250264
18,043555; 0,245686
18,243777; 0,239582
18,443999; 0,227374
18,644221; 0,222796
18,844444; 0,218218
19,044666; 0,21364
19,244888; 0,209062
19,44511; 0,199906
19,645332; 0,193802
19,845555; 0,187698
20,045777; 0,178542
20,245999; 0,172438
20,446221; 0,161756
20,646444; 0,157178
20,846666; 0,155652
21,046888; 0,138866
21,24711; 0,138866
21,447332; 0,128184
21,647555; 0,123606
21,847777; 0,117502
22,047999; 0,10682
22,248221; 0,108346
22,448444; 0,100716
22,648666; 0,099189999
22,848888; 0,086981999
23,04911; 0,080877999
23,249332; 0,077825999
23,449555; 0,070195999
23,649777; 0,059513999
23,849999; 0,062565999
24,050221; 0,047305999
24,250444; 0,041201999
24,450666; 0,041201999
24,650888; 0,025942
24,85111; 0,027468
25,051333; 0,016786
25,251555; 0,0076299999
25,451777; 0,0061039999
25,651999; -0,0076299999
25,852221; -0,010682
26,052444; -0,018312
26,252666; -0,021364
26,452888; -0,024416
26,65311; -0,035097999
26,853333; -0,038149999
27,053555; -0,041201999
27,253777; -0,053409999
27,453999; -0,051883999
27,654221; -0,067143999
27,854444; -0,073247999
28,054666; -0,071721999
28,254888; -0,090033999
28,45511; -0,091559999
28,655333; -0,096137999
28,855555; -0,100716
29,055777; -0,103768
29,255999; -0,11445
29,456221; -0,115976
29,656444; -0,119028
29,856666; -0,131236
30,056888; -0,13734
30,25711; -0,146496
30,457333; -0,157178
30,657555; -0,157178
30,857777; -0,170912
31,057999; -0,177016
31,258221; -0,18312
31,458444; -0,189224
31,658666; -0,193802
31,858888; -0,209062
32,05911; -0,209062
32,259333; -0,212114
32,459555; -0,218218
32,659777; -0,224322
32,859999; -0,230426
33,060221; -0,23653
33,260444; -0,245686
33,460666; -0,247212
33,660888; -0,265524
33,86111; -0,270102
34,061333; -0,270102
34,261555; -0,280784
34,461777; -0,280784
34,661999; -0,286888
34,862221; -0,300622
35,062444; -0,300622
35,262666; -0,3052
35,462888; -0,32046
35,66311; -0,321986
35,863333; -0,332668
36,063555; -0,33572
36,263777; -0,340298
36,463999; -0,349454
36,664221; -0,35708399
36,864444; -0,36166199
37,064666; -0,36318799
37,264888; -0,37386999
37,46511; -0,37692199
37,665333; -0,38455199
37,865555; -0,38912999
38,065777; -0,39523399
38,265999; -0,41049399
38,466222; -0,41354599
38,666444; -0,41964999
38,866666; -0,42575399
39,066888; -0,43033199
39,26711; -0,43796199
39,467333; -0,44101399
39,667555; -0,44864399
39,867777; -0,45627399
40,067999; -0,46085199
40,268222; -0,47153399
40,468444; -0,47916399
40,668666; -0,48221599
40,868888; -0,49289799
41,06911; -0,49594999
41,269333; -0,50357999
41,469555; -0,50357999
41,669777; -0,51120999
41,869999; -0,51883999
42,070222; -0,52952199
42,270444; -0,53562599
42,470666; -0,53562599
42,670888; -0,54630799
42,87111; -0,55241199
43,071333; -0,55241199
43,271555; -0,56004199
43,471777; -0,56767199
43,671999; -0,57072399
43,872222; -0,58598399
44,072444; -0,58598399
44,272666; -0,59056199
44,472888; -0,60582199
44,67311; -0,60124399
44,873333; -0,61345199
45,073555; -0,62108199
45,273777; -0,61955599
45,473999; -0,63481599
45,674222; -0,63634199
45,874444; -0,64549799
46,074666; -0,65465399
46,274888; -0,65770599
46,47511; -0,66380999
46,675333; -0,66991399
46,875555; -0,67449199
47,075777; -0,68517399
47,275999; -0,68669999
47,476222; -0,70043399
47,676444; -0,70043399
47,876666; -0,70195999
48,076888; -0,71416799
48,27711; -0,71721999
48,477333; -0,72332399
48,677555; -0,72790199
48,877777; -0,73705799
49,077999; -0,74316199
49,278222; -0,74926599
49,478444; -0,75384399
49,678666; -0,75689599
49,878888; -0,76757799
50,079111; -0,76910399
50,279333; -0,77520799
50,479555; -0,78588999
50,679777; -0,78894199
50,879999; -0,79809799
51,080222; -0,80572799
51,280444; -0,80877999
51,480666; -0,81488399
51,680888; -0,82251399
51,881111; -0,82556599
52,081333; -0,83166999
52,281555; -0,83777399
52,481777; -0,84387799
52,681999; -0,84998199
52,882222; -0,85608599
53,082444; -0,86371599
53,282666; -0,86829399
53,482888; -0,87287199
53,683111; -0,87592399
53,883333; -0,88507999
54,083555; -0,89270999
54,283777; -0,89728799
54,483999; -0,90491799
54,684222; -0,91102199
54,884444; -0,91559999
55,084666; -0,91865199
55,284888; -0,92933399
55,485111; -0,93238599
55,685333; -0,93848999
55,885555; -0,94306799
56,085777; -0,94917199
56,285999; -0,95069799
56,486222; -0,95985399
56,686444; -0,96595799
56,886666; -0,96748399
57,086888; -0,97511399
57,287111; -0,84387799
57,487333; -0,84387799
57,687555; -0,84387799
57,887777; -0,84387799
58,087999; -0,84235199
58,288222; -0,84387799
58,488444; -0,84387799
58,688666; -0,84387799
58,888888; -0,84082599
59,089111; -0,84235199
59,289333; -0,84082599
59,489555; -0,84235199
59,689777; -0,84235199
59,889999; -0,84235199
60,090222; -0,84235199
60,290444; -0,84235199
60,490666; -0,84082599
60,690888; -0,84235199
60,891111; -0,84235199
61,091333; -0,84082599
61,291555; -0,84235199
61,491777; -0,84082599
61,691999; -0,84082599
61,892222; -0,84235199
62,092444; -0,84235199
62,292666; -0,84082599
62,492888; -0,84082599
62,693111; -0,84082599
62,893333; -0,84082599
63,093555; -0,84082599
63,293777; -0,84082599
63,494; -0,84082599
63,694222; -0,84082599
63,894444; -0,84235199
64,094666; -0,84082599
64,294888; -0,84235199
64,495111; -0,84082599
64,695333; -0,84082599
64,895555; -0,84082599
65,095777; -0,84082599
65,296; -0,84082599
65,496222; -0,84082599
65,696444; -0,84082599
65,896666; -0,84082599
66,096888; -0,84082599
66,297111; -0,83929999
66,497333; -0,84082599
66,697555; -0,84082599
66,897777; -0,83929999
67,098; -0,84082599
67,298222; -0,83929999
67,498444; -0,83929999
67,698666; -0,83929999
67,898888; -0,83929999
68,099111; -0,84082599
68,299333; -0,84082599
68,499555; -0,84082599
68,699777; -0,83777399
68,9; -0,83929999
69,100222; -0,83929999
69,300444; -0,84082599
69,500666; -0,83929999
69,700888; -0,84082599
69,901111; -0,84082599
70,101333; -0,84082599
70,301555; -0,83929999
70,501777; -0,83929999
70,702; -0,83929999
70,902222; -0,83929999
71,102444; -0,83929999
71,302666; -0,83929999
71,502888; -0,83929999
71,703111; -0,83929999
71,903333; -0,83929999
72,103555; -0,83929999
72,303777; -0,83929999
72,504; -0,83929999
72,704222; -0,83929999
72,904444; -0,83929999
73,104666; -0,83929999
73,304888; -0,83929999
73,505111; -0,83929999
73,705333; -0,83929999
73,905555; -0,83777399
74,105777; -0,83777399
74,306; -0,83929999
74,506222; -0,83929999
74,706444; -0,83929999
74,906666; -0,83929999
75,106889; -0,83929999
75,307111; -0,83777399
75,507333; -0,83777399
75,707555; -0,83929999
75,907777; -0,83929999
76,108; -0,83929999
76,308222; -0,83929999
76,508444; -0,83929999
76,708666; -0,83777399
76,908889; -0,84082599
77,109111; -0,83929999
77,309333; -0,83777399
77,509555; -0,83929999
77,709777; -0,83777399
77,91; -0,83777399
78,110222; -0,83929999
78,310444; -0,83777399
78,510666; -0,83777399
78,710889; -0,83777399
78,911111; -0,83777399
79,111333; -0,83929999
79,311555; -0,83777399
79,511777; -0,83777399
79,712; -0,83777399
79,912222; -0,83929999
80,112444; -0,83624799
80,312666; -0,83624799
80,512889; -0,83777399
80,713111; -0,83777399
80,913333; -0,83624799
81,113555; -0,83624799
81,313777; -0,83777399
81,514; -0,83777399
81,714222; -0,83777399
81,914444; -0,83929999
82,114666; -0,83777399
82,314889; -0,83777399
82,515111; -0,83777399
82,715333; -0,83777399
82,915555; -0,83777399
83,115777; -0,83777399
83,316; -0,83777399
83,516222; -0,83777399
83,716444; -0,83777399
83,916666; -0,83777399
84,116889; -0,83777399
84,317111; -0,83624799
84,517333; -0,83777399
84,717555; -0,83777399
84,917777; -0,83624799
85,118; -0,83624799
85,318222; -0,83777399
85,518444; -0,83777399
85,718666; -0,83624799
85,918889; -0,83777399
86,119111; -0,83624799
86,319333; -0,83624799
86,519555; -0,83624799
86,719777; -0,83777399
86,92; -0,83777399
87,120222; -0,83777399
87,320444; -0,83624799
87,520666; -0,83777399
87,720889; -0,83624799
87,921111; -0,83624799
88,121333; -0,83777399
88,321555; -0,83624799
88,521778; -0,83624799
88,722; -0,83624799
88,922222; -0,83624799
89,122444; -0,83624799
89,322666; -0,83624799
89,522889; -0,83624799
89,723111; -0,83777399
89,923333; -0,83777399
90,123555; -0,83624799
90,323778; -0,83472199
90,524; -0,83624799
90,724222; -0,83624799
90,924444; -0,83624799
91,124666; -0,83624799
91,324889; -0,83777399
91,525111; -0,83472199
91,725333; -0,83624799
91,925555; -0,83472199
92,125778; -0,83624799
92,326; -0,83472199
92,526222; -0,83624799
92,726444; -0,83472199
92,926666; -0,83624799
93,126889; -0,83624799
93,327111; -0,83472199
93,527333; -0,83624799
93,727555; -0,83472199
93,927778; -0,83624799
94,128; -0,83624799
94,328222; -0,83472199
94,528444; -0,83319599
94,728666; -0,83472199
94,928889; -0,83472199
95,129111; -0,83472199
95,329333; -0,83624799
95,529555; -0,83472199
95,729778; -0,83472199
95,93; -0,83472199
96,130222; -0,83472199
96,330444; -0,83472199
96,530666; -0,83624799
96,730889; -0,83319599
96,931111; -0,83472199
97,131333; -0,83624799
97,331555; -0,83472199
97,531778; -0,83472199
97,732; -0,83624799
97,932222; -0,83624799
98,132444; -0,83319599
98,332666; -0,83472199
98,532889; -0,83472199
98,733111; -0,83472199
98,933333; -0,83472199
99,133555; -0,83472199
99,333778; -0,83472199
99,534; -0,83472199
99,734222; -0,83319599
99,934444; -0,83319599
100,13467; -0,83319599
100,33489; -0,83472199
100,53511; -0,83319599
100,73533; -0,83319599
100,93556; -0,83319599
101,13578; -0,83319599
101,336; -0,83319599
101,53622; -0,83319599
101,73644; -0,83166999
101,93667; -0,83166999
102,13689; -0,83319599
102,33711; -0,83319599
102,53733; -0,83319599
102,73756; -0,83319599
102,93778; -0,83319599
103,138; -0,83319599
103,33822; -0,83319599
103,53844; -0,83319599
103,73867; -0,83319599
103,93889; -0,83319599
104,13911; -0,83166999
104,33933; -0,83166999
104,53956; -0,83319599
104,73978; -0,83319599
104,94; -0,83319599
105,14022; -0,83166999
105,34044; -0,83319599
105,54067; -0,83166999
105,74089; -0,83166999
105,94111; -0,83319599
106,14133; -0,83319599
106,34156; -0,83319599
106,54178; -0,83166999
106,742; -0,83166999
106,94222; -0,83166999
107,14244; -0,83319599
107,34267; -0,83014399
107,54289; -0,83166999
107,74311; -0,83014399
107,94333; -0,83014399
108,14356; -0,83319599
108,34378; -0,83319599
108,544; -0,83319599
108,74422; -0,83166999
108,94444; -0,83166999
109,14467; -0,83166999
109,34489; -0,83166999
109,54511; -0,83319599
109,74533; -0,83166999
109,94556; -0,83166999
110,14578; -0,83166999
110,346; -0,83166999
110,54622; -0,83166999
110,74644; -0,83166999
110,94667; -0,83166999
111,14689; -0,83319599
111,34711; -0,83166999
111,54733; -0,83166999
111,74756; -0,83166999
111,94778; -0,83014399
112,148; -0,83014399
112,34822; -0,83166999
112,54844; -0,83166999
112,74867; -0,83319599
112,94889; -0,83319599
113,14911; -0,83014399
113,34933; -0,83166999
113,54956; -0,83166999
113,74978; -0,83166999
113,95; -0,83014399
114,15022; -0,83166999
114,35044; -0,83014399
114,55067; -0,83166999
114,75089; -0,83166999
114,95111; -0,83166999
115,15133; -0,83166999
115,35156; -0,83014399
115,55178; -0,83014399
115,752; -0,83166999
115,95222; -0,83166999
116,15244; -0,82861799
116,35267; -0,83014399
116,55289; -0,83014399
116,75311; -0,83166999
116,95333; -0,83014399
117,15356; -0,82861799
117,35378; -0,82861799
117,554; -0,83014399
117,75422; -0,82861799
117,95444; -0,83014399
118,15467; -0,83014399
118,35489; -0,82861799
118,55511; -0,83166999
118,75533; -0,83014399
118,95556; -0,82861799
119,15578; -0,82861799
119,356; -0,83014399
119,55622; -0,82861799
119,75644; -0,83014399
119,95667; -0,83014399
120,15689; -0,82861799
120,35711; -0,82861799
120,55733; -0,83014399
120,75756; -0,82861799
120,95778; -0,83014399
121,158; -0,82861799
121,35822; -0,83014399
121,55844; -0,82861799
121,75867; -0,82861799
121,95889; -0,83014399
122,15911; -0,82861799
122,35933; -0,82861799
122,55956; -0,83014399
122,75978; -0,82709199
122,96; -0,82709199
123,16022; -0,82709199
123,36044; -0,82861799
123,56067; -0,82861799
123,76089; -0,82861799
123,96111; -0,82861799
124,16133; -0,82861799
124,36156; -0,82861799
124,56178; -0,82861799
124,762; -0,82861799
124,96222; -0,82861799
125,16244; -0,82709199
125,36267; -0,82709199
125,56289; -0,82861799
125,76311; -0,82556599
125,96333; -0,82709199
126,16356; -0,82861799
126,36378; -0,82709199
126,564; -0,82861799
126,76422; -0,82709199
126,96444; -0,82709199
127,16467; -0,82556599
127,36489; -0,82709199
127,56511; -0,82709199
127,76533; -0,82709199
127,96556; -0,82556599
128,16578; -0,82709199
128,366; -0,82709199
128,56622; -0,82709199
128,76644; -0,82861799
128,96667; -0,82709199
129,16689; -0,82709199
129,36711; -0,82556599
129,56733; -0,82709199
129,76756; -0,82709199
129,96778; -0,82709199
130,168; -0,82709199
130,36822; -0,82556599
130,56844; -0,82556599
130,76867; -0,82709199
130,96889; -0,82709199
131,16911; -0,82556599
131,36933; -0,82556599
131,56956; -0,82709199
131,76978; -0,82709199
131,97; -0,82556599
132,17022; -0,82556599
132,37044; -0,82556599
132,57067; -0,82556599
132,77089; -0,82556599
132,97111; -0,82556599
133,17133; -0,82709199
133,37156; -0,82403999
133,57178; -0,82403999
133,772; -0,82403999
133,97222; -0,82403999
134,17244; -0,82403999
134,37267; -0,82403999
134,57289; -0,82403999
134,77311; -0,82403999
134,97333; -0,82556599
135,17356; -0,82403999
135,37378; -0,82709199
135,574; -0,82556599
135,77422; -0,82403999
135,97444; -0,82403999
136,17467; -0,82556599
136,37489; -0,82403999
136,57511; -0,82403999
136,77533; -0,82403999
136,97556; -0,82556599
137,17578; -0,82403999
137,376; -0,82251399
137,57622; -0,82251399
137,77644; -0,82403999
137,97667; -0,82403999
138,17689; -0,82403999
138,37711; -0,82403999
138,57733; -0,82403999
138,77756; -0,82403999
138,97778; -0,82403999
139,178; -0,82251399
139,37822; -0,82251399
139,57844; -0,82251399
139,77867; -0,82403999
139,97889; -0,82403999
140,17911; -0,82403999
140,37933; -0,82403999
140,57956; -0,82251399
140,77978; -0,82251399
140,98; -0,82251399
141,18022; -0,82098799
141,38044; -0,82403999
141,58067; -0,82251399
141,78089; -0,82251399
141,98111; -0,82251399
142,18133; -0,82098799
142,38156; -0,82403999
142,58178; -0,82251399
142,782; -0,82251399
142,98222; -0,82251399
143,18244; -0,82098799
143,38267; -0,82098799
143,58289; -0,82251399
143,78311; -0,82098799
143,98333; -0,82251399
144,18356; -0,82251399
144,38378; -0,82098799
144,584; -0,82251399
144,78422; -0,82098799
144,98444; -0,82251399
145,18467; -0,82098799
145,38489; -0,82098799
145,58511; -0,82098799
145,78533; -0,82098799
145,98556; -0,82251399
146,18578; -0,81946199
146,386; -0,82098799
146,58622; -0,81946199
146,78644; -0,82098799
146,98667; -0,81946199
147,18689; -0,82098799
147,38711; -0,81946199
147,58733; -0,82251399
147,78756; -0,82098799
147,98778; -0,81946199
148,188; -0,81946199
148,38822; -0,81946199
148,58844; -0,81946199
148,78867; -0,81946199
148,98889; -0,81946199
149,18911; -0,82098799
149,38933; -0,81793599
149,58956; -0,82098799
149,78978; -0,81793599
149,99; -0,81793599


Name=DFL (2)
X=Height, nm
Y=DFL, nA
-50,032001; 2,498062
-49,831779; 2,493484
-49,631557; 2,491958
-49,431335; 2,484328
-49,231113; 2,48738
-49,03089; 2,484328
-48,830668; 2,47212
-48,630446; 2,478224
-48,430224; 2,466016
-48,230001; 2,459912
-48,029779; 2,458386
-47,829557; 2,450756
-47,629335; 2,453808
-47,429113; 2,443126
-47,22889; 2,443126
-47,028668; 2,440074
-46,828446; 2,42634
-46,628224; 2,427866
-46,428001; 2,423288
-46,227779; 2,417184
-46,027557; 2,412606
-45,827335; 2,406502
-45,627113; 2,40345
-45,42689; 2,404976
-45,226668; 2,400398
-45,026446; 2,398872
-44,826224; 2,391242
-44,626001; 2,391242
-44,425779; 2,386664
-44,225557; 2,38056
-44,025335; 2,38056
-43,825113; 2,368352
-43,62489; 2,368352
-43,424668; 2,362248
-43,224446; 2,359196
-43,024224; 2,356144
-42,824001; 2,348514
-42,623779; 2,345462
-42,423557; 2,34241
-42,223335; 2,331728
-42,023113; 2,330202
-41,82289; 2,325624
-41,622668; 2,314942
-41,422446; 2,316468
-41,222224; 2,307312
-41,022001; 2,310364
-40,821779; 2,31189
-40,621557; 2,298156
-40,421335; 2,299682
-40,221113; 2,289
-40,02089; 2,282896
-39,820668; 2,284422
-39,620446; 2,272214
-39,420224; 2,26611
-39,220001; 2,267636
-39,019779; 2,260006
-38,819557; 2,260006
-38,619335; 2,249324
-38,419113; 2,253902
-38,21889; 2,246272
-38,018668; 2,237116
-37,818446; 2,238642
-37,618224; 2,229486
-37,418001; 2,22033
-37,217779; 2,218804
-37,017557; 2,209648
-36,817335; 2,206596
-36,617112; 2,200492
-36,41689; 2,19744
-36,216668; 2,19744
-36,016446; 2,188284
-35,816224; 2,186758
-35,616001; 2,180654
-35,415779; 2,169972
-35,215557; 2,171498
-35,015335; 2,163868
-34,815112; 2,153186
-34,61489; 2,157764
-34,414668; 2,14403
-34,214446; 2,142504
-34,014224; 2,142504
-33,814001; 2,127244
-33,613779; 2,12877
-33,413557; 2,12114
-33,213335; 2,119614
-33,013112; 2,111984
-32,81289; 2,104354
-32,612668; 2,102828
-32,412446; 2,095198
-32,212224; 2,089094
-32,012001; 2,076886
-31,811779; 2,061626
-31,611557; 2,069256
-31,411335; 2,053996
-31,211112; 2,050944
-31,01089; 2,05247
-30,810668; 2,035684
-30,610446; 2,041788
-30,410224; 2,02958
-30,210001; 2,018898
-30,009779; 2,025002
-29,809557; 2,012794
-29,609335; 2,008216
-29,409112; 2,00669
-29,20889; 1,99906
-29,008668; 1,994482
-28,808446; 1,988378
-28,608224; 1,97617
-28,408001; 1,971592
-28,207779; 1,962436
-28,007557; 1,957858
-27,807335; 1,954806
-27,607112; 1,942598
-27,40689; 1,942598
-27,206668; 1,936494
-27,006446; 1,928864
-26,806224; 1,924286
-26,606001; 1,912078
-26,405779; 1,910552
-26,205557; 1,902922
-26,005335; 1,895292
-25,805112; 1,895292
-25,60489; 1,880032
-25,404668; 1,878506
-25,204446; 1,870876
-25,004223; 1,858668
-24,804001; 1,858668
-24,603779; 1,847986
-24,403557; 1,843408
-24,203335; 1,840356
-24,003112; 1,82357
-23,80289; 1,828148
-23,602668; 1,81594
-23,402446; 1,80831
-23,202223; 1,811362
-23,002001; 1,799154
-22,801779; 1,794576
-22,601557; 1,79305
-22,401335; 1,773212
-22,201112; 1,771686
-22,00089; 1,765582
-21,800668; 1,750322
-21,600446; 1,7549
-21,400223; 1,738114
-21,200001; 1,741166
-20,999779; 1,73964
-20,799557; 1,72438
-20,599335; 1,727432
-20,399112; 1,710646
-20,19889; 1,706068
-19,998668; 1,704542
-19,798446; 1,696912
-19,598223; 1,690808
-19,398001; 1,6786
-19,197779; 1,680126
-18,997557; 1,674022
-18,797335; 1,660288
-18,597112; 1,660288
-18,39689; 1,649606
-18,196668; 1,643502
-17,996446; 1,641976
-17,796223; 1,62519
-17,596001; 1,629768
-17,395779; 1,616034
-17,195557; 1,612982
-16,995335; 1,614508
-16,795112; 1,59467
-16,59489; 1,600774
-16,394668; 1,58704
-16,194446; 1,580936
-15,994223; 1,57941
-15,794001; 1,558046
-15,593779; 1,553468
-15,393557; 1,550416
-15,193335; 1,535156
-14,993112; 1,532104
-14,79289; 1,529052
-14,592668; 1,522948
-14,392446; 1,521422
-14,192223; 1,513792
-13,992001; 1,509214
-13,791779; 1,500058
-13,591557; 1,490902
-13,391335; 1,48785
-13,191112; 1,478694
-12,99089; 1,474116
-12,790668; 1,46496
-12,590446; 1,45733
-12,390223; 1,454278
-12,190001; 1,440544
-11,989779; 1,439018
-11,789557; 1,42681
-11,589334; 1,422232
-11,389112; 1,41918
-11,18889; 1,41155
-10,988668; 1,413076
-10,788446; 1,40392
-10,588223; 1,39629
-10,388001; 1,387134
-10,187779; 1,382556
-9,9875567; 1,377978
-9,7873345; 1,36577
-9,5871122; 1,361192
-9,38689; 1,35814
-9,1866678; 1,35051
-8,9864456; 1,34288
-8,7862234; 1,33525
-8,5860011; 1,32762
-8,3857789; 1,321516
-8,1855567; 1,313886
-7,9853345; 1,309308
-7,7851122; 1,300152
-7,58489; 1,2971
-7,3846678; 1,287944
-7,1844456; 1,277262
-6,9842233; 1,269632
-6,7840011; 1,265054
-6,5837789; 1,254372
-6,3835567; 1,252846
-6,1833344; 1,249794
-5,9831122; 1,242164
-5,78289; 1,240638
-5,5826678; 1,226904
-5,3824455; 1,2208
-5,1822233; 1,21317
-4,9820011; 1,208592
-4,7817789; 1,196384
-4,5815566; 1,188754
-4,3813344; 1,19028
-4,1811122; 1,173494
-3,98089; 1,176546
-3,7806678; 1,16739
-3,5804455; 1,15976
-3,3802233; 1,156708
-3,1800011; 1,1445
-2,9797789; 1,13687
-2,7795566; 1,138396
-2,5793344; 1,126188
-2,3791122; 1,118558
-2,17889; 1,11398
-1,9786677; 1,101772
-1,7784455; 1,100246
-1,5782233; 1,09109
-1,3780011; 1,081934
-1,1777788; 1,081934
-0,97755662; 1,072778
-0,77733439; 1,0682
-0,57711217; 1,057518
-0,37688994; 1,05294
-0,17666772; 1,048362
0,023554504; 1,043784
0,22377673; 1,036154
0,42399895; 1,031576
0,62422118; 1,020894
0,8244434; 1,013264
1,0246656; 1,004108
1,2248878; 0,99647799
1,4251101; 0,99495199
1,6253323; 0,97969199
1,8255545; 0,97663999
2,0257767; 0,97206199
2,225999; 0,96443199
2,4262212; 0,96137999
2,6264434; 0,95527599
2,8266656; 0,94611999
3,0268879; 0,94001599
3,2271101; 0,93391199
3,4273323; 0,92780799
3,6275545; 0,92322999
3,8277768; 0,91407399
4,027999; 0,90796999
4,2282212; 0,89881399
4,4284434; 0,89118399
4,6286657; 0,88050199
4,8288879; 0,87439799
5,0291101; 0,87287199
5,2293323; 0,86676799
5,4295546; 0,85761199
5,6297768; 0,85608599
5,829999; 0,84692999
6,0302212; 0,83777399
6,2304434; 0,83014399
6,4306657; 0,82251399
6,6308879; 0,81335799
6,8311101; 0,81030599
7,0313323; 0,80572799
7,2315546; 0,79809799
7,4317768; 0,79809799
7,631999; 0,78131199
7,8322212; 0,77520799
8,0324435; 0,76910399
8,2326657; 0,75231799
8,4328879; 0,75384399
8,6331101; 0,74621399
8,8333324; 0,74163599
9,0335546; 0,74163599
9,2337768; 0,72484999
9,433999; 0,72790199
9,6342213; 0,71264199
9,8344435; 0,70195999
10,034666; 0,70501199
10,234888; 0,68975199
10,43511; 0,68822599
10,635332; 0,68517399
10,835555; 0,67296599
11,035777; 0,67296599
11,235999; 0,65923199
11,436221; 0,64854999
11,636443; 0,64854999
11,836666; 0,63786799
12,036888; 0,63328999
12,23711; 0,63023799
12,437332; 0,62260799
12,637555; 0,62108199
12,837777; 0,60887399
13,037999; 0,59971799
13,238221; 0,59208799
13,438444; 0,58140599
13,638666; 0,57987999
13,838888; 0,56919799
14,03911; 0,56767199
14,239332; 0,55393799
14,439555; 0,55088599
14,639777; 0,54630799
14,839999; 0,54020399
15,040221; 0,53562599
15,240444; 0,53104799
15,440666; 0,52189199
15,640888; 0,51578799
15,84111; 0,50815799
16,041332; 0,49442399
16,241555; 0,49442399
16,441777; 0,47916399
16,641999; 0,47611199
16,842221; 0,46848199
17,042444; 0,46085199
17,242666; 0,46085199
17,442888; 0,45322199
17,64311; 0,44864399
17,843332; 0,43490999
18,043555; 0,42880599
18,243777; 0,41812399
18,443999; 0,41507199
18,644221; 0,40896799
18,844444; 0,39981199
19,044666; 0,39523399
19,244888; 0,39065599
19,44511; 0,38607799
19,645332; 0,37844799
19,845555; 0,37081799
20,045777; 0,36471399
20,245999; 0,35708399
20,446221; 0,347928
20,646444; 0,346402
20,846666; 0,337246
21,046888; 0,329616
21,24711; 0,321986
21,447332; 0,31283
21,647555; 0,311304
21,847777; 0,302148
22,047999; 0,29757
22,248221; 0,292992
22,448444; 0,280784
22,648666; 0,279258
22,848888; 0,26705
23,04911; 0,260946
23,249332; 0,256368
23,449555; 0,247212
23,649777; 0,241108
23,849999; 0,235004
24,050221; 0,2289
24,250444; 0,225848
24,450666; 0,212114
24,650888; 0,199906
24,85111; 0,196854
25,051333; 0,18312
25,251555; 0,180068
25,451777; 0,178542
25,651999; 0,166334
25,852221; 0,16786
26,052444; 0,161756
26,252666; 0,155652
26,452888; 0,146496
26,65311; 0,132762
26,853333; 0,131236
27,053555; 0,125132
27,253777; 0,115976
27,453999; 0,112924
27,654221; 0,102242
27,854444; 0,096137999
28,054666; 0,086981999
28,254888; 0,080877999
28,45511; 0,083929999
28,655333; 0,065617999
28,855555; 0,065617999
29,055777; 0,054935999
29,255999; 0,045779999
29,456221; 0,042727999
29,656444; 0,03052
29,856666; 0,028994
30,056888; 0,02289
30,25711; 0,01526
30,457333; 0,013734
30,657555; 0
30,857777; -0,003052
31,057999; -0,0091559999
31,258221; -0,02289
31,458444; -0,02289
31,658666; -0,033572
31,858888; -0,039675999
32,05911; -0,042727999
32,259333; -0,051883999
32,459555; -0,053409999
32,659777; -0,068669999
32,859999; -0,079351999
33,060221; -0,079351999
33,260444; -0,094611999
33,460666; -0,094611999
33,660888; -0,099189999
33,86111; -0,102242
34,061333; -0,105294
34,261555; -0,117502
34,461777; -0,123606
34,661999; -0,132762
34,862221; -0,14497
35,062444; -0,14497
35,262666; -0,158704
35,462888; -0,163282
35,66311; -0,161756
35,863333; -0,181594
36,063555; -0,17549
36,263777; -0,192276
36,463999; -0,202958
36,664221; -0,199906
36,864444; -0,219744
37,064666; -0,21364
37,264888; -0,22127
37,46511; -0,231952
37,665333; -0,235004
37,865555; -0,253316
38,065777; -0,253316
38,265999; -0,260946
38,466222; -0,271628
38,666444; -0,26705
38,866666; -0,285362
39,066888; -0,283836
39,26711; -0,292992
39,467333; -0,309778
39,667555; -0,3052
39,867777; -0,318934
40,067999; -0,323512
40,268222; -0,32046
40,468444; -0,337246
40,668666; -0,338772
40,868888; -0,35250599
41,06911; -0,36166199
41,269333; -0,36471399
41,469555; -0,37692199
41,669777; -0,37997399
41,869999; -0,38455199
42,070222; -0,39218199
42,270444; -0,38912999
42,470666; -0,40133799
42,670888; -0,40744199
42,87111; -0,41507199
43,071333; -0,42880599
43,271555; -0,43033199
43,471777; -0,44101399
43,671999; -0,44559199
43,872222; -0,45016999
44,072444; -0,45932599
44,272666; -0,46390399
44,472888; -0,47458599
44,67311; -0,47458599
44,873333; -0,48221599
45,073555; -0,48984599
45,273777; -0,49594999
45,473999; -0,50510599
45,674222; -0,51120999
45,874444; -0,51731399
46,074666; -0,52494399
46,274888; -0,53104799
46,47511; -0,53867799
46,675333; -0,54478199
46,875555; -0,55241199
47,075777; -0,55851599
47,275999; -0,56461999
47,476222; -0,57377599
47,676444; -0,57835399
47,876666; -0,58903599
48,076888; -0,59666599
48,27711; -0,59361399
48,477333; -0,60429599
48,677555; -0,60429599
48,877777; -0,61955599
49,077999; -0,62871199
49,278222; -0,63176399
49,478444; -0,64244599
49,678666; -0,65007599
49,878888; -0,65312799
50,079111; -0,66075799
50,279333; -0,66228399
50,479555; -0,66991399
50,679777; -0,67754399
50,879999; -0,68364799
51,080222; -0,69738199
51,280444; -0,70195999
51,480666; -0,70653799
51,680888; -0,71569399
51,881111; -0,71874599
52,081333; -0,72790199
52,281555; -0,73247999
52,481777; -0,73705799
52,681999; -0,74621399
52,882222; -0,74926599
53,082444; -0,75842199
53,282666; -0,76605199
53,482888; -0,77062999
53,683111; -0,77520799
53,883333; -0,78283799
54,083555; -0,78894199
54,283777; -0,79657199
54,483999; -0,80420199
54,684222; -0,80877999
54,884444; -0,81946199
55,084666; -0,82556599
55,284888; -0,82861799
55,485111; -0,83472199
55,685333; -0,84387799
55,885555; -0,84845599
56,085777; -0,85913799
56,285999; -0,86066399
56,486222; -0,86829399
56,686444; -0,87592399
56,886666; -0,88202799
57,086888; -0,88813199
57,287111; -0,88965799
57,487333; -0,90186599
57,687555; -0,90339199
57,887777; -0,91102199
58,087999; -0,91865199
58,288222; -0,92475599
58,488444; -0,93085999
58,688666; -0,93696399
58,888888; -0,94764599
59,089111; -0,94917199
59,289333; -0,95680199
59,489555; -0,96290599
59,689777; -0,97053599
59,889999; -0,97511399
60,090222; -0,98274399
60,290444; -0,98579599
60,490666; -0,99495199
60,690888; -1,002582
60,891111; -1,002582
61,091333; -1,013264
61,291555; -1,013264
61,491777; -1,02242
61,691999; -1,028524
61,892222; -1,034628
62,092444; -1,039206
62,292666; -1,046836
62,492888; -1,049888
62,693111; -1,054466
62,893333; -1,055992
63,093555; -1,055992
63,293777; -1,051414
63,494; -1,036154
63,694222; -1,03005
63,894444; -1,023946
64,094666; -1,020894
64,294888; -1,016316
64,495111; -1,013264
64,695333; -1,008686
64,895555; -1,004108
65,095777; -0,99952999
65,296; -0,99800399
65,496222; -0,99495199
65,696444; -0,98884799
65,896666; -0,98732199
66,096888; -0,98579599
66,297111; -0,98274399
66,497333; -0,97816599
66,697555; -0,97511399
66,897777; -0,97206199
67,098; -0,96900999
67,298222; -0,96595799
67,498444; -0,96137999
67,698666; -0,95527599
67,898888; -0,95222399
68,099111; -0,95069799
68,299333; -0,94459399
68,499555; -0,94306799
68,699777; -0,94001599
68,9; -0,93848999
69,100222; -0,93085999
69,300444; -0,92933399
69,500666; -0,92475599
69,700888; -0,92170399
69,901111; -0,92017799
70,101333; -0,91712599
70,301555; -0,91102199
70,501777; -0,90949599
70,702; -0,90644399
70,902222; -0,90339199
71,102444; -0,90186599
71,302666; -0,89881399
71,502888; -0,89728799
71,703111; -0,89728799
71,903333; -0,89270999
72,103555; -0,89270999
72,303777; -0,88965799
72,504; -0,88965799
72,704222; -0,88660599
72,904444; -0,88507999
73,104666; -0,88355399
73,304888; -0,88202799
73,505111; -0,87744999
73,705333; -0,87439799
73,905555; -0,87287199
74,105777; -0,86981999
74,306; -0,86981999
74,506222; -0,86829399
74,706444; -0,86676799
74,906666; -0,86524199
75,106889; -0,86371599
75,307111; -0,86218999
75,507333; -0,86066399
75,707555; -0,85913799
75,907777; -0,85913799
76,108; -0,85608599
76,308222; -0,85608599
76,508444; -0,85608599
76,708666; -0,85303399
76,908889; -0,85303399
77,109111; -0,84998199
77,309333; -0,84998199
77,509555; -0,84998199
77,709777; -0,84692999
77,91; -0,84540399
78,110222; -0,84540399
78,310444; -0,84387799
78,510666; -0,83777399
78,710889; -0,83624799
78,911111; -0,83777399
79,111333; -0,83777399
79,311555; -0,83777399
79,511777; -0,83777399
79,712; -0,83624799
79,912222; -0,83929999
80,112444; -0,83777399
80,312666; -0,83929999
80,512889; -0,83777399
80,713111; -0,83777399
80,913333; -0,83777399
81,113555; -0,83624799
81,313777; -0,83777399
81,514; -0,83777399
81,714222; -0,83624799
81,914444; -0,83777399
82,114666; -0,83624799
82,314889; -0,83624799
82,515111; -0,83777399
82,715333; -0,83777399
82,915555; -0,83777399
83,115777; -0,83624799
83,316; -0,83777399
83,516222; -0,83624799
83,716444; -0,83777399
83,916666; -0,83777399
84,116889; -0,83777399
84,317111; -0,83624799
84,517333; -0,83777399
84,717555; -0,83472199
84,917777; -0,83624799
85,118; -0,83777399
85,318222; -0,83624799
85,518444; -0,83777399
85,718666; -0,83777399
85,918889; -0,83777399
86,119111; -0,83777399
86,319333; -0,83624799
86,519555; -0,83624799
86,719777; -0,83624799
86,92; -0,83777399
87,120222; -0,83624799
87,320444; -0,83624799
87,520666; -0,83624799
87,720889; -0,83624799
87,921111; -0,83472199
88,121333; -0,83472199
88,321555; -0,83472199
88,521778; -0,83624799
88,722; -0,83472199
88,922222; -0,83472199
89,122444; -0,83624799
89,322666; -0,83472199
89,522889; -0,83472199
89,723111; -0,83624799
89,923333; -0,83624799
90,123555; -0,83777399
90,323778; -0,83624799
90,524; -0,83472199
90,724222; -0,83472199
90,924444; -0,83624799
91,124666; -0,83624799
91,324889; -0,83472199
91,525111; -0,83472199
91,725333; -0,83472199
91,925555; -0,83319599
92,125778; -0,83624799
92,326; -0,83472199
92,526222; -0,83472199
92,726444; -0,83472199
92,926666; -0,83472199
93,126889; -0,83472199
93,327111; -0,83472199
93,527333; -0,83472199
93,727555; -0,83472199
93,927778; -0,83472199
94,128; -0,83472199
94,328222; -0,83472199
94,528444; -0,83472199
94,728666; -0,83472199
94,928889; -0,83472199
95,129111; -0,83472199
95,329333; -0,83624799
95,529555; -0,83472199
95,729778; -0,83472199
95,93; -0,83472199
96,130222; -0,83319599
96,330444; -0,83472199
96,530666; -0,83472199
96,730889; -0,83472199
96,931111; -0,83472199
97,131333; -0,83472199
97,331555; -0,83472199
97,531778; -0,83472199
97,732; -0,83472199
97,932222; -0,83319599
98,132444; -0,83472199
98,332666; -0,83472199
98,532889; -0,83472199
98,733111; -0,83472199
98,933333; -0,83472199
99,133555; -0,83472199
99,333778; -0,83319599
99,534; -0,83472199
99,734222; -0,83472199
99,934444; -0,83319599
100,13467; -0,83166999
100,33489; -0,83319599
100,53511; -0,83319599
100,73533; -0,83319599
100,93556; -0,83319599
101,13578; -0,83472199
101,336; -0,83319599
101,53622; -0,83166999
101,73644; -0,83166999
101,93667; -0,83319599
102,13689; -0,83472199
102,33711; -0,83166999
102,53733; -0,83319599
102,73756; -0,83319599
102,93778; -0,83319599
103,138; -0,83319599
103,33822; -0,83319599
103,53844; -0,83319599
103,73867; -0,83319599
103,93889; -0,83319599
104,13911; -0,83166999
104,33933; -0,83319599
104,53956; -0,83319599
104,73978; -0,83472199
104,94; -0,83319599
105,14022; -0,83166999
105,34044; -0,83319599
105,54067; -0,83319599
105,74089; -0,83319599
105,94111; -0,83319599
106,14133; -0,83166999
106,34156; -0,83166999
106,54178; -0,83319599
106,742; -0,83319599
106,94222; -0,83319599
107,14244; -0,83319599
107,34267; -0,83319599
107,54289; -0,83319599
107,74311; -0,83166999
107,94333; -0,83319599
108,14356; -0,83166999
108,34378; -0,83166999
108,544; -0,83166999
108,74422; -0,83319599
108,94444; -0,83014399
109,14467; -0,83166999
109,34489; -0,83319599
109,54511; -0,83166999
109,74533; -0,83319599
109,94556; -0,83166999
110,14578; -0,83014399
110,346; -0,83166999
110,54622; -0,83166999
110,74644; -0,83319599
110,94667; -0,83166999
111,14689; -0,83166999
111,34711; -0,83319599
111,54733; -0,83166999
111,74756; -0,83166999
111,94778; -0,83166999
112,148; -0,83319599
112,34822; -0,83166999
112,54844; -0,83166999
112,74867; -0,83166999
112,94889; -0,83166999
113,14911; -0,83166999
113,34933; -0,83166999
113,54956; -0,83166999
113,74978; -0,83166999
113,95; -0,83014399
114,15022; -0,83166999
114,35044; -0,83166999
114,55067; -0,83166999
114,75089; -0,83014399
114,95111; -0,83014399
115,15133; -0,83166999
115,35156; -0,83319599
115,55178; -0,83014399
115,752; -0,83014399
115,95222; -0,83166999
116,15244; -0,83014399
116,35267; -0,83166999
116,55289; -0,83014399
116,75311; -0,83014399
116,95333; -0,83166999
117,15356; -0,83014399
117,35378; -0,83166999
117,554; -0,83166999
117,75422; -0,83014399
117,95444; -0,83014399
118,15467; -0,83166999
118,35489; -0,83166999
118,55511; -0,83014399
118,75533; -0,82861799
118,95556; -0,83166999
119,15578; -0,82861799
119,356; -0,83014399
119,55622; -0,82861799
119,75644; -0,82861799
119,95667; -0,83014399
120,15689; -0,83014399
120,35711; -0,83166999
120,55733; -0,83014399
120,75756; -0,82861799
120,95778; -0,82861799
121,158; -0,82861799
121,35822; -0,83014399
121,55844; -0,83014399
121,75867; -0,82861799
121,95889; -0,83014399
122,15911; -0,83014399
122,35933; -0,82861799
122,55956; -0,83014399
122,75978; -0,82861799
122,96; -0,82861799
123,16022; -0,82861799
123,36044; -0,82861799
123,56067; -0,82709199
123,76089; -0,82861799
123,96111; -0,83014399
124,16133; -0,82861799
124,36156; -0,82861799
124,56178; -0,82709199
124,762; -0,82861799
124,96222; -0,82861799
125,16244; -0,82861799
125,36267; -0,82709199
125,56289; -0,82709199
125,76311; -0,82709199
125,96333; -0,82709199
126,16356; -0,82709199
126,36378; -0,82709199
126,564; -0,82861799
126,76422; -0,82709199
126,96444; -0,82709199
127,16467; -0,82861799
127,36489; -0,82861799
127,56511; -0,82709199
127,76533; -0,82709199
127,96556; -0,82556599
128,16578; -0,82556599
128,366; -0,82709199
128,56622; -0,82709199
128,76644; -0,82556599
128,96667; -0,82709199
129,16689; -0,82556599
129,36711; -0,82556599
129,56733; -0,82556599
129,76756; -0,82709199
129,96778; -0,82709199
130,168; -0,82556599
130,36822; -0,82556599
130,56844; -0,82556599
130,76867; -0,82709199
130,96889; -0,82556599
131,16911; -0,82709199
131,36933; -0,82556599
131,56956; -0,82556599
131,76978; -0,82709199
131,97; -0,82403999
132,17022; -0,82709199
132,37044; -0,82709199
132,57067; -0,82556599
132,77089; -0,82556599
132,97111; -0,82556599
133,17133; -0,82556599
133,37156; -0,82556599
133,57178; -0,82556599
133,772; -0,82403999
133,97222; -0,82709199
134,17244; -0,82556599
134,37267; -0,82556599
134,57289; -0,82556599
134,77311; -0,82556599
134,97333; -0,82556599
135,17356; -0,82556599
135,37378; -0,82403999
135,574; -0,82556599
135,77422; -0,82556599
135,97444; -0,82556599
136,17467; -0,82403999
136,37489; -0,82556599
136,57511; -0,82403999
136,77533; -0,82403999
136,97556; -0,82403999
137,17578; -0,82403999
137,376; -0,82556599
137,57622; -0,82403999
137,77644; -0,82403999
137,97667; -0,82251399
138,17689; -0,82251399
138,37711; -0,82403999
138,57733; -0,82251399
138,77756; -0,82403999
138,97778; -0,82403999
139,178; -0,82251399
139,37822; -0,82403999
139,57844; -0,82403999
139,77867; -0,82251399
139,97889; -0,82251399
140,17911; -0,82251399
140,37933; -0,82251399
140,57956; -0,82251399
140,77978; -0,82403999
140,98; -0,82251399
141,18022; -0,82098799
141,38044; -0,82403999
141,58067; -0,82251399
141,78089; -0,82403999
141,98111; -0,82251399
142,18133; -0,82251399
142,38156; -0,82251399
142,58178; -0,81946199
142,782; -0,82098799
142,98222; -0,82251399
143,18244; -0,82251399
143,38267; -0,82251399
143,58289; -0,82251399
143,78311; -0,82403999
143,98333; -0,82098799
144,18356; -0,82098799
144,38378; -0,82098799
144,584; -0,81946199
144,78422; -0,81793599
144,98444; -0,82251399
145,18467; -0,82251399
145,38489; -0,81946199
145,58511; -0,82251399
145,78533; -0,82098799
145,98556; -0,82098799
146,18578; -0,82098799
146,386; -0,81946199
146,58622; -0,82098799
146,78644; -0,81946199
146,98667; -0,81946199
147,18689; -0,81793599
147,38711; -0,82098799
147,58733; -0,81946199
147,78756; -0,81946199
147,98778; -0,81946199
148,188; -0,81946199
148,38822; -0,81946199
148,58844; -0,82098799
148,78867; -0,81946199
148,98889; -0,81793599
149,18911; -0,81946199
149,38933; -0,81946199
149,58956; -0,81793599
149,78978; -0,81946199
149,99; -0,81793599
