Name=DFL (1)
X=Height, nm
Y=DFL, nA
-50,032001; 2,374456
-49,831779; 2,369878
-49,631557; 2,362248
-49,431335; 2,359196
-49,231113; 2,346988
-49,03089; 2,343936
-48,830668; 2,33478
-48,630446; 2,330202
-48,430224; 2,325624
-48,230001; 2,314942
-48,029779; 2,317994
-47,829557; 2,307312
-47,629335; 2,307312
-47,429113; 2,298156
-47,22889; 2,289
-47,028668; 2,287474
-46,828446; 2,276792
-46,628224; 2,267636
-46,428001; 2,261532
-46,227779; 2,252376
-46,027557; 2,247798
-45,827335; 2,244746
-45,627113; 2,237116
-45,42689; 2,23559
-45,226668; 2,22796
-45,026446; 2,224908
-44,826224; 2,218804
-44,626001; 2,209648
-44,425779; 2,206596
-44,225557; 2,19744
-44,025335; 2,198966
-43,825113; 2,18218
-43,62489; 2,18218
-43,424668; 2,176076
-43,224446; 2,16692
-43,024224; 2,16692
-42,824001; 2,154712
-42,623779; 2,153186
-42,423557; 2,15166
-42,223335; 2,137926
-42,023113; 2,131822
-41,82289; 2,124192
-41,622668; 2,118088
-41,422446; 2,12114
-41,222224; 2,104354
-41,022001; 2,102828
-40,821779; 2,099776
-40,621557; 2,089094
-40,421335; 2,087568
-40,221113; 2,072308
-40,02089; 2,07536
-39,820668; 2,069256
-39,620446; 2,058574
-39,420224; 2,0601
-39,220001; 2,047892
-39,019779; 2,04484
-38,819557; 2,040262
-38,619335; 2,032632
-38,419113; 2,023476
-38,21889; 2,023476
-38,018668; 2,011268
-37,818446; 2,011268
-37,618224; 2,00669
-37,418001; 1,99906
-37,217779; 1,985326
-37,017557; 1,988378
-36,817335; 1,979222
-36,617112; 1,971592
-36,41689; 1,96854
-36,216668; 1,959384
-36,016446; 1,957858
-35,816224; 1,944124
-35,616001; 1,939546
-35,415779; 1,933442
-35,215557; 1,931916
-35,015335; 1,928864
-34,815112; 1,913604
-34,61489; 1,912078
-34,414668; 1,905974
-34,214446; 1,898344
-34,014224; 1,89987
-33,814001; 1,887662
-33,613779; 1,883084
-33,413557; 1,880032
-33,213335; 1,873928
-33,013112; 1,864772
-32,81289; 1,858668
-32,612668; 1,852564
-32,412446; 1,851038
-32,212224; 1,840356
-32,012001; 1,832726
-31,811779; 1,828148
-31,611557; 1,818992
-31,411335; 1,817466
-31,211112; 1,803732
-31,01089; 1,805258
-30,810668; 1,802206
-30,610446; 1,796102
-30,410224; 1,789998
-30,210001; 1,780842
-30,009779; 1,77016
-29,809557; 1,767108
-29,609335; 1,77016
-29,409112; 1,756426
-29,20889; 1,7549
-29,008668; 1,74727
-28,808446; 1,735062
-28,608224; 1,730484
-28,408001; 1,72438
-28,207779; 1,715224
-28,007557; 1,713698
-27,807335; 1,70912
-27,607112; 1,70149
-27,40689; 1,696912
-27,206668; 1,695386
-27,006446; 1,684704
-26,806224; 1,677074
-26,606001; 1,669444
-26,405779; 1,65571
-26,205557; 1,658762
-26,005335; 1,654184
-25,805112; 1,643502
-25,60489; 1,645028
-25,404668; 1,634346
-25,204446; 1,63282
-25,004223; 1,623664
-24,804001; 1,612982
-24,603779; 1,612982
-24,403557; 1,603826
-24,203335; 1,597722
-24,003112; 1,58704
-23,80289; 1,583988
-23,602668; 1,57941
-23,402446; 1,573306
-23,202223; 1,56415
-23,002001; 1,565676
-22,801779; 1,553468
-22,601557; 1,550416
-22,401335; 1,545838
-22,201112; 1,532104
-22,00089; 1,535156
-21,800668; 1,526
-21,600446; 1,519896
-21,400223; 1,51837
-21,200001; 1,509214
-20,999779; 1,504636
-20,799557; 1,498532
-20,599335; 1,492428
-20,399112; 1,484798
-20,19889; 1,475642
-19,998668; 1,475642
-19,798446; 1,468012
-19,598223; 1,461908
-19,398001; 1,45733
-19,197779; 1,445122
-18,997557; 1,440544
-18,797335; 1,437492
-18,597112; 1,422232
-18,39689; 1,425284
-18,196668; 1,41918
-17,996446; 1,413076
-17,796223; 1,408498
-17,596001; 1,399342
-17,395779; 1,391712
-17,195557; 1,385608
-16,995335; 1,382556
-16,795112; 1,3734
-16,59489; 1,371874
-16,394668; 1,367296
-16,194446; 1,362718
-15,994223; 1,352036
-15,794001; 1,352036
-15,593779; 1,339828
-15,393557; 1,336776
-15,193335; 1,330672
-14,993112; 1,316938
-14,79289; 1,318464
-14,592668; 1,309308
-14,392446; 1,306256
-14,192223; 1,301678
-13,992001; 1,295574
-13,791779; 1,286418
-13,591557; 1,283366
-13,391335; 1,27421
-13,191112; 1,265054
-12,99089; 1,263528
-12,790668; 1,254372
-12,590446; 1,252846
-12,390223; 1,245216
-12,190001; 1,23606
-11,989779; 1,23606
-11,789557; 1,225378
-11,589334; 1,222326
-11,389112; 1,21317
-11,18889; 1,207066
-10,988668; 1,204014
-10,788446; 1,194858
-10,588223; 1,185702
-10,388001; 1,185702
-10,187779; 1,170442
-9,9875567; 1,170442
-9,7873345; 1,168916
-9,5871122; 1,155182
-9,38689; 1,155182
-9,1866678; 1,146026
-8,9864456; 1,142974
-8,7862234; 1,13687
-8,5860011; 1,126188
-8,3857789; 1,120084
-8,1855567; 1,115506
-7,9853345; 1,112454
-7,7851122; 1,104824
-7,58489; 1,100246
-7,3846678; 1,095668
-7,1844456; 1,089564
-6,9842233; 1,078882
-6,7840011; 1,078882
-6,5837789; 1,066674
-6,3835567; 1,057518
-6,1833344; 1,062096
-5,9831122; 1,046836
-5,78289; 1,04531
-5,5826678; 1,04531
-5,3824455; 1,031576
-5,1822233; 1,03005
-4,9820011; 1,019368
-4,7817789; 1,010212
-4,5815566; 1,010212
-4,3813344; 1,001056
-4,1811122; 0,99037399
-3,98089; 0,98732199
-3,7806678; 0,98121799
-3,5804455; 0,97969199
-3,3802233; 0,97053599
-3,1800011; 0,96290599
-2,9797789; 0,95985399
-2,7795566; 0,95069799
-2,5793344; 0,95069799
-2,3791122; 0,93696399
-2,17889; 0,93696399
-1,9786677; 0,92933399
-1,7784455; 0,92322999
-1,5782233; 0,92170399
-1,3780011; 0,91254799
-1,1777788; 0,90644399
-0,97755662; 0,90339199
-0,77733439; 0,89423599
-0,57711217; 0,88813199
-0,37688994; 0,88050199
-0,17666772; 0,87134599
0,023554504; 0,86981999
0,22377673; 0,86066399
0,42399895; 0,85608599
0,62422118; 0,85303399
0,8244434; 0,84235199
1,0246656; 0,84082599
1,2248878; 0,83014399
1,4251101; 0,82709199
1,6253323; 0,82709199
1,8255545; 0,81946199
2,0257767; 0,81335799
2,225999; 0,80877999
2,4262212; 0,79657199
2,6264434; 0,79657199
2,8266656; 0,78894199
3,0268879; 0,77520799
3,2271101; 0,77825999
3,4273323; 0,76910399
3,6275545; 0,76299999
3,8277768; 0,76147399
4,027999; 0,74926599
4,2282212; 0,74010999
4,4284434; 0,74010999
4,6286657; 0,73095399
4,8288879; 0,72332399
5,0291101; 0,72332399
5,2293323; 0,70958999
5,4295546; 0,71416799
5,6297768; 0,70501199
5,829999; 0,69890799
6,0302212; 0,69432999
6,2304434; 0,68364799
6,4306657; 0,68059599
6,6308879; 0,67143999
6,8311101; 0,66533599
7,0313323; 0,66228399
7,2315546; 0,65617999
7,4317768; 0,64854999
7,631999; 0,64702399
7,8322212; 0,63481599
8,0324435; 0,62871199
8,2326657; 0,62565999
8,4328879; 0,61345199
8,6331101; 0,61497799
8,8333324; 0,61039999
9,0335546; 0,59819199
9,2337768; 0,59666599
9,433999; 0,58750999
9,6342213; 0,57835399
9,8344435; 0,57224999
10,034666; 0,56614599
10,234888; 0,56156799
10,43511; 0,56004199
10,635332; 0,55546399
10,835555; 0,55088599
11,035777; 0,53867799
11,235999; 0,53562599
11,436221; 0,52952199
11,636443; 0,51883999
11,836666; 0,51731399
12,036888; 0,50663199
12,23711; 0,50510599
12,437332; 0,49900199
12,637555; 0,49289799
12,837777; 0,48831999
13,037999; 0,48221599
13,238221; 0,47000799
13,438444; 0,46390399
13,638666; 0,46390399
13,838888; 0,45169599
14,03911; 0,45169599
14,239332; 0,44406599
14,439555; 0,43643599
14,639777; 0,43338399
14,839999; 0,42727999
15,040221; 0,41507199
15,240444; 0,41049399
15,440666; 0,41049399
15,640888; 0,40133799
15,84111; 0,39523399
16,041332; 0,38912999
16,241555; 0,38760399
16,441777; 0,37692199
16,641999; 0,37234399
16,842221; 0,36166199
17,042444; 0,35708399
17,242666; 0,36013599
17,442888; 0,346402
17,64311; 0,346402
17,843332; 0,341824
18,043555; 0,332668
18,243777; 0,323512
18,443999; 0,32046
18,644221; 0,306726
18,844444; 0,302148
19,044666; 0,300622
19,244888; 0,291466
19,44511; 0,294518
19,645332; 0,283836
19,845555; 0,276206
20,045777; 0,271628
20,245999; 0,260946
20,446221; 0,25942
20,646444; 0,25179
20,846666; 0,247212
21,046888; 0,24416
21,24711; 0,235004
21,447332; 0,230426
21,647555; 0,225848
21,847777; 0,215166
22,047999; 0,21364
22,248221; 0,201432
22,448444; 0,201432
22,648666; 0,196854
22,848888; 0,180068
23,04911; 0,184646
23,249332; 0,17549
23,449555; 0,169386
23,649777; 0,166334
23,849999; 0,154126
24,050221; 0,149548
24,250444; 0,143444
24,450666; 0,140392
24,650888; 0,12971
24,85111; 0,128184
25,051333; 0,119028
25,251555; 0,115976
25,451777; 0,108346
25,651999; 0,102242
25,852221; 0,097663999
26,052444; 0,091559999
26,252666; 0,088507999
26,452888; 0,076299999
26,65311; 0,071721999
26,853333; 0,068669999
27,053555; 0,062565999
27,253777; 0,057987999
27,453999; 0,051883999
27,654221; 0,042727999
27,854444; 0,036623999
28,054666; 0,036623999
28,254888; 0,024416
28,45511; 0,021364
28,655333; 0,012208
28,855555; 0,0061039999
29,055777; 0,0061039999
29,255999; -0,003052
29,456221; -0,010682
29,656444; -0,010682
29,856666; -0,021364
30,056888; -0,027468
30,25711; -0,03052
30,457333; -0,038149999
30,657555; -0,039675999
30,857777; -0,047305999
31,057999; -0,056461999
31,258221; -0,057987999
31,458444; -0,068669999
31,658666; -0,070195999
31,858888; -0,082403999
32,05911; -0,085455999
32,259333; -0,090033999
32,459555; -0,099189999
32,659777; -0,102242
32,859999; -0,10682
33,060221; -0,115976
33,260444; -0,119028
33,460666; -0,12208
33,660888; -0,134288
33,86111; -0,134288
34,061333; -0,14497
34,261555; -0,148022
34,461777; -0,1526
34,661999; -0,16023
34,862221; -0,16786
35,062444; -0,173964
35,262666; -0,178542
35,462888; -0,19075
35,66311; -0,189224
35,863333; -0,193802
36,063555; -0,196854
36,263777; -0,202958
36,463999; -0,212114
36,664221; -0,216692
36,864444; -0,225848
37,064666; -0,230426
37,264888; -0,23653
37,46511; -0,24416
37,665333; -0,24416
37,865555; -0,253316
38,065777; -0,263998
38,265999; -0,262472
38,466222; -0,276206
38,666444; -0,279258
38,866666; -0,280784
39,066888; -0,299096
39,26711; -0,294518
39,467333; -0,302148
39,667555; -0,309778
39,867777; -0,311304
40,067999; -0,32046
40,268222; -0,323512
40,468444; -0,329616
40,668666; -0,337246
40,868888; -0,34335
41,06911; -0,346402
41,269333; -0,35250599
41,469555; -0,35708399
41,669777; -0,36471399
41,869999; -0,36623999
42,070222; -0,37997399
42,270444; -0,38149999
42,470666; -0,38149999
42,670888; -0,39675999
42,87111; -0,39370799
43,071333; -0,40438999
43,271555; -0,41201999
43,471777; -0,41354599
43,671999; -0,42575399
43,872222; -0,42727999
44,072444; -0,43185799
44,272666; -0,43796199
44,472888; -0,44406599
44,67311; -0,44711799
44,873333; -0,45474799
45,073555; -0,46085199
45,273777; -0,47000799
45,473999; -0,47458599
45,674222; -0,48374199
45,874444; -0,48526799
46,074666; -0,48984599
46,274888; -0,50052799
46,47511; -0,49900199
46,675333; -0,50968399
46,875555; -0,51426199
47,075777; -0,51883999
47,275999; -0,52952199
47,476222; -0,53104799
47,676444; -0,54020399
47,876666; -0,53867799
48,076888; -0,54935999
48,27711; -0,55393799
48,477333; -0,55851599
48,677555; -0,56614599
48,877777; -0,56767199
49,077999; -0,57377599
49,278222; -0,58445799
49,478444; -0,58903599
49,678666; -0,59513999
49,878888; -0,60276999
50,079111; -0,60276999
50,279333; -0,61192599
50,479555; -0,61192599
50,679777; -0,61955599
50,879999; -0,62565999
51,080222; -0,63023799
51,280444; -0,64244599
51,480666; -0,64091999
51,680888; -0,65312799
51,881111; -0,65617999
52,081333; -0,66075799
52,281555; -0,66533599
52,481777; -0,67296599
52,681999; -0,67754399
52,882222; -0,68212199
53,082444; -0,68669999
53,282666; -0,69432999
53,482888; -0,70195999
53,683111; -0,70501199
53,883333; -0,71111599
54,083555; -0,71416799
54,283777; -0,72637599
54,483999; -0,72790199
54,684222; -0,73400599
54,884444; -0,73858399
55,084666; -0,74316199
55,284888; -0,75384399
55,485111; -0,75536999
55,685333; -0,75842199
55,885555; -0,76452599
56,085777; -0,77062999
56,285999; -0,77368199
56,486222; -0,78131199
56,686444; -0,78436399
56,886666; -0,79351999
57,086888; -0,80114999
57,287111; -0,79962399
57,487333; -0,80572799
57,687555; -0,81030599
57,887777; -0,81640999
58,087999; -0,82556599
58,288222; -0,82709199
58,488444; -0,83472199
58,688666; -0,84387799
58,888888; -0,84845599
59,089111; -0,84998199
59,289333; -0,85455999
59,489555; -0,86066399
59,689777; -0,86676799
59,889999; -0,86829399
60,090222; -0,87592399
60,290444; -0,88202799
60,490666; -0,88507999
60,690888; -0,89576199
60,891111; -0,89270999
61,091333; -0,89728799
61,291555; -0,90339199
61,491777; -0,90644399
61,691999; -0,91102199
61,892222; -0,91865199
62,092444; -0,92017799
62,292666; -0,92322999
62,492888; -0,92933399
62,693111; -0,92933399
62,893333; -0,93543799
63,093555; -0,93543799
63,293777; -0,93696399
63,494; -0,94154199
63,694222; -0,94306799
63,894444; -0,94154199
64,094666; -0,94306799
64,294888; -0,94306799
64,495111; -0,94154199
64,695333; -0,93696399
64,895555; -0,86524199
65,095777; -0,86524199
65,296; -0,86371599
65,496222; -0,86524199
65,696444; -0,86676799
65,896666; -0,86524199
66,096888; -0,86524199
66,297111; -0,86371599
66,497333; -0,86676799
66,697555; -0,86524199
66,897777; -0,86371599
67,098; -0,86371599
67,298222; -0,86371599
67,498444; -0,86524199
67,698666; -0,86218999
67,898888; -0,86371599
68,099111; -0,86371599
68,299333; -0,86218999
68,499555; -0,86218999
68,699777; -0,86218999
68,9; -0,86371599
69,100222; -0,86371599
69,300444; -0,86218999
69,500666; -0,86218999
69,700888; -0,86371599
69,901111; -0,86218999
70,101333; -0,86218999
70,301555; -0,86371599
70,501777; -0,86218999
70,702; -0,86218999
70,902222; -0,86218999
71,102444; -0,86218999
71,302666; -0,86371599
71,502888; -0,86218999
71,703111; -0,86066399
71,903333; -0,86066399
72,103555; -0,86218999
72,303777; -0,86218999
72,504; -0,86218999
72,704222; -0,86371599
72,904444; -0,86218999
73,104666; -0,86218999
73,304888; -0,86066399
73,505111; -0,86066399
73,705333; -0,86066399
73,905555; -0,86066399
74,105777; -0,86066399
74,306; -0,86066399
74,506222; -0,85913799
74,706444; -0,85913799
74,906666; -0,85913799
75,106889; -0,86066399
75,307111; -0,86066399
75,507333; -0,86066399
75,707555; -0,85913799
75,907777; -0,85913799
76,108; -0,85913799
76,308222; -0,85913799
76,508444; -0,86066399
76,708666; -0,85913799
76,908889; -0,86066399
77,109111; -0,85913799
77,309333; -0,85913799
77,509555; -0,86218999
77,709777; -0,85761199
77,91; -0,85913799
78,110222; -0,85913799
78,310444; -0,86066399
78,510666; -0,85913799
78,710889; -0,85913799
78,911111; -0,85761199
79,111333; -0,85761199
79,311555; -0,85913799
79,511777; -0,85761199
79,712; -0,85913799
79,912222; -0,85761199
80,112444; -0,85913799
80,312666; -0,85913799
80,512889; -0,85761199
80,713111; -0,85761199
80,913333; -0,85761199
81,113555; -0,85761199
81,313777; -0,85761199
81,514; -0,85913799
81,714222; -0,85761199
81,914444; -0,85761199
82,114666; -0,85761199
82,314889; -0,85761199
82,515111; -0,85761199
82,715333; -0,85608599
82,915555; -0,85761199
83,115777; -0,85608599
83,316; -0,85608599
83,516222; -0,85608599
83,716444; -0,85608599
83,916666; -0,85608599
84,116889; -0,85608599
84,317111; -0,85455999
84,517333; -0,85608599
84,717555; -0,85608599
84,917777; -0,85455999
85,118; -0,85608599
85,318222; -0,85608599
85,518444; -0,85608599
85,718666; -0,85455999
85,918889; -0,85455999
86,119111; -0,85608599
86,319333; -0,85608599
86,519555; -0,85608599
86,719777; -0,85303399
86,92; -0,85455999
87,120222; -0,85455999
87,320444; -0,85608599
87,520666; -0,85303399
87,720889; -0,85608599
87,921111; -0,85303399
88,121333; -0,85608599
88,321555; -0,85455999
88,521778; -0,85455999
88,722; -0,85455999
88,922222; -0,85455999
89,122444; -0,85455999
89,322666; -0,85455999
89,522889; -0,85455999
89,723111; -0,85303399
89,923333; -0,85455999
90,123555; -0,85303399
90,323778; -0,85303399
90,524; -0,85303399
90,724222; -0,85303399
90,924444; -0,85303399
91,124666; -0,85303399
91,324889; -0,85303399
91,525111; -0,85150799
91,725333; -0,85303399
91,925555; -0,85303399
92,125778; -0,85303399
92,326; -0,85303399
92,526222; -0,85303399
92,726444; -0,85455999
92,926666; -0,85303399
93,126889; -0,85150799
93,327111; -0,85303399
93,527333; -0,85455999
93,727555; -0,85150799
93,927778; -0,85150799
94,128; -0,85150799
94,328222; -0,85150799
94,528444; -0,85303399
94,728666; -0,85150799
94,928889; -0,84998199
95,129111; -0,85150799
95,329333; -0,85150799
95,529555; -0,85150799
95,729778; -0,85150799
95,93; -0,85150799
96,130222; -0,84998199
96,330444; -0,85303399
96,530666; -0,85150799
96,730889; -0,85150799
96,931111; -0,85150799
97,131333; -0,85150799
97,331555; -0,85150799
97,531778; -0,84998199
97,732; -0,85150799
97,932222; -0,84998199
98,132444; -0,85150799
98,332666; -0,85150799
98,532889; -0,85150799
98,733111; -0,84845599
98,933333; -0,85150799
99,133555; -0,84998199
99,333778; -0,84998199
99,534; -0,85150799
99,734222; -0,84998199
99,934444; -0,84692999
100,13467; -0,84998199
100,33489; -0,84998199
100,53511; -0,84998199
100,73533; -0,84845599
100,93556; -0,84998199
101,13578; -0,84998199
101,336; -0,84998199
101,53622; -0,84998199
101,73644; -0,84998199
101,93667; -0,84998199
102,13689; -0,84998199
102,33711; -0,84998199
102,53733; -0,84845599
102,73756; -0,84998199
102,93778; -0,84998199
103,138; -0,84845599
103,33822; -0,84692999
103,53844; -0,84845599
103,73867; -0,84692999
103,93889; -0,84845599
104,13911; -0,84692999
104,33933; -0,84692999
104,53956; -0,84845599
104,73978; -0,84692999
104,94; -0,84845599
105,14022; -0,84845599
105,34044; -0,84845599
105,54067; -0,84845599
105,74089; -0,84845599
105,94111; -0,84845599
106,14133; -0,84692999
106,34156; -0,84692999
106,54178; -0,84692999
106,742; -0,84692999
106,94222; -0,84692999
107,14244; -0,84692999
107,34267; -0,84692999
107,54289; -0,84540399
107,74311; -0,84692999
107,94333; -0,84540399
108,14356; -0,84692999
108,34378; -0,84845599
108,544; -0,84692999
108,74422; -0,84540399
108,94444; -0,84540399
109,14467; -0,84540399
109,34489; -0,84387799
109,54511; -0,84387799
109,74533; -0,84540399
109,94556; -0,84692999
110,14578; -0,84540399
110,346; -0,84540399
110,54622; -0,84540399
110,74644; -0,84540399
110,94667; -0,84692999
111,14689; -0,84692999
111,34711; -0,84387799
111,54733; -0,84387799
111,74756; -0,84692999
111,94778; -0,84540399
112,148; -0,84540399
112,34822; -0,84387799
112,54844; -0,84540399
112,74867; -0,84540399
112,94889; -0,84387799
113,14911; -0,84387799
113,34933; -0,84540399
113,54956; -0,84540399
113,74978; -0,84387799
113,95; -0,84387799
114,15022; -0,84387799
114,35044; -0,84387799
114,55067; -0,84235199
114,75089; -0,84387799
114,95111; -0,84235199
115,15133; -0,84235199
115,35156; -0,84387799
115,55178; -0,84235199
115,752; -0,84387799
115,95222; -0,84235199
116,15244; -0,84387799
116,35267; -0,84235199
116,55289; -0,84235199
116,75311; -0,84235199
116,95333; -0,84235199
117,15356; -0,84235199
117,35378; -0,84082599
117,554; -0,84235199
117,75422; -0,84387799
117,95444; -0,84082599
118,15467; -0,84235199
118,35489; -0,84235199
118,55511; -0,84235199
118,75533; -0,84235199
118,95556; -0,84082599
119,15578; -0,84082599
119,356; -0,84235199
119,55622; -0,84082599
119,75644; -0,84235199
119,95667; -0,84082599
120,15689; -0,84082599
120,35711; -0,84082599
120,55733; -0,84082599
120,75756; -0,83929999
120,95778; -0,83929999
121,158; -0,84082599
121,35822; -0,84082599
121,55844; -0,84082599
121,75867; -0,84082599
121,95889; -0,84082599
122,15911; -0,84082599
122,35933; -0,84082599
122,55956; -0,84082599
122,75978; -0,83929999
122,96; -0,83929999
123,16022; -0,84082599
123,36044; -0,84082599
123,56067; -0,83929999
123,76089; -0,84082599
123,96111; -0,84082599
124,16133; -0,84082599
124,36156; -0,84082599
124,56178; -0,83929999
124,762; -0,83777399
124,96222; -0,84082599
125,16244; -0,84082599
125,36267; -0,83929999
125,56289; -0,83929999
125,76311; -0,83777399
125,96333; -0,83777399
126,16356; -0,83929999
126,36378; -0,83777399
126,564; -0,83777399
126,76422; -0,83624799
126,96444; -0,83777399
127,16467; -0,83929999
127,36489; -0,83929999
127,56511; -0,83777399
127,76533; -0,83624799
127,96556; -0,83777399
128,16578; -0,83777399
128,366; -0,83777399
128,56622; -0,83624799
128,76644; -0,83624799
128,96667; -0,83777399
129,16689; -0,83624799
129,36711; -0,83777399
129,56733; -0,83624799
129,76756; -0,83624799
129,96778; -0,83624799
130,168; -0,83624799
130,36822; -0,83624799
130,56844; -0,83624799
130,76867; -0,83624799
130,96889; -0,83777399
131,16911; -0,83624799
131,36933; -0,83624799
131,56956; -0,83777399
131,76978; -0,83624799
131,97; -0,83777399
132,17022; -0,83777399
132,37044; -0,83624799
132,57067; -0,83624799
132,77089; -0,83624799
132,97111; -0,83624799
133,17133; -0,83624799
133,37156; -0,83624799
133,57178; -0,83624799
133,772; -0,83472199
133,97222; -0,83624799
134,17244; -0,83624799
134,37267; -0,83624799
134,57289; -0,83472199
134,77311; -0,83472199
134,97333; -0,83624799
135,17356; -0,83624799
135,37378; -0,83319599
135,574; -0,83624799
135,77422; -0,83472199
135,97444; -0,83472199
136,17467; -0,83472199
136,37489; -0,83472199
136,57511; -0,83472199
136,77533; -0,83472199
136,97556; -0,83472199
137,17578; -0,83624799
137,376; -0,83624799
137,57622; -0,83472199
137,77644; -0,83624799
137,97667; -0,83624799
138,17689; -0,83472199
138,37711; -0,83472199
138,57733; -0,83624799
138,77756; -0,83319599
138,97778; -0,83472199
139,178; -0,83472199
139,37822; -0,83624799
139,57844; -0,83472199
139,77867; -0,83319599
139,97889; -0,83472199
140,17911; -0,83472199
140,37933; -0,83166999
140,57956; -0,83472199
140,77978; -0,83472199
140,98; -0,83472199
141,18022; -0,83472199
141,38044; -0,83472199
141,58067; -0,83319599
141,78089; -0,83319599
141,98111; -0,83319599
142,18133; -0,83319599
142,38156; -0,83319599
142,58178; -0,83319599
142,782; -0,83319599
142,98222; -0,83319599
143,18244; -0,83166999
143,38267; -0,83319599
143,58289; -0,83319599
143,78311; -0,83319599
143,98333; -0,83319599
144,18356; -0,83319599
144,38378; -0,83166999
144,584; -0,83319599
144,78422; -0,83319599
144,98444; -0,83319599
145,18467; -0,83166999
145,38489; -0,83166999
145,58511; -0,83166999
145,78533; -0,83166999
145,98556; -0,83166999
146,18578; -0,83166999
146,386; -0,83166999
146,58622; -0,83166999
146,78644; -0,83319599
146,98667; -0,83166999
147,18689; -0,83014399
147,38711; -0,83166999
147,58733; -0,83166999
147,78756; -0,83166999
147,98778; -0,83166999
148,188; -0,83166999
148,38822; -0,83166999
148,58844; -0,83014399
148,78867; -0,83014399
148,98889; -0,83166999
149,18911; -0,83166999
149,38933; -0,83014399
149,58956; -0,83166999
149,78978; -0,82861799
149,99; -0,83014399


Name=DFL (2)
X=Height, nm
Y=DFL, nA
-50,032001; 2,409554
-49,831779; 2,400398
-49,631557; 2,39582
-49,431335; 2,401924
-49,231113; 2,386664
-49,03089; 2,39582
-48,830668; 2,385138
-48,630446; 2,377508
-48,430224; 2,375982
-48,230001; 2,363774
-48,029779; 2,363774
-47,829557; 2,35767
-47,629335; 2,348514
-47,429113; 2,351566
-47,22889; 2,340884
-47,028668; 2,337832
-46,828446; 2,331728
-46,628224; 2,325624
-46,428001; 2,325624
-46,227779; 2,316468
-46,027557; 2,316468
-45,827335; 2,316468
-45,627113; 2,308838
-45,42689; 2,307312
-45,226668; 2,298156
-45,026446; 2,293578
-44,826224; 2,290526
-44,626001; 2,275266
-44,425779; 2,275266
-44,225557; 2,270688
-44,025335; 2,264584
-43,825113; 2,263058
-43,62489; 2,25848
-43,424668; 2,260006
-43,224446; 2,25085
-43,024224; 2,246272
-42,824001; 2,247798
-42,623779; 2,238642
-42,423557; 2,234064
-42,223335; 2,229486
-42,023113; 2,217278
-41,82289; 2,218804
-41,622668; 2,206596
-41,422446; 2,209648
-41,222224; 2,202018
-41,022001; 2,194388
-40,821779; 2,191336
-40,621557; 2,185232
-40,421335; 2,18218
-40,221113; 2,176076
-40,02089; 2,16692
-39,820668; 2,169972
-39,620446; 2,163868
-39,420224; 2,157764
-39,220001; 2,156238
-39,019779; 2,145556
-38,819557; 2,14403
-38,619335; 2,139452
-38,419113; 2,122666
-38,21889; 2,12877
-38,018668; 2,111984
-37,818446; 2,110458
-37,618224; 2,111984
-37,418001; 2,095198
-37,217779; 2,09825
-37,017557; 2,093672
-36,817335; 2,079938
-36,617112; 2,08299
-36,41689; 2,07536
-36,216668; 2,070782
-36,016446; 2,069256
-35,816224; 2,058574
-35,616001; 2,057048
-35,415779; 2,047892
-35,215557; 2,046366
-35,015335; 2,040262
-34,815112; 2,02958
-34,61489; 2,032632
-34,414668; 2,018898
-34,214446; 2,018898
-34,014224; 2,011268
-33,814001; 2,003638
-33,613779; 2,002112
-33,413557; 1,989904
-33,213335; 1,986852
-33,013112; 1,979222
-32,81289; 1,974644
-32,612668; 1,970066
-32,412446; 1,962436
-32,212224; 1,96091
-32,012001; 1,956332
-31,811779; 1,942598
-31,611557; 1,942598
-31,411335; 1,931916
-31,211112; 1,921234
-31,01089; 1,924286
-30,810668; 1,913604
-30,610446; 1,912078
-30,410224; 1,905974
-30,210001; 1,89987
-30,009779; 1,896818
-29,809557; 1,887662
-29,609335; 1,883084
-29,409112; 1,880032
-29,20889; 1,872402
-29,008668; 1,870876
-28,808446; 1,860194
-28,608224; 1,857142
-28,408001; 1,852564
-28,207779; 1,835778
-28,007557; 1,83883
-27,807335; 1,828148
-27,607112; 1,820518
-27,40689; 1,82357
-27,206668; 1,811362
-27,006446; 1,806784
-26,806224; 1,803732
-26,606001; 1,79305
-26,405779; 1,791524
-26,205557; 1,78542
-26,005335; 1,773212
-25,805112; 1,771686
-25,60489; 1,764056
-25,404668; 1,756426
-25,204446; 1,7549
-25,004223; 1,74727
-24,804001; 1,742692
-24,603779; 1,733536
-24,403557; 1,730484
-24,203335; 1,718276
-24,003112; 1,71675
-23,80289; 1,712172
-23,602668; 1,704542
-23,402446; 1,698438
-23,202223; 1,695386
-23,002001; 1,687756
-22,801779; 1,684704
-22,601557; 1,6786
-22,401335; 1,67097
-22,201112; 1,664866
-22,00089; 1,658762
-21,800668; 1,654184
-21,600446; 1,64808
-21,400223; 1,641976
-21,200001; 1,634346
-20,999779; 1,626716
-20,799557; 1,62519
-20,599335; 1,614508
-20,399112; 1,608404
-20,19889; 1,605352
-19,998668; 1,59467
-19,798446; 1,596196
-19,598223; 1,588566
-19,398001; 1,582462
-19,197779; 1,57941
-18,997557; 1,568728
-18,797335; 1,567202
-18,597112; 1,554994
-18,39689; 1,545838
-18,196668; 1,544312
-17,996446; 1,53363
-17,796223; 1,530578
-17,596001; 1,522948
-17,395779; 1,51837
-17,195557; 1,521422
-16,995335; 1,506162
-16,795112; 1,507688
-16,59489; 1,498532
-16,394668; 1,48785
-16,194446; 1,49548
-15,994223; 1,474116
-15,794001; 1,474116
-15,593779; 1,47259
-15,393557; 1,454278
-15,193335; 1,460382
-14,993112; 1,443596
-14,79289; 1,437492
-14,592668; 1,437492
-14,392446; 1,425284
-14,192223; 1,422232
-13,992001; 1,416128
-13,791779; 1,405446
-13,591557; 1,406972
-13,391335; 1,394764
-13,191112; 1,393238
-12,99089; 1,390186
-12,790668; 1,379504
-12,590446; 1,377978
-12,390223; 1,368822
-12,190001; 1,364244
-11,989779; 1,359666
-11,789557; 1,345932
-11,589334; 1,344406
-11,389112; 1,336776
-11,18889; 1,329146
-10,988668; 1,32762
-10,788446; 1,316938
-10,588223; 1,318464
-10,388001; 1,313886
-10,187779; 1,298626
-9,9875567; 1,300152
-9,7873345; 1,290996
-9,5871122; 1,286418
-9,38689; 1,28184
-9,1866678; 1,271158
-8,9864456; 1,271158
-8,7862234; 1,263528
-8,5860011; 1,252846
-8,3857789; 1,248268
-8,1855567; 1,246742
-7,9853345; 1,240638
-7,7851122; 1,22843
-7,58489; 1,225378
-7,3846678; 1,214696
-7,1844456; 1,210118
-6,9842233; 1,204014
-6,7840011; 1,193332
-6,5837789; 1,191806
-6,3835567; 1,187228
-6,1833344; 1,18265
-5,9831122; 1,181124
-5,78289; 1,171968
-5,5826678; 1,16739
-5,3824455; 1,15976
-5,1822233; 1,149078
-4,9820011; 1,1445
-4,7817789; 1,13687
-4,5815566; 1,12924
-4,3813344; 1,127714
-4,1811122; 1,120084
-3,98089; 1,120084
-3,7806678; 1,112454
-3,5804455; 1,103298
-3,3802233; 1,09872
-3,1800011; 1,088038
-2,9797789; 1,080408
-2,7795566; 1,07583
-2,5793344; 1,0682
-2,3791122; 1,066674
-2,17889; 1,059044
-1,9786677; 1,049888
-1,7784455; 1,049888
-1,5782233; 1,040732
-1,3780011; 1,03768
-1,1777788; 1,028524
-0,97755662; 1,020894
-0,77733439; 1,017842
-0,57711217; 1,004108
-0,37688994; 0,99952999
-0,17666772; 0,99342599
0,023554504; 0,98426999
0,22377673; 0,98274399
0,42399895; 0,97816599
0,62422118; 0,96748399
0,8244434; 0,96595799
1,0246656; 0,95985399
1,2248878; 0,95069799
1,4251101; 0,95069799
1,6253323; 0,94001599
1,8255545; 0,93543799
2,0257767; 0,93085999
2,225999; 0,92475599
2,4262212; 0,92475599
2,6264434; 0,91559999
2,8266656; 0,90491799
3,0268879; 0,90186599
3,2271101; 0,89576199
3,4273323; 0,88965799
3,6275545; 0,88507999
3,8277768; 0,87134599
4,027999; 0,86676799
4,2282212; 0,86218999
4,4284434; 0,85455999
4,6286657; 0,85150799
4,8288879; 0,83777399
5,0291101; 0,83929999
5,2293323; 0,82861799
5,4295546; 0,82251399
5,6297768; 0,82403999
5,829999; 0,81030599
6,0302212; 0,80725399
6,2304434; 0,80114999
6,4306657; 0,79046799
6,6308879; 0,78588999
6,8311101; 0,78283799
7,0313323; 0,77368199
7,2315546; 0,77520799
7,4317768; 0,76299999
7,631999; 0,75689599
7,8322212; 0,75079199
8,0324435; 0,74163599
8,2326657; 0,73553199
8,4328879; 0,72637599
8,6331101; 0,72179799
8,8333324; 0,71721999
9,0335546; 0,71416799
9,2337768; 0,70806399
9,433999; 0,70195999
9,6342213; 0,69890799
9,8344435; 0,68669999
10,034666; 0,68364799
10,234888; 0,67906999
10,43511; 0,66838799
10,635332; 0,66686199
10,835555; 0,65923199
11,035777; 0,64854999
11,235999; 0,64702399
11,436221; 0,63481599
11,636443; 0,63176399
11,836666; 0,62871199
12,036888; 0,61802999
12,23711; 0,61802999
12,437332; 0,60582199
12,637555; 0,59971799
12,837777; 0,59513999
13,037999; 0,58750999
13,238221; 0,58598399
13,438444; 0,57835399
13,638666; 0,56919799
13,838888; 0,56461999
14,03911; 0,55851599
14,239332; 0,54935999
14,439555; 0,54478199
14,639777; 0,53715199
14,839999; 0,52646999
15,040221; 0,52494399
15,240444; 0,51426199
15,440666; 0,50815799
15,640888; 0,50510599
15,84111; 0,49442399
16,041332; 0,49442399
16,241555; 0,48831999
16,441777; 0,48221599
16,641999; 0,47458599
16,842221; 0,47000799
17,042444; 0,46085199
17,242666; 0,45474799
17,442888; 0,44559199
17,64311; 0,44711799
17,843332; 0,43948799
18,043555; 0,43033199
18,243777; 0,42575399
18,443999; 0,41659799
18,644221; 0,41049399
18,844444; 0,40438999
19,044666; 0,39523399
19,244888; 0,39828599
19,44511; 0,38912999
19,645332; 0,37844799
19,845555; 0,37997399
20,045777; 0,37081799
20,245999; 0,36471399
20,446221; 0,36013599
20,646444; 0,346402
20,846666; 0,346402
21,046888; 0,334194
21,24711; 0,32809
21,447332; 0,326564
21,647555; 0,309778
21,847777; 0,309778
22,047999; 0,302148
22,248221; 0,294518
22,448444; 0,296044
22,648666; 0,283836
22,848888; 0,280784
23,04911; 0,276206
23,249332; 0,260946
23,449555; 0,262472
23,649777; 0,25179
23,849999; 0,24416
24,050221; 0,245686
24,250444; 0,23653
24,450666; 0,231952
24,650888; 0,224322
24,85111; 0,219744
25,051333; 0,21364
25,251555; 0,202958
25,451777; 0,19838
25,651999; 0,193802
25,852221; 0,184646
26,052444; 0,180068
26,252666; 0,170912
26,452888; 0,164808
26,65311; 0,16786
26,853333; 0,154126
27,053555; 0,1526
27,253777; 0,148022
27,453999; 0,135814
27,654221; 0,134288
27,854444; 0,119028
28,054666; 0,115976
28,254888; 0,109872
28,45511; 0,103768
28,655333; 0,100716
28,855555; 0,094611999
29,055777; 0,086981999
29,255999; 0,083929999
29,456221; 0,074773999
29,656444; 0,068669999
29,856666; 0,061039999
30,056888; 0,051883999
30,25711; 0,050357999
30,457333; 0,042727999
30,657555; 0,036623999
30,857777; 0,035097999
31,057999; 0,032046
31,258221; 0,016786
31,458444; 0,010682
31,658666; 0,0045779999
31,858888; -0,0045779999
32,05911; -0,003052
32,259333; -0,01526
32,459555; -0,016786
32,659777; -0,02289
32,859999; -0,032046
33,060221; -0,035097999
33,260444; -0,044253999
33,460666; -0,045779999
33,660888; -0,050357999
33,86111; -0,056461999
34,061333; -0,062565999
34,261555; -0,073247999
34,461777; -0,074773999
34,661999; -0,083929999
34,862221; -0,091559999
35,062444; -0,093085999
35,262666; -0,10682
35,462888; -0,115976
35,66311; -0,11445
35,863333; -0,123606
36,063555; -0,128184
36,263777; -0,132762
36,463999; -0,143444
36,664221; -0,14497
36,864444; -0,157178
37,064666; -0,158704
37,264888; -0,164808
37,46511; -0,173964
37,665333; -0,173964
37,865555; -0,18312
38,065777; -0,192276
38,265999; -0,19838
38,466222; -0,209062
38,666444; -0,204484
38,866666; -0,216692
39,066888; -0,222796
39,26711; -0,222796
39,467333; -0,233478
39,667555; -0,238056
39,867777; -0,242634
40,067999; -0,250264
40,268222; -0,254842
40,468444; -0,263998
40,668666; -0,271628
40,868888; -0,276206
41,06911; -0,283836
41,269333; -0,288414
41,469555; -0,292992
41,669777; -0,29757
41,869999; -0,308252
42,070222; -0,31283
42,270444; -0,317408
42,470666; -0,326564
42,670888; -0,334194
42,87111; -0,337246
43,071333; -0,34335
43,271555; -0,35097999
43,471777; -0,35250599
43,671999; -0,36166199
43,872222; -0,36776599
44,072444; -0,37081799
44,272666; -0,37692199
44,472888; -0,38607799
44,67311; -0,39065599
44,873333; -0,39981199
45,073555; -0,40591599
45,273777; -0,40896799
45,473999; -0,41659799
45,674222; -0,41812399
45,874444; -0,42727999
46,074666; -0,43185799
46,274888; -0,43796199
46,47511; -0,44406599
46,675333; -0,45016999
46,875555; -0,45474799
47,075777; -0,46542999
47,275999; -0,46848199
47,476222; -0,47305999
47,676444; -0,48068999
47,876666; -0,48679399
48,076888; -0,49900199
48,27711; -0,50052799
48,477333; -0,50663199
48,677555; -0,51578799
48,877777; -0,51731399
49,077999; -0,52494399
49,278222; -0,53257399
49,478444; -0,53409999
49,678666; -0,54325599
49,878888; -0,54935999
50,079111; -0,55546399
50,279333; -0,56004199
50,479555; -0,56614599
50,679777; -0,57224999
50,879999; -0,57682799
51,080222; -0,58293199
51,280444; -0,59056199
51,480666; -0,59361399
51,680888; -0,60276999
51,881111; -0,60276999
52,081333; -0,61192599
52,281555; -0,62260799
52,481777; -0,62413399
52,681999; -0,63176399
52,882222; -0,63786799
53,082444; -0,64549799
53,282666; -0,65312799
53,482888; -0,65770599
53,683111; -0,65770599
53,883333; -0,66380999
54,083555; -0,66991399
54,283777; -0,67601799
54,483999; -0,68517399
54,684222; -0,68822599
54,884444; -0,69585599
55,084666; -0,70501199
55,284888; -0,70806399
55,485111; -0,71111599
55,685333; -0,72027199
55,885555; -0,72179799
56,085777; -0,73400599
56,285999; -0,73705799
56,486222; -0,74316199
56,686444; -0,75079199
56,886666; -0,74926599
57,086888; -0,75994799
57,287111; -0,76605199
57,487333; -0,76910399
57,687555; -0,77520799
57,887777; -0,78131199
58,087999; -0,78588999
58,288222; -0,79504599
58,488444; -0,80114999
58,688666; -0,80877999
58,888888; -0,81488399
59,089111; -0,81335799
59,289333; -0,82556599
59,489555; -0,82861799
59,689777; -0,83319599
59,889999; -0,83929999
60,090222; -0,84235199
60,290444; -0,84998199
60,490666; -0,85761199
60,690888; -0,86066399
60,891111; -0,86981999
61,091333; -0,87134599
61,291555; -0,87744999
61,491777; -0,88355399
61,691999; -0,88813199
61,892222; -0,89728799
62,092444; -0,89728799
62,292666; -0,90339199
62,492888; -0,90949599
62,693111; -0,91407399
62,893333; -0,92017799
63,093555; -0,91865199
63,293777; -0,92628199
63,494; -0,93391199
63,694222; -0,93543799
63,894444; -0,94306799
64,094666; -0,94764599
64,294888; -0,95069799
64,495111; -0,95527599
64,695333; -0,95527599
64,895555; -0,95832799
65,095777; -0,96443199
65,296; -0,96137999
65,496222; -0,96443199
65,696444; -0,96137999
65,896666; -0,95985399
66,096888; -0,95832799
66,297111; -0,95680199
66,497333; -0,95527599
66,697555; -0,95222399
66,897777; -0,95069799
67,098; -0,95069799
67,298222; -0,94611999
67,498444; -0,94764599
67,698666; -0,94459399
67,898888; -0,94306799
68,099111; -0,94001599
68,299333; -0,94001599
68,499555; -0,94001599
68,699777; -0,93696399
68,9; -0,93543799
69,100222; -0,93391199
69,300444; -0,93238599
69,500666; -0,93238599
69,700888; -0,93085999
69,901111; -0,92933399
70,101333; -0,92780799
70,301555; -0,92628199
70,501777; -0,92475599
70,702; -0,92170399
70,902222; -0,92017799
71,102444; -0,92017799
71,302666; -0,91865199
71,502888; -0,91712599
71,703111; -0,91559999
71,903333; -0,91254799
72,103555; -0,91254799
72,303777; -0,91102199
72,504; -0,90949599
72,704222; -0,90949599
72,904444; -0,90491799
73,104666; -0,90644399
73,304888; -0,90339199
73,505111; -0,90339199
73,705333; -0,90186599
73,905555; -0,90186599
74,105777; -0,89881399
74,306; -0,89881399
74,506222; -0,89728799
74,706444; -0,89728799
74,906666; -0,89576199
75,106889; -0,89576199
75,307111; -0,89576199
75,507333; -0,89270999
75,707555; -0,89270999
75,907777; -0,88965799
76,108; -0,88813199
76,308222; -0,88660599
76,508444; -0,88660599
76,708666; -0,88813199
76,908889; -0,88507999
77,109111; -0,88507999
77,309333; -0,88202799
77,509555; -0,88202799
77,709777; -0,88202799
77,91; -0,87897599
78,110222; -0,87897599
78,310444; -0,87744999
78,510666; -0,87744999
78,710889; -0,87592399
78,911111; -0,87439799
79,111333; -0,87134599
79,311555; -0,87287199
79,511777; -0,86981999
79,712; -0,86981999
79,912222; -0,86829399
80,112444; -0,86829399
80,312666; -0,86524199
80,512889; -0,86676799
80,713111; -0,85913799
80,913333; -0,86066399
81,113555; -0,85761199
81,313777; -0,86066399
81,514; -0,85913799
81,714222; -0,85913799
81,914444; -0,86066399
82,114666; -0,85913799
82,314889; -0,85913799
82,515111; -0,85913799
82,715333; -0,85761199
82,915555; -0,85913799
83,115777; -0,85913799
83,316; -0,85913799
83,516222; -0,85913799
83,716444; -0,85913799
83,916666; -0,85913799
84,116889; -0,85761199
84,317111; -0,85913799
84,517333; -0,85761199
84,717555; -0,85913799
84,917777; -0,85913799
85,118; -0,85761199
85,318222; -0,85913799
85,518444; -0,85761199
85,718666; -0,85913799
85,918889; -0,85761199
86,119111; -0,85913799
86,319333; -0,85761199
86,519555; -0,85913799
86,719777; -0,85608599
86,92; -0,85761199
87,120222; -0,85608599
87,320444; -0,85761199
87,520666; -0,85608599
87,720889; -0,85761199
87,921111; -0,85761199
88,121333; -0,85608599
88,321555; -0,85608599
88,521778; -0,85761199
88,722; -0,85761199
88,922222; -0,85608599
89,122444; -0,85608599
89,322666; -0,85608599
89,522889; -0,85761199
89,723111; -0,85608599
89,923333; -0,85608599
90,123555; -0,85455999
90,323778; -0,85608599
90,524; -0,85608599
90,724222; -0,85761199
90,924444; -0,85608599
91,124666; -0,85455999
91,324889; -0,85608599
91,525111; -0,85608599
91,725333; -0,85455999
91,925555; -0,85455999
92,125778; -0,85608599
92,326; -0,85608599
92,526222; -0,85608599
92,726444; -0,85608599
92,926666; -0,85608599
93,126889; -0,85608599
93,327111; -0,85455999
93,527333; -0,85303399
93,727555; -0,85455999
93,927778; -0,85455999
94,128; -0,85303399
94,328222; -0,85455999
94,528444; -0,85455999
94,728666; -0,85303399
94,928889; -0,85455999
95,129111; -0,85455999
95,329333; -0,85303399
95,529555; -0,85303399
95,729778; -0,85303399
95,93; -0,85303399
96,130222; -0,85455999
96,330444; -0,85303399
96,530666; -0,85303399
96,730889; -0,85303399
96,931111; -0,85303399
97,131333; -0,85303399
97,331555; -0,85303399
97,531778; -0,85303399
97,732; -0,85150799
97,932222; -0,85150799
98,132444; -0,85150799
98,332666; -0,85150799
98,532889; -0,85150799
98,733111; -0,85150799
98,933333; -0,85303399
99,133555; -0,85150799
99,333778; -0,85303399
99,534; -0,85150799
99,734222; -0,85303399
99,934444; -0,85150799
100,13467; -0,85150799
100,33489; -0,85303399
100,53511; -0,85150799
100,73533; -0,85150799
100,93556; -0,84998199
101,13578; -0,85150799
101,336; -0,85150799
101,53622; -0,85150799
101,73644; -0,85150799
101,93667; -0,84998199
102,13689; -0,84998199
102,33711; -0,84998199
102,53733; -0,85303399
102,73756; -0,84998199
102,93778; -0,84998199
103,138; -0,84998199
103,33822; -0,84845599
103,53844; -0,84845599
103,73867; -0,84998199
103,93889; -0,84998199
104,13911; -0,85150799
104,33933; -0,84998199
104,53956; -0,84845599
104,73978; -0,84998199
104,94; -0,84845599
105,14022; -0,84845599
105,34044; -0,84998199
105,54067; -0,84845599
105,74089; -0,84845599
105,94111; -0,84845599
106,14133; -0,84845599
106,34156; -0,84845599
106,54178; -0,84845599
106,742; -0,84845599
106,94222; -0,84845599
107,14244; -0,84845599
107,34267; -0,84692999
107,54289; -0,84692999
107,74311; -0,84692999
107,94333; -0,84692999
108,14356; -0,84845599
108,34378; -0,84845599
108,544; -0,84845599
108,74422; -0,84845599
108,94444; -0,84692999
109,14467; -0,84998199
109,34489; -0,84845599
109,54511; -0,84692999
109,74533; -0,84540399
109,94556; -0,84540399
110,14578; -0,84845599
110,346; -0,84692999
110,54622; -0,84540399
110,74644; -0,84692999
110,94667; -0,84692999
111,14689; -0,84540399
111,34711; -0,84692999
111,54733; -0,84692999
111,74756; -0,84540399
111,94778; -0,84540399
112,148; -0,84692999
112,34822; -0,84540399
112,54844; -0,84540399
112,74867; -0,84540399
112,94889; -0,84540399
113,14911; -0,84540399
113,34933; -0,84692999
113,54956; -0,84387799
113,74978; -0,84387799
113,95; -0,84387799
114,15022; -0,84387799
114,35044; -0,84387799
114,55067; -0,84387799
114,75089; -0,84387799
114,95111; -0,84387799
115,15133; -0,84387799
115,35156; -0,84540399
115,55178; -0,84387799
115,752; -0,84540399
115,95222; -0,84540399
116,15244; -0,84387799
116,35267; -0,84387799
116,55289; -0,84387799
116,75311; -0,84387799
116,95333; -0,84387799
117,15356; -0,84540399
117,35378; -0,84235199
117,554; -0,84387799
117,75422; -0,84235199
117,95444; -0,84387799
118,15467; -0,84387799
118,35489; -0,84387799
118,55511; -0,84387799
118,75533; -0,84387799
118,95556; -0,84387799
119,15578; -0,84387799
119,356; -0,84235199
119,55622; -0,84387799
119,75644; -0,84387799
119,95667; -0,84235199
120,15689; -0,84235199
120,35711; -0,84235199
120,55733; -0,84235199
120,75756; -0,84235199
120,95778; -0,84235199
121,158; -0,84082599
121,35822; -0,84387799
121,55844; -0,84082599
121,75867; -0,84387799
121,95889; -0,84235199
122,15911; -0,84387799
122,35933; -0,84235199
122,55956; -0,84082599
122,75978; -0,84082599
122,96; -0,83929999
123,16022; -0,84235199
123,36044; -0,84082599
123,56067; -0,84082599
123,76089; -0,83929999
123,96111; -0,84082599
124,16133; -0,84082599
124,36156; -0,84082599
124,56178; -0,84082599
124,762; -0,83929999
124,96222; -0,83929999
125,16244; -0,84082599
125,36267; -0,84082599
125,56289; -0,84082599
125,76311; -0,84082599
125,96333; -0,84082599
126,16356; -0,84082599
126,36378; -0,83929999
126,564; -0,83929999
126,76422; -0,84082599
126,96444; -0,83929999
127,16467; -0,83929999
127,36489; -0,83929999
127,56511; -0,83929999
127,76533; -0,83929999
127,96556; -0,83929999
128,16578; -0,83929999
128,366; -0,83929999
128,56622; -0,83929999
128,76644; -0,83929999
128,96667; -0,83929999
129,16689; -0,83929999
129,36711; -0,83777399
129,56733; -0,83777399
129,76756; -0,83777399
129,96778; -0,83777399
130,168; -0,83929999
130,36822; -0,83777399
130,56844; -0,83624799
130,76867; -0,83777399
130,96889; -0,83777399
131,16911; -0,83777399
131,36933; -0,83624799
131,56956; -0,83777399
131,76978; -0,83777399
131,97; -0,83777399
132,17022; -0,83624799
132,37044; -0,83777399
132,57067; -0,83777399
132,77089; -0,83624799
132,97111; -0,83624799
133,17133; -0,83624799
133,37156; -0,83624799
133,57178; -0,83777399
133,772; -0,83624799
133,97222; -0,83624799
134,17244; -0,83624799
134,37267; -0,83624799
134,57289; -0,83472199
134,77311; -0,83624799
134,97333; -0,83472199
135,17356; -0,83624799
135,37378; -0,83624799
135,574; -0,83624799
135,77422; -0,83472199
135,97444; -0,83777399
136,17467; -0,83624799
136,37489; -0,83624799
136,57511; -0,83472199
136,77533; -0,83624799
136,97556; -0,83624799
137,17578; -0,83472199
137,376; -0,83472199
137,57622; -0,83472199
137,77644; -0,83624799
137,97667; -0,83472199
138,17689; -0,83624799
138,37711; -0,83624799
138,57733; -0,83624799
138,77756; -0,83624799
138,97778; -0,83624799
139,178; -0,83472199
139,37822; -0,83624799
139,57844; -0,83472199
139,77867; -0,83472199
139,97889; -0,83624799
140,17911; -0,83624799
140,37933; -0,83472199
140,57956; -0,83472199
140,77978; -0,83472199
140,98; -0,83472199
141,18022; -0,83319599
141,38044; -0,83624799
141,58067; -0,83472199
141,78089; -0,83472199
141,98111; -0,83319599
142,18133; -0,83319599
142,38156; -0,83472199
142,58178; -0,83319599
142,782; -0,83319599
142,98222; -0,83319599
143,18244; -0,83319599
143,38267; -0,83472199
143,58289; -0,83319599
143,78311; -0,83472199
143,98333; -0,83319599
144,18356; -0,83319599
144,38378; -0,83319599
144,584; -0,83319599
144,78422; -0,83166999
144,98444; -0,83166999
145,18467; -0,83319599
145,38489; -0,83319599
145,58511; -0,83166999
145,78533; -0,83319599
145,98556; -0,83319599
146,18578; -0,83166999
146,386; -0,83319599
146,58622; -0,83166999
146,78644; -0,83319599
146,98667; -0,83319599
147,18689; -0,83014399
147,38711; -0,83166999
147,58733; -0,83014399
147,78756; -0,83166999
147,98778; -0,83166999
148,188; -0,83166999
148,38822; -0,83166999
148,58844; -0,83166999
148,78867; -0,83166999
148,98889; -0,83319599
149,18911; -0,83166999
149,38933; -0,83014399
149,58956; -0,83166999
149,78978; -0,83014399
149,99; -0,82861799
