Name=DFL (1)
X=Height, nm
Y=DFL, nA
-50,032001; 2,328676
-49,831779; 2,321046
-49,631557; 2,321046
-49,431335; 2,307312
-49,231113; 2,301208
-49,03089; 2,301208
-48,830668; 2,285948
-48,630446; 2,287474
-48,430224; 2,275266
-48,230001; 2,264584
-48,029779; 2,267636
-47,829557; 2,255428
-47,629335; 2,260006
-47,429113; 2,246272
-47,22889; 2,238642
-47,028668; 2,237116
-46,828446; 2,224908
-46,628224; 2,214226
-46,428001; 2,215752
-46,227779; 2,202018
-46,027557; 2,202018
-45,827335; 2,203544
-45,627113; 2,185232
-45,42689; 2,194388
-45,226668; 2,180654
-45,026446; 2,176076
-44,826224; 2,176076
-44,626001; 2,160816
-44,425779; 2,15929
-44,225557; 2,154712
-44,025335; 2,147082
-43,825113; 2,134874
-43,62489; 2,130296
-43,424668; 2,124192
-43,224446; 2,118088
-43,024224; 2,115036
-42,824001; 2,108932
-42,623779; 2,099776
-42,423557; 2,099776
-42,223335; 2,087568
-42,023113; 2,078412
-41,82289; 2,076886
-41,622668; 2,063152
-41,422446; 2,061626
-41,222224; 2,057048
-41,022001; 2,050944
-40,821779; 2,049418
-40,621557; 2,041788
-40,421335; 2,03721
-40,221113; 2,026528
-40,02089; 2,018898
-39,820668; 2,01432
-39,620446; 2,009742
-39,420224; 1,997534
-39,220001; 1,996008
-39,019779; 1,988378
-38,819557; 1,982274
-38,619335; 1,977696
-38,419113; 1,96854
-38,21889; 1,965488
-38,018668; 1,959384
-37,818446; 1,954806
-37,618224; 1,944124
-37,418001; 1,93802
-37,217779; 1,927338
-37,017557; 1,924286
-36,817335; 1,927338
-36,617112; 1,912078
-36,41689; 1,916656
-36,216668; 1,9075
-36,016446; 1,904448
-35,816224; 1,89224
-35,616001; 1,889188
-35,415779; 1,883084
-35,215557; 1,872402
-35,015335; 1,873928
-34,815112; 1,863246
-34,61489; 1,860194
-34,414668; 1,852564
-34,214446; 1,841882
-34,014224; 1,840356
-33,814001; 1,829674
-33,613779; 1,817466
-33,413557; 1,818992
-33,213335; 1,812888
-33,013112; 1,803732
-32,81289; 1,796102
-32,612668; 1,791524
-32,412446; 1,79305
-32,212224; 1,77779
-32,012001; 1,774738
-31,811779; 1,765582
-31,611557; 1,76253
-31,411335; 1,759478
-31,211112; 1,742692
-31,01089; 1,748796
-30,810668; 1,744218
-30,610446; 1,738114
-30,410224; 1,727432
-30,210001; 1,71675
-30,009779; 1,71675
-29,809557; 1,70912
-29,609335; 1,706068
-29,409112; 1,699964
-29,20889; 1,689282
-29,008668; 1,687756
-28,808446; 1,680126
-28,608224; 1,667918
-28,408001; 1,664866
-28,207779; 1,652658
-28,007557; 1,64808
-27,807335; 1,651132
-27,607112; 1,637398
-27,40689; 1,635872
-27,206668; 1,628242
-27,006446; 1,619086
-26,806224; 1,612982
-26,606001; 1,606878
-26,405779; 1,600774
-26,205557; 1,599248
-26,005335; 1,593144
-25,805112; 1,58704
-25,60489; 1,582462
-25,404668; 1,574832
-25,204446; 1,568728
-25,004223; 1,558046
-24,804001; 1,553468
-24,603779; 1,547364
-24,403557; 1,542786
-24,203335; 1,54126
-24,003112; 1,526
-23,80289; 1,527526
-23,602668; 1,519896
-23,402446; 1,51074
-23,202223; 1,50311
-23,002001; 1,498532
-22,801779; 1,490902
-22,601557; 1,490902
-22,401335; 1,486324
-22,201112; 1,47259
-22,00089; 1,47259
-21,800668; 1,460382
-21,600446; 1,455804
-21,400223; 1,451226
-21,200001; 1,445122
-20,999779; 1,440544
-20,799557; 1,43444
-20,599335; 1,429862
-20,399112; 1,417654
-20,19889; 1,413076
-19,998668; 1,408498
-19,798446; 1,400868
-19,598223; 1,400868
-19,398001; 1,38866
-19,197779; 1,382556
-18,997557; 1,379504
-18,797335; 1,3734
-18,597112; 1,364244
-18,39689; 1,35814
-18,196668; 1,345932
-17,996446; 1,345932
-17,796223; 1,34288
-17,596001; 1,338302
-17,395779; 1,333724
-17,195557; 1,324568
-16,995335; 1,318464
-16,795112; 1,303204
-16,59489; 1,301678
-16,394668; 1,295574
-16,194446; 1,287944
-15,994223; 1,287944
-15,794001; 1,280314
-15,593779; 1,265054
-15,393557; 1,265054
-15,193335; 1,257424
-14,993112; 1,249794
-14,79289; 1,25132
-14,592668; 1,240638
-14,392446; 1,24369
-14,192223; 1,229956
-13,992001; 1,222326
-13,791779; 1,217748
-13,591557; 1,211644
-13,391335; 1,208592
-13,191112; 1,19791
-12,99089; 1,19028
-12,790668; 1,188754
-12,590446; 1,184176
-12,390223; 1,171968
-12,190001; 1,171968
-11,989779; 1,158234
-11,789557; 1,149078
-11,589334; 1,149078
-11,389112; 1,135344
-11,18889; 1,135344
-10,988668; 1,130766
-10,788446; 1,123136
-10,588223; 1,124662
-10,388001; 1,115506
-10,187779; 1,10635
-9,9875567; 1,100246
-9,7873345; 1,094142
-9,5871122; 1,084986
-9,38689; 1,080408
-9,1866678; 1,077356
-8,9864456; 1,074304
-8,7862234; 1,066674
-8,5860011; 1,054466
-8,3857789; 1,048362
-8,1855567; 1,04531
-7,9853345; 1,040732
-7,7851122; 1,028524
-7,58489; 1,025472
-7,3846678; 1,02242
-7,1844456; 1,017842
-6,9842233; 1,011738
-6,7840011; 1,005634
-6,5837789; 0,99189999
-6,3835567; 0,99342599
-6,1833344; 0,99037399
-5,9831122; 0,97358799
-5,78289; 0,97663999
-5,5826678; 0,96748399
-5,3824455; 0,96290599
-5,1822233; 0,95374999
-4,9820011; 0,94459399
-4,7817789; 0,94154199
-4,5815566; 0,93543799
-4,3813344; 0,93543799
-4,1811122; 0,92017799
-3,98089; 0,91865199
-3,7806678; 0,91407399
-3,5804455; 0,90033999
-3,3802233; 0,90186599
-3,1800011; 0,89270999
-2,9797789; 0,88050199
-2,7795566; 0,88050199
-2,5793344; 0,87592399
-2,3791122; 0,86371599
-2,17889; 0,86218999
-1,9786677; 0,85150799
-1,7784455; 0,85608599
-1,5782233; 0,84540399
-1,3780011; 0,83929999
-1,1777788; 0,83624799
-0,97755662; 0,83014399
-0,77733439; 0,83166999
-0,57711217; 0,81183199
-0,37688994; 0,80877999
-0,17666772; 0,80877999
0,023554504; 0,79046799
0,22377673; 0,78894199
0,42399895; 0,78588999
0,62422118; 0,77520799
0,8244434; 0,77825999
1,0246656; 0,76605199
1,2248878; 0,75842199
1,4251101; 0,75994799
1,6253323; 0,74468799
1,8255545; 0,74010999
2,0257767; 0,72942799
2,225999; 0,72484999
2,4262212; 0,72790199
2,6264434; 0,71569399
2,8266656; 0,71569399
3,0268879; 0,70653799
3,2271101; 0,70043399
3,4273323; 0,70043399
3,6275545; 0,68517399
3,8277768; 0,68059599
4,027999; 0,67601799
4,2282212; 0,66380999
4,4284434; 0,66228399
4,6286657; 0,65770599
4,8288879; 0,64702399
5,0291101; 0,65007599
5,2293323; 0,63634199
5,4295546; 0,63328999
5,6297768; 0,62565999
5,829999; 0,62108199
6,0302212; 0,62108199
6,2304434; 0,61039999
6,4306657; 0,60734799
6,6308879; 0,59971799
6,8311101; 0,58598399
7,0313323; 0,58750999
7,2315546; 0,58140599
7,4317768; 0,57377599
7,631999; 0,57224999
7,8322212; 0,55393799
8,0324435; 0,55698999
8,2326657; 0,55851599
8,4328879; 0,54020399
8,6331101; 0,54325599
8,8333324; 0,53257399
9,0335546; 0,52799599
9,2337768; 0,52341799
9,433999; 0,51120999
9,6342213; 0,50968399
9,8344435; 0,50357999
10,034666; 0,49747599
10,234888; 0,48984599
10,43511; 0,48374199
10,635332; 0,47611199
10,835555; 0,47305999
11,035777; 0,46085199
11,235999; 0,45779999
11,436221; 0,44559199
11,636443; 0,44559199
11,836666; 0,44253999
12,036888; 0,43033199
12,23711; 0,43338399
12,437332; 0,42575399
12,637555; 0,42270199
12,837777; 0,41507199
13,037999; 0,40438999
13,238221; 0,39981199
13,438444; 0,38912999
13,638666; 0,38607799
13,838888; 0,37539599
14,03911; 0,37081799
14,239332; 0,36471399
14,439555; 0,36013599
14,639777; 0,35403199
14,839999; 0,35250599
15,040221; 0,340298
15,240444; 0,337246
15,440666; 0,33572
15,640888; 0,321986
15,84111; 0,323512
16,041332; 0,315882
16,241555; 0,308252
16,441777; 0,308252
16,641999; 0,294518
16,842221; 0,291466
17,042444; 0,286888
17,242666; 0,276206
17,442888; 0,273154
17,64311; 0,268576
17,843332; 0,25942
18,043555; 0,256368
18,243777; 0,242634
18,443999; 0,239582
18,644221; 0,233478
18,844444; 0,225848
19,044666; 0,227374
19,244888; 0,215166
19,44511; 0,21364
19,645332; 0,210588
19,845555; 0,19838
20,045777; 0,199906
20,245999; 0,192276
20,446221; 0,178542
20,646444; 0,177016
20,846666; 0,173964
21,046888; 0,161756
21,24711; 0,161756
21,447332; 0,151074
21,647555; 0,149548
21,847777; 0,141918
22,047999; 0,132762
22,248221; 0,131236
22,448444; 0,12208
22,648666; 0,12208
22,848888; 0,105294
23,04911; 0,105294
23,249332; 0,102242
23,449555; 0,091559999
23,649777; 0,091559999
23,849999; 0,085455999
24,050221; 0,076299999
24,250444; 0,073247999
24,450666; 0,068669999
24,650888; 0,053409999
24,85111; 0,054935999
25,051333; 0,045779999
25,251555; 0,042727999
25,451777; 0,038149999
25,651999; 0,02289
25,852221; 0,021364
26,052444; 0,01526
26,252666; 0,0076299999
26,452888; 0
26,65311; -0,001526
26,853333; -0,010682
27,053555; -0,010682
27,253777; -0,019838
27,453999; -0,02289
27,654221; -0,028994
27,854444; -0,039675999
28,054666; -0,038149999
28,254888; -0,050357999
28,45511; -0,056461999
28,655333; -0,056461999
28,855555; -0,065617999
29,055777; -0,068669999
29,255999; -0,073247999
29,456221; -0,082403999
29,656444; -0,082403999
29,856666; -0,090033999
30,056888; -0,102242
30,25711; -0,108346
30,457333; -0,115976
30,657555; -0,115976
30,857777; -0,12971
31,057999; -0,12971
31,258221; -0,140392
31,458444; -0,146496
31,658666; -0,141918
31,858888; -0,158704
32,05911; -0,157178
32,259333; -0,161756
32,459555; -0,17549
32,659777; -0,172438
32,859999; -0,18312
33,060221; -0,192276
33,260444; -0,193802
33,460666; -0,202958
33,660888; -0,209062
33,86111; -0,210588
34,061333; -0,219744
34,261555; -0,219744
34,461777; -0,230426
34,661999; -0,233478
34,862221; -0,242634
35,062444; -0,248738
35,262666; -0,250264
35,462888; -0,26705
35,66311; -0,263998
35,863333; -0,271628
36,063555; -0,276206
36,263777; -0,280784
36,463999; -0,28994
36,664221; -0,291466
36,864444; -0,303674
37,064666; -0,302148
37,264888; -0,309778
37,46511; -0,317408
37,665333; -0,32046
37,865555; -0,331142
38,065777; -0,337246
38,265999; -0,340298
38,466222; -0,35250599
38,666444; -0,347928
38,866666; -0,35250599
39,066888; -0,36166199
39,26711; -0,36166199
39,467333; -0,37539599
39,667555; -0,37997399
39,867777; -0,38760399
40,067999; -0,39675999
40,268222; -0,39981199
40,468444; -0,40744199
40,668666; -0,40591599
40,868888; -0,41964999
41,06911; -0,42880599
41,269333; -0,42880599
41,469555; -0,43796199
41,669777; -0,44101399
41,869999; -0,44711799
42,070222; -0,45779999
42,270444; -0,45779999
42,470666; -0,46237799
42,670888; -0,47458599
42,87111; -0,47153399
43,071333; -0,48374199
43,271555; -0,48526799
43,471777; -0,48831999
43,671999; -0,49747599
43,872222; -0,50052799
44,072444; -0,50815799
44,272666; -0,51120999
44,472888; -0,52341799
44,67311; -0,52646999
44,873333; -0,52799599
45,073555; -0,53715199
45,273777; -0,54172999
45,473999; -0,54172999
45,674222; -0,55546399
45,874444; -0,55698999
46,074666; -0,56156799
46,274888; -0,57682799
46,47511; -0,57224999
46,675333; -0,58293199
46,875555; -0,59361399
47,075777; -0,59361399
47,275999; -0,60276999
47,476222; -0,60276999
47,676444; -0,60734799
47,876666; -0,61192599
48,076888; -0,62108199
48,27711; -0,62565999
48,477333; -0,63023799
48,677555; -0,63939399
48,877777; -0,64397199
49,077999; -0,64854999
49,278222; -0,65465399
49,478444; -0,65923199
49,678666; -0,66533599
49,878888; -0,67601799
50,079111; -0,67449199
50,279333; -0,68517399
50,479555; -0,68517399
50,679777; -0,69432999
50,879999; -0,70043399
51,080222; -0,70501199
51,280444; -0,71111599
51,480666; -0,71111599
51,680888; -0,71874599
51,881111; -0,72179799
52,081333; -0,72332399
52,281555; -0,73095399
52,481777; -0,73858399
52,681999; -0,74316199
52,882222; -0,75079199
53,082444; -0,75231799
53,282666; -0,75842199
53,482888; -0,77062999
53,683111; -0,76910399
53,883333; -0,77673399
54,083555; -0,78131199
54,283777; -0,78436399
54,483999; -0,79351999
54,684222; -0,79809799
54,884444; -0,80267599
55,084666; -0,80572799
55,284888; -0,81335799
55,485111; -0,81488399
55,685333; -0,82098799
55,885555; -0,82403999
56,085777; -0,83166999
56,285999; -0,83624799
56,486222; -0,84387799
56,686444; -0,84692999
56,886666; -0,85150799
57,086888; -0,85913799
57,287111; -0,85608599
57,487333; -0,86524199
57,687555; -0,86829399
57,887777; -0,87134599
58,087999; -0,88050199
58,288222; -0,88507999
58,488444; -0,88965799
58,688666; -0,89576199
58,888888; -0,90491799
59,089111; -0,90644399
59,289333; -0,91254799
59,489555; -0,91407399
59,689777; -0,92322999
59,889999; -0,92475599
60,090222; -0,92933399
60,290444; -0,93543799
60,490666; -0,93238599
60,690888; -0,94917199
60,891111; -0,94611999
61,091333; -0,95222399
61,291555; -0,95985399
61,491777; -0,96137999
61,691999; -0,97053599
61,892222; -0,97358799
62,092444; -0,97358799
62,292666; -0,98121799
62,492888; -0,98732199
62,693111; -0,98732199
62,893333; -0,99647799
63,093555; -0,99647799
63,293777; -1,002582
63,494; -1,010212
63,694222; -1,013264
63,894444; -1,020894
64,094666; -1,020894
64,294888; -1,028524
64,495111; -1,036154
64,695333; -1,039206
64,895555; -1,04531
65,095777; -1,048362
65,296; -1,049888
65,496222; -1,063622
65,696444; -1,06057
65,896666; -1,063622
66,096888; -1,07583
66,297111; -1,074304
66,497333; -1,081934
66,697555; -1,081934
66,897777; -1,086512
67,098; -1,094142
67,298222; -1,092616
67,498444; -1,100246
67,698666; -1,101772
67,898888; -1,11398
68,099111; -1,115506
68,299333; -1,115506
68,499555; -1,12161
68,699777; -1,126188
68,9; -1,126188
69,100222; -1,13687
69,300444; -1,133818
69,500666; -1,133818
69,700888; -1,146026
69,901111; -1,138396
70,101333; -1,141448
70,301555; -1,139922
70,501777; -1,138396
70,702; -1,1445
70,902222; -1,147552
71,102444; -1,147552
71,302666; -1,15213
71,502888; -1,150604
71,703111; -1,147552
71,903333; -1,147552
72,103555; -1,141448
72,303777; -1,13687
72,504; -1,130766
72,704222; -1,126188
72,904444; -1,115506
73,104666; -1,103298
73,304888; -1,072778
73,505111; -1,072778
73,705333; -1,072778
73,905555; -1,072778
74,105777; -1,071252
74,306; -1,072778
74,506222; -1,071252
74,706444; -1,072778
74,906666; -1,071252
75,106889; -1,071252
75,307111; -1,071252
75,507333; -1,071252
75,707555; -1,071252
75,907777; -1,069726
76,108; -1,071252
76,308222; -1,069726
76,508444; -1,071252
76,708666; -1,071252
76,908889; -1,071252
77,109111; -1,069726
77,309333; -1,071252
77,509555; -1,071252
77,709777; -1,069726
77,91; -1,071252
78,110222; -1,071252
78,310444; -1,071252
78,510666; -1,069726
78,710889; -1,069726
78,911111; -1,069726
79,111333; -1,071252
79,311555; -1,069726
79,511777; -1,069726
79,712; -1,069726
79,912222; -1,071252
80,112444; -1,069726
80,312666; -1,0682
80,512889; -1,0682
80,713111; -1,069726
80,913333; -1,069726
81,113555; -1,069726
81,313777; -1,0682
81,514; -1,069726
81,714222; -1,069726
81,914444; -1,069726
82,114666; -1,069726
82,314889; -1,0682
82,515111; -1,0682
82,715333; -1,069726
82,915555; -1,071252
83,115777; -1,069726
83,316; -1,066674
83,516222; -1,069726
83,716444; -1,069726
83,916666; -1,069726
84,116889; -1,0682
84,317111; -1,0682
84,517333; -1,069726
84,717555; -1,0682
84,917777; -1,069726
85,118; -1,0682
85,318222; -1,069726
85,518444; -1,0682
85,718666; -1,0682
85,918889; -1,0682
86,119111; -1,066674
86,319333; -1,0682
86,519555; -1,0682
86,719777; -1,0682
86,92; -1,0682
87,120222; -1,069726
87,320444; -1,0682
87,520666; -1,0682
87,720889; -1,066674
87,921111; -1,0682
88,121333; -1,069726
88,321555; -1,066674
88,521778; -1,066674
88,722; -1,0682
88,922222; -1,0682
89,122444; -1,0682
89,322666; -1,0682
89,522889; -1,0682
89,723111; -1,0682
89,923333; -1,066674
90,123555; -1,0682
90,323778; -1,066674
90,524; -1,066674
90,724222; -1,0682
90,924444; -1,0682
91,124666; -1,066674
91,324889; -1,0682
91,525111; -1,066674
91,725333; -1,066674
91,925555; -1,0682
92,125778; -1,066674
92,326; -1,065148
92,526222; -1,066674
92,726444; -1,0682
92,926666; -1,066674
93,126889; -1,066674
93,327111; -1,065148
93,527333; -1,066674
93,727555; -1,0682
93,927778; -1,066674
94,128; -1,066674
94,328222; -1,065148
94,528444; -1,066674
94,728666; -1,065148
94,928889; -1,066674
95,129111; -1,065148
95,329333; -1,065148
95,529555; -1,065148
95,729778; -1,065148
95,93; -1,065148
96,130222; -1,066674
96,330444; -1,066674
96,530666; -1,063622
96,730889; -1,066674
96,931111; -1,066674
97,131333; -1,066674
97,331555; -1,065148
97,531778; -1,066674
97,732; -1,066674
97,932222; -1,065148
98,132444; -1,065148
98,332666; -1,065148
98,532889; -1,065148
98,733111; -1,066674
98,933333; -1,065148
99,133555; -1,065148
99,333778; -1,066674
99,534; -1,065148
99,734222; -1,065148
99,934444; -1,066674
100,13467; -1,065148
100,33489; -1,065148
100,53511; -1,066674
100,73533; -1,066674
100,93556; -1,065148
101,13578; -1,065148
101,336; -1,066674
101,53622; -1,065148
101,73644; -1,065148
101,93667; -1,063622
102,13689; -1,065148
102,33711; -1,065148
102,53733; -1,065148
102,73756; -1,066674
102,93778; -1,063622
103,138; -1,063622
103,33822; -1,065148
103,53844; -1,065148
103,73867; -1,065148
103,93889; -1,066674
104,13911; -1,065148
104,33933; -1,063622
104,53956; -1,065148
104,73978; -1,063622
104,94; -1,065148
105,14022; -1,065148
105,34044; -1,065148
105,54067; -1,063622
105,74089; -1,063622
105,94111; -1,065148
106,14133; -1,065148
106,34156; -1,065148
106,54178; -1,063622
106,742; -1,065148
106,94222; -1,063622
107,14244; -1,065148
107,34267; -1,065148
107,54289; -1,063622
107,74311; -1,063622
107,94333; -1,065148
108,14356; -1,065148
108,34378; -1,063622
108,544; -1,062096
108,74422; -1,065148
108,94444; -1,065148
109,14467; -1,065148
109,34489; -1,062096
109,54511; -1,062096
109,74533; -1,063622
109,94556; -1,065148
110,14578; -1,063622
110,346; -1,063622
110,54622; -1,063622
110,74644; -1,063622
110,94667; -1,063622
111,14689; -1,062096
111,34711; -1,062096
111,54733; -1,063622
111,74756; -1,062096
111,94778; -1,062096
112,148; -1,062096
112,34822; -1,062096
112,54844; -1,062096
112,74867; -1,062096
112,94889; -1,063622
113,14911; -1,063622
113,34933; -1,062096
113,54956; -1,063622
113,74978; -1,062096
113,95; -1,06057
114,15022; -1,06057
114,35044; -1,063622
114,55067; -1,062096
114,75089; -1,062096
114,95111; -1,06057
115,15133; -1,062096
115,35156; -1,06057
115,55178; -1,062096
115,752; -1,06057
115,95222; -1,062096
116,15244; -1,062096
116,35267; -1,06057
116,55289; -1,06057
116,75311; -1,063622
116,95333; -1,062096
117,15356; -1,063622
117,35378; -1,06057
117,554; -1,062096
117,75422; -1,06057
117,95444; -1,062096
118,15467; -1,062096
118,35489; -1,062096
118,55511; -1,06057
118,75533; -1,06057
118,95556; -1,062096
119,15578; -1,06057
119,356; -1,062096
119,55622; -1,06057
119,75644; -1,062096
119,95667; -1,06057
120,15689; -1,06057
120,35711; -1,062096
120,55733; -1,06057
120,75756; -1,059044
120,95778; -1,06057
121,158; -1,059044
121,35822; -1,059044
121,55844; -1,059044
121,75867; -1,059044
121,95889; -1,059044
122,15911; -1,06057
122,35933; -1,059044
122,55956; -1,06057
122,75978; -1,06057
122,96; -1,059044
123,16022; -1,06057
123,36044; -1,06057
123,56067; -1,057518
123,76089; -1,059044
123,96111; -1,059044
124,16133; -1,06057
124,36156; -1,059044
124,56178; -1,059044
124,762; -1,059044
124,96222; -1,059044
125,16244; -1,059044
125,36267; -1,059044
125,56289; -1,059044
125,76311; -1,059044
125,96333; -1,059044
126,16356; -1,059044
126,36378; -1,057518
126,564; -1,057518
126,76422; -1,059044
126,96444; -1,059044
127,16467; -1,059044
127,36489; -1,059044
127,56511; -1,059044
127,76533; -1,06057
127,96556; -1,06057
128,16578; -1,057518
128,366; -1,057518
128,56622; -1,057518
128,76644; -1,059044
128,96667; -1,057518
129,16689; -1,057518
129,36711; -1,057518
129,56733; -1,059044
129,76756; -1,057518
129,96778; -1,057518
130,168; -1,057518
130,36822; -1,057518
130,56844; -1,055992
130,76867; -1,055992
130,96889; -1,057518
131,16911; -1,057518
131,36933; -1,057518
131,56956; -1,055992
131,76978; -1,057518
131,97; -1,055992
132,17022; -1,057518
132,37044; -1,057518
132,57067; -1,057518
132,77089; -1,057518
132,97111; -1,057518
133,17133; -1,055992
133,37156; -1,057518
133,57178; -1,055992
133,772; -1,055992
133,97222; -1,057518
134,17244; -1,057518
134,37267; -1,055992
134,57289; -1,057518
134,77311; -1,055992
134,97333; -1,055992
135,17356; -1,055992
135,37378; -1,055992
135,574; -1,054466
135,77422; -1,055992
135,97444; -1,055992
136,17467; -1,055992
136,37489; -1,054466
136,57511; -1,054466
136,77533; -1,05294
136,97556; -1,054466
137,17578; -1,054466
137,376; -1,055992
137,57622; -1,055992
137,77644; -1,055992
137,97667; -1,055992
138,17689; -1,054466
138,37711; -1,054466
138,57733; -1,054466
138,77756; -1,055992
138,97778; -1,055992
139,178; -1,054466
139,37822; -1,054466
139,57844; -1,054466
139,77867; -1,054466
139,97889; -1,05294
140,17911; -1,05294
140,37933; -1,055992
140,57956; -1,055992
140,77978; -1,05294
140,98; -1,054466
141,18022; -1,054466
141,38044; -1,05294
141,58067; -1,05294
141,78089; -1,05294
141,98111; -1,05294
142,18133; -1,05294
142,38156; -1,05294
142,58178; -1,05294
142,782; -1,05294
142,98222; -1,054466
143,18244; -1,05294
143,38267; -1,05294
143,58289; -1,051414
143,78311; -1,05294
143,98333; -1,051414
144,18356; -1,05294
144,38378; -1,05294
144,584; -1,051414
144,78422; -1,05294
144,98444; -1,05294
145,18467; -1,05294
145,38489; -1,051414
145,58511; -1,051414
145,78533; -1,05294
145,98556; -1,051414
146,18578; -1,051414
146,386; -1,05294
146,58622; -1,05294
146,78644; -1,051414
146,98667; -1,05294
147,18689; -1,05294
147,38711; -1,051414
147,58733; -1,051414
147,78756; -1,051414
147,98778; -1,049888
148,188; -1,051414
148,38822; -1,051414
148,58844; -1,051414
148,78867; -1,05294
148,98889; -1,051414
149,18911; -1,051414
149,38933; -1,051414
149,58956; -1,049888
149,78978; -1,051414
149,99; -1,051414


Name=DFL (2)
X=Height, nm
Y=DFL, nA
-50,032001; 2,375982
-49,831779; 2,368352
-49,631557; 2,371404
-49,431335; 2,3653
-49,231113; 2,359196
-49,03089; 2,3653
-48,830668; 2,354618
-48,630446; 2,35767
-48,430224; 2,35004
-48,230001; 2,34241
-48,029779; 2,34241
-47,829557; 2,33478
-47,629335; 2,32715
-47,429113; 2,325624
-47,22889; 2,316468
-47,028668; 2,313416
-46,828446; 2,308838
-46,628224; 2,299682
-46,428001; 2,302734
-46,227779; 2,292052
-46,027557; 2,289
-45,827335; 2,284422
-45,627113; 2,27374
-45,42689; 2,28137
-45,226668; 2,269162
-45,026446; 2,26611
-44,826224; 2,267636
-44,626001; 2,256954
-44,425779; 2,261532
-44,225557; 2,249324
-44,025335; 2,244746
-43,825113; 2,247798
-43,62489; 2,238642
-43,424668; 2,237116
-43,224446; 2,232538
-43,024224; 2,223382
-42,824001; 2,229486
-42,623779; 2,217278
-42,423557; 2,2127
-42,223335; 2,215752
-42,023113; 2,198966
-41,82289; 2,203544
-41,622668; 2,195914
-41,422446; 2,18981
-41,222224; 2,188284
-41,022001; 2,177602
-40,821779; 2,173024
-40,621557; 2,171498
-40,421335; 2,163868
-40,221113; 2,157764
-40,02089; 2,15166
-39,820668; 2,147082
-39,620446; 2,148608
-39,420224; 2,139452
-39,220001; 2,137926
-39,019779; 2,1364
-38,819557; 2,127244
-38,619335; 2,122666
-38,419113; 2,118088
-38,21889; 2,108932
-38,018668; 2,10588
-37,818446; 2,102828
-37,618224; 2,096724
-37,418001; 2,093672
-37,217779; 2,086042
-37,017557; 2,078412
-36,817335; 2,072308
-36,617112; 2,06773
-36,41689; 2,06773
-36,216668; 2,0601
-36,016446; 2,057048
-35,816224; 2,053996
-35,616001; 2,047892
-35,415779; 2,043314
-35,215557; 2,035684
-35,015335; 2,023476
-34,815112; 2,02195
-34,61489; 2,017372
-34,414668; 2,00669
-34,214446; 2,008216
-34,014224; 1,994482
-33,814001; 1,992956
-33,613779; 1,986852
-33,413557; 1,974644
-33,213335; 1,973118
-33,013112; 1,971592
-32,81289; 1,96854
-32,612668; 1,96854
-32,412446; 1,96091
-32,212224; 1,954806
-32,012001; 1,947176
-31,811779; 1,93802
-31,611557; 1,931916
-31,411335; 1,927338
-31,211112; 1,916656
-31,01089; 1,916656
-30,810668; 1,909026
-30,610446; 1,902922
-30,410224; 1,895292
-30,210001; 1,890714
-30,009779; 1,887662
-29,809557; 1,880032
-29,609335; 1,870876
-29,409112; 1,867824
-29,20889; 1,866298
-29,008668; 1,857142
-28,808446; 1,849512
-28,608224; 1,844934
-28,408001; 1,843408
-28,207779; 1,832726
-28,007557; 1,829674
-27,807335; 1,825096
-27,607112; 1,820518
-27,40689; 1,818992
-27,206668; 1,806784
-27,006446; 1,806784
-26,806224; 1,80068
-26,606001; 1,788472
-26,405779; 1,780842
-26,205557; 1,774738
-26,005335; 1,77016
-25,805112; 1,767108
-25,60489; 1,76253
-25,404668; 1,750322
-25,204446; 1,745744
-25,004223; 1,742692
-24,804001; 1,733536
-24,603779; 1,733536
-24,403557; 1,722854
-24,203335; 1,719802
-24,003112; 1,71675
-23,80289; 1,707594
-23,602668; 1,706068
-23,402446; 1,698438
-23,202223; 1,687756
-23,002001; 1,68623
-22,801779; 1,6786
-22,601557; 1,674022
-22,401335; 1,667918
-22,201112; 1,660288
-22,00089; 1,658762
-21,800668; 1,649606
-21,600446; 1,645028
-21,400223; 1,638924
-21,200001; 1,631294
-20,999779; 1,629768
-20,799557; 1,620612
-20,599335; 1,616034
-20,399112; 1,608404
-20,19889; 1,608404
-19,998668; 1,599248
-19,798446; 1,593144
-19,598223; 1,583988
-19,398001; 1,576358
-19,197779; 1,574832
-18,997557; 1,570254
-18,797335; 1,56415
-18,597112; 1,558046
-18,39689; 1,547364
-18,196668; 1,545838
-17,996446; 1,53363
-17,796223; 1,529052
-17,596001; 1,526
-17,395779; 1,519896
-17,195557; 1,519896
-16,995335; 1,506162
-16,795112; 1,504636
-16,59489; 1,500058
-16,394668; 1,48785
-16,194446; 1,490902
-15,994223; 1,474116
-15,794001; 1,475642
-15,593779; 1,466486
-15,393557; 1,454278
-15,193335; 1,452752
-14,993112; 1,446648
-14,79289; 1,440544
-14,592668; 1,437492
-14,392446; 1,42681
-14,192223; 1,42681
-13,992001; 1,423758
-13,791779; 1,413076
-13,591557; 1,410024
-13,391335; 1,399342
-13,191112; 1,391712
-12,99089; 1,384082
-12,790668; 1,376452
-12,590446; 1,374926
-12,390223; 1,364244
-12,190001; 1,362718
-11,989779; 1,359666
-11,789557; 1,348984
-11,589334; 1,345932
-11,389112; 1,336776
-11,18889; 1,333724
-10,988668; 1,329146
-10,788446; 1,321516
-10,588223; 1,321516
-10,388001; 1,310834
-10,187779; 1,298626
-9,9875567; 1,295574
-9,7873345; 1,287944
-9,5871122; 1,286418
-9,38689; 1,284892
-9,1866678; 1,271158
-8,9864456; 1,27421
-8,7862234; 1,262002
-8,5860011; 1,254372
-8,3857789; 1,248268
-8,1855567; 1,237586
-7,9853345; 1,237586
-7,7851122; 1,229956
-7,58489; 1,22843
-7,3846678; 1,2208
-7,1844456; 1,210118
-6,9842233; 1,207066
-6,7840011; 1,196384
-6,5837789; 1,193332
-6,3835567; 1,184176
-6,1833344; 1,178072
-5,9831122; 1,17502
-5,78289; 1,16739
-5,5826678; 1,165864
-5,3824455; 1,161286
-5,1822233; 1,149078
-4,9820011; 1,149078
-4,7817789; 1,139922
-4,5815566; 1,132292
-4,3813344; 1,133818
-4,1811122; 1,117032
-3,98089; 1,117032
-3,7806678; 1,11398
-3,5804455; 1,09872
-3,3802233; 1,097194
-3,1800011; 1,089564
-2,9797789; 1,077356
-2,7795566; 1,080408
-2,5793344; 1,066674
-2,3791122; 1,063622
-2,17889; 1,065148
-1,9786677; 1,049888
-1,7784455; 1,05294
-1,5782233; 1,043784
-1,3780011; 1,03005
-1,1777788; 1,034628
-0,97755662; 1,02242
-0,77733439; 1,017842
-0,57711217; 1,011738
-0,37688994; 0,99952999
-0,17666772; 0,99800399
0,023554504; 0,99342599
0,22377673; 0,98426999
0,42399895; 0,98274399
0,62422118; 0,97511399
0,8244434; 0,97053599
1,0246656; 0,96290599
1,2248878; 0,95680199
1,4251101; 0,95069799
1,6253323; 0,94611999
1,8255545; 0,93848999
2,0257767; 0,93238599
2,225999; 0,92628199
2,4262212; 0,92017799
2,6264434; 0,91407399
2,8266656; 0,90949599
3,0268879; 0,90186599
3,2271101; 0,90033999
3,4273323; 0,88965799
3,6275545; 0,88507999
3,8277768; 0,87897599
4,027999; 0,87287199
4,2282212; 0,86676799
4,4284434; 0,86066399
4,6286657; 0,85150799
4,8288879; 0,84540399
5,0291101; 0,83624799
5,2293323; 0,83166999
5,4295546; 0,82556599
5,6297768; 0,81640999
5,829999; 0,81488399
6,0302212; 0,80877999
6,2304434; 0,80572799
6,4306657; 0,79657199
6,6308879; 0,78894199
6,8311101; 0,78894199
7,0313323; 0,78131199
7,2315546; 0,77062999
7,4317768; 0,76757799
7,631999; 0,76605199
7,8322212; 0,75536999
8,0324435; 0,74468799
8,2326657; 0,74163599
8,4328879; 0,73247999
8,6331101; 0,73095399
8,8333324; 0,72332399
9,0335546; 0,71416799
9,2337768; 0,71111599
9,433999; 0,70501199
9,6342213; 0,69432999
9,8344435; 0,68669999
10,034666; 0,68669999
10,234888; 0,67601799
10,43511; 0,67143999
10,635332; 0,66228399
10,835555; 0,65770599
11,035777; 0,65465399
11,235999; 0,64397199
11,436221; 0,64244599
11,636443; 0,63481599
11,836666; 0,62871199
12,036888; 0,62718599
12,23711; 0,61650399
12,437332; 0,61802999
12,637555; 0,61345199
12,837777; 0,59666599
13,037999; 0,59971799
13,238221; 0,58445799
13,438444; 0,58140599
13,638666; 0,57835399
13,838888; 0,56309399
14,03911; 0,57072399
14,239332; 0,55698999
14,439555; 0,54630799
14,639777; 0,54783399
14,839999; 0,53409999
15,040221; 0,53104799
15,240444; 0,52189199
15,440666; 0,50968399
15,640888; 0,51426199
15,84111; 0,50205399
16,041332; 0,49900199
16,241555; 0,49747599
16,441777; 0,48526799
16,641999; 0,48221599
16,842221; 0,47305999
17,042444; 0,46390399
17,242666; 0,46390399
17,442888; 0,45016999
17,64311; 0,45169599
17,843332; 0,44406599
18,043555; 0,43643599
18,243777; 0,43033199
18,443999; 0,42575399
18,644221; 0,41812399
18,844444; 0,41507199
19,044666; 0,40438999
19,244888; 0,39981199
19,44511; 0,39218199
19,645332; 0,38760399
19,845555; 0,38607799
20,045777; 0,37844799
20,245999; 0,37386999
20,446221; 0,36623999
20,646444; 0,35555799
20,846666; 0,35403199
21,046888; 0,34335
21,24711; 0,338772
21,447332; 0,33572
21,647555; 0,325038
21,847777; 0,32046
22,047999; 0,31283
22,248221; 0,3052
22,448444; 0,300622
22,648666; 0,294518
22,848888; 0,28994
23,04911; 0,286888
23,249332; 0,276206
23,449555; 0,26705
23,649777; 0,265524
23,849999; 0,260946
24,050221; 0,250264
24,250444; 0,247212
24,450666; 0,235004
24,650888; 0,231952
24,85111; 0,2289
25,051333; 0,216692
25,251555; 0,21364
25,451777; 0,210588
25,651999; 0,202958
25,852221; 0,19838
26,052444; 0,186172
26,252666; 0,18312
26,452888; 0,180068
26,65311; 0,16786
26,853333; 0,16023
27,053555; 0,16023
27,253777; 0,154126
27,453999; 0,151074
27,654221; 0,141918
27,854444; 0,135814
28,054666; 0,131236
28,254888; 0,11445
28,45511; 0,111398
28,655333; 0,105294
28,855555; 0,097663999
29,055777; 0,097663999
29,255999; 0,085455999
29,456221; 0,082403999
29,656444; 0,080877999
29,856666; 0,068669999
30,056888; 0,065617999
30,25711; 0,054935999
30,457333; 0,048831999
30,657555; 0,048831999
30,857777; 0,039675999
31,057999; 0,036623999
31,258221; 0,032046
31,458444; 0,018312
31,658666; 0,018312
31,858888; 0,0091559999
32,05911; 0,003052
32,259333; 0
32,459555; -0,0076299999
32,659777; -0,01526
32,859999; -0,025942
33,060221; -0,03052
33,260444; -0,035097999
33,460666; -0,042727999
33,660888; -0,045779999
33,86111; -0,053409999
34,061333; -0,057987999
34,261555; -0,061039999
34,461777; -0,071721999
34,661999; -0,077825999
34,862221; -0,085455999
35,062444; -0,093085999
35,262666; -0,099189999
35,462888; -0,105294
35,66311; -0,108346
35,863333; -0,117502
36,063555; -0,120554
36,263777; -0,126658
36,463999; -0,13734
36,664221; -0,141918
36,864444; -0,148022
37,064666; -0,1526
37,264888; -0,157178
37,46511; -0,161756
37,665333; -0,170912
37,865555; -0,177016
38,065777; -0,18312
38,265999; -0,193802
38,466222; -0,195328
38,666444; -0,201432
38,866666; -0,209062
39,066888; -0,212114
39,26711; -0,219744
39,467333; -0,227374
39,667555; -0,230426
39,867777; -0,245686
40,067999; -0,247212
40,268222; -0,257894
40,468444; -0,265524
40,668666; -0,262472
40,868888; -0,276206
41,06911; -0,276206
41,269333; -0,283836
41,469555; -0,292992
41,669777; -0,291466
41,869999; -0,306726
42,070222; -0,309778
42,270444; -0,31283
42,470666; -0,323512
42,670888; -0,326564
42,87111; -0,331142
43,071333; -0,34335
43,271555; -0,349454
43,471777; -0,35708399
43,671999; -0,36318799
43,872222; -0,36471399
44,072444; -0,37539599
44,272666; -0,37692199
44,472888; -0,38455199
44,67311; -0,39065599
44,873333; -0,39675999
45,073555; -0,40896799
45,273777; -0,41049399
45,473999; -0,41659799
45,674222; -0,42422799
45,874444; -0,42880599
46,074666; -0,43490999
46,274888; -0,44864399
46,47511; -0,45169599
46,675333; -0,46085199
46,875555; -0,46085199
47,075777; -0,46695599
47,275999; -0,47458599
47,476222; -0,47458599
47,676444; -0,48374199
47,876666; -0,48831999
48,076888; -0,49594999
48,27711; -0,50510599
48,477333; -0,50663199
48,677555; -0,51578799
48,877777; -0,52189199
49,077999; -0,53104799
49,278222; -0,53562599
49,478444; -0,54172999
49,678666; -0,54935999
49,878888; -0,55698999
50,079111; -0,55851599
50,279333; -0,56767199
50,479555; -0,57377599
50,679777; -0,57530199
50,879999; -0,58598399
51,080222; -0,58598399
51,280444; -0,59666599
51,480666; -0,60276999
51,680888; -0,60582199
51,881111; -0,61497799
52,081333; -0,61955599
52,281555; -0,62260799
52,481777; -0,63786799
52,681999; -0,63786799
52,882222; -0,64397199
53,082444; -0,65617999
53,282666; -0,65770599
53,482888; -0,67143999
53,683111; -0,66838799
53,883333; -0,67296599
54,083555; -0,68364799
54,283777; -0,68669999
54,483999; -0,69432999
54,684222; -0,70195999
54,884444; -0,70501199
55,084666; -0,71874599
55,284888; -0,72027199
55,485111; -0,71874599
55,685333; -0,73247999
55,885555; -0,73247999
56,085777; -0,74010999
56,285999; -0,74773999
56,486222; -0,75079199
56,686444; -0,76605199
56,886666; -0,76757799
57,086888; -0,77368199
57,287111; -0,78131199
57,487333; -0,77978599
57,687555; -0,78894199
57,887777; -0,79504599
58,087999; -0,79809799
58,288222; -0,81335799
58,488444; -0,81183199
58,688666; -0,82098799
58,888888; -0,83014399
59,089111; -0,82861799
59,289333; -0,83929999
59,489555; -0,84235199
59,689777; -0,84998199
59,889999; -0,86218999
60,090222; -0,86066399
60,290444; -0,86981999
60,490666; -0,87744999
60,690888; -0,87744999
60,891111; -0,88813199
61,091333; -0,88507999
61,291555; -0,89270999
61,491777; -0,90491799
61,691999; -0,90644399
61,892222; -0,91865199
62,092444; -0,92170399
62,292666; -0,92780799
62,492888; -0,93696399
62,693111; -0,93391199
62,893333; -0,94459399
63,093555; -0,95069799
63,293777; -0,94764599
63,494; -0,95985399
63,694222; -0,96443199
63,894444; -0,96748399
64,094666; -0,97511399
64,294888; -0,97969199
64,495111; -0,98426999
64,695333; -0,99189999
64,895555; -0,99495199
65,095777; -1,005634
65,296; -1,011738
65,496222; -1,017842
65,696444; -1,019368
65,896666; -1,03005
66,096888; -1,039206
66,297111; -1,03768
66,497333; -1,048362
66,697555; -1,048362
66,897777; -1,054466
67,098; -1,063622
67,298222; -1,063622
67,498444; -1,0682
67,698666; -1,074304
67,898888; -1,077356
68,099111; -1,088038
68,299333; -1,092616
68,499555; -1,092616
68,699777; -1,103298
68,9; -1,10635
69,100222; -1,115506
69,300444; -1,12161
69,500666; -1,124662
69,700888; -1,135344
69,901111; -1,13687
70,101333; -1,142974
70,301555; -1,15213
70,501777; -1,153656
70,702; -1,158234
70,902222; -1,16739
71,102444; -1,170442
71,302666; -1,178072
71,502888; -1,181124
71,703111; -1,185702
71,903333; -1,191806
72,103555; -1,194858
72,303777; -1,199436
72,504; -1,204014
72,704222; -1,211644
72,904444; -1,219274
73,104666; -1,223852
73,304888; -1,22843
73,505111; -1,231482
73,705333; -1,237586
73,905555; -1,242164
74,105777; -1,245216
74,306; -1,246742
74,506222; -1,257424
74,706444; -1,262002
74,906666; -1,268106
75,106889; -1,27421
75,307111; -1,27421
75,507333; -1,280314
75,707555; -1,287944
75,907777; -1,287944
76,108; -1,300152
76,308222; -1,298626
76,508444; -1,303204
76,708666; -1,310834
76,908889; -1,310834
77,109111; -1,318464
77,309333; -1,31999
77,509555; -1,326094
77,709777; -1,332198
77,91; -1,32762
78,110222; -1,336776
78,310444; -1,339828
78,510666; -1,339828
78,710889; -1,34288
78,911111; -1,34288
79,111333; -1,348984
79,311555; -1,347458
79,511777; -1,309308
79,712; -1,176546
79,912222; -1,158234
80,112444; -1,147552
80,312666; -1,138396
80,512889; -1,133818
80,713111; -1,133818
80,913333; -1,12924
81,113555; -1,127714
81,313777; -1,126188
81,514; -1,12161
81,714222; -1,120084
81,914444; -1,115506
82,114666; -1,115506
82,314889; -1,11398
82,515111; -1,110928
82,715333; -1,109402
82,915555; -1,10635
83,115777; -1,104824
83,316; -1,10635
83,516222; -1,103298
83,716444; -1,101772
83,916666; -1,101772
84,116889; -1,100246
84,317111; -1,100246
84,517333; -1,097194
84,717555; -1,097194
84,917777; -1,095668
85,118; -1,094142
85,318222; -1,092616
85,518444; -1,09109
85,718666; -1,09109
85,918889; -1,089564
86,119111; -1,088038
86,319333; -1,088038
86,519555; -1,088038
86,719777; -1,086512
86,92; -1,086512
87,120222; -1,08346
87,320444; -1,08346
87,520666; -1,080408
87,720889; -1,078882
87,921111; -1,080408
88,121333; -1,078882
88,321555; -1,077356
88,521778; -1,077356
88,722; -1,07583
88,922222; -1,074304
89,122444; -1,072778
89,322666; -1,069726
89,522889; -1,0682
89,723111; -1,0682
89,923333; -1,0682
90,123555; -1,0682
90,323778; -1,0682
90,524; -1,0682
90,724222; -1,066674
90,924444; -1,066674
91,124666; -1,0682
91,324889; -1,0682
91,525111; -1,0682
91,725333; -1,066674
91,925555; -1,066674
92,125778; -1,0682
92,326; -1,066674
92,526222; -1,066674
92,726444; -1,066674
92,926666; -1,066674
93,126889; -1,0682
93,327111; -1,066674
93,527333; -1,0682
93,727555; -1,0682
93,927778; -1,066674
94,128; -1,066674
94,328222; -1,066674
94,528444; -1,066674
94,728666; -1,066674
94,928889; -1,066674
95,129111; -1,066674
95,329333; -1,0682
95,529555; -1,066674
95,729778; -1,0682
95,93; -1,066674
96,130222; -1,066674
96,330444; -1,066674
96,530666; -1,066674
96,730889; -1,066674
96,931111; -1,065148
97,131333; -1,066674
97,331555; -1,066674
97,531778; -1,066674
97,732; -1,066674
97,932222; -1,0682
98,132444; -1,0682
98,332666; -1,066674
98,532889; -1,066674
98,733111; -1,065148
98,933333; -1,065148
99,133555; -1,065148
99,333778; -1,066674
99,534; -1,065148
99,734222; -1,066674
99,934444; -1,065148
100,13467; -1,065148
100,33489; -1,065148
100,53511; -1,066674
100,73533; -1,066674
100,93556; -1,065148
101,13578; -1,065148
101,336; -1,063622
101,53622; -1,065148
101,73644; -1,066674
101,93667; -1,066674
102,13689; -1,065148
102,33711; -1,065148
102,53733; -1,066674
102,73756; -1,063622
102,93778; -1,065148
103,138; -1,066674
103,33822; -1,066674
103,53844; -1,065148
103,73867; -1,063622
103,93889; -1,065148
104,13911; -1,065148
104,33933; -1,063622
104,53956; -1,065148
104,73978; -1,063622
104,94; -1,063622
105,14022; -1,063622
105,34044; -1,063622
105,54067; -1,065148
105,74089; -1,063622
105,94111; -1,066674
106,14133; -1,063622
106,34156; -1,065148
106,54178; -1,063622
106,742; -1,065148
106,94222; -1,065148
107,14244; -1,063622
107,34267; -1,065148
107,54289; -1,065148
107,74311; -1,063622
107,94333; -1,065148
108,14356; -1,063622
108,34378; -1,063622
108,544; -1,065148
108,74422; -1,063622
108,94444; -1,065148
109,14467; -1,065148
109,34489; -1,065148
109,54511; -1,063622
109,74533; -1,062096
109,94556; -1,063622
110,14578; -1,063622
110,346; -1,063622
110,54622; -1,062096
110,74644; -1,062096
110,94667; -1,063622
111,14689; -1,063622
111,34711; -1,063622
111,54733; -1,063622
111,74756; -1,063622
111,94778; -1,063622
112,148; -1,063622
112,34822; -1,063622
112,54844; -1,06057
112,74867; -1,06057
112,94889; -1,063622
113,14911; -1,062096
113,34933; -1,062096
113,54956; -1,062096
113,74978; -1,062096
113,95; -1,062096
114,15022; -1,063622
114,35044; -1,063622
114,55067; -1,063622
114,75089; -1,062096
114,95111; -1,063622
115,15133; -1,062096
115,35156; -1,063622
115,55178; -1,063622
115,752; -1,062096
115,95222; -1,063622
116,15244; -1,062096
116,35267; -1,062096
116,55289; -1,062096
116,75311; -1,062096
116,95333; -1,062096
117,15356; -1,06057
117,35378; -1,06057
117,554; -1,06057
117,75422; -1,062096
117,95444; -1,062096
118,15467; -1,06057
118,35489; -1,062096
118,55511; -1,062096
118,75533; -1,062096
118,95556; -1,062096
119,15578; -1,062096
119,356; -1,062096
119,55622; -1,062096
119,75644; -1,062096
119,95667; -1,06057
120,15689; -1,06057
120,35711; -1,06057
120,55733; -1,062096
120,75756; -1,06057
120,95778; -1,06057
121,158; -1,06057
121,35822; -1,062096
121,55844; -1,06057
121,75867; -1,06057
121,95889; -1,06057
122,15911; -1,06057
122,35933; -1,06057
122,55956; -1,062096
122,75978; -1,062096
122,96; -1,06057
123,16022; -1,06057
123,36044; -1,06057
123,56067; -1,06057
123,76089; -1,06057
123,96111; -1,059044
124,16133; -1,059044
124,36156; -1,06057
124,56178; -1,059044
124,762; -1,06057
124,96222; -1,06057
125,16244; -1,06057
125,36267; -1,06057
125,56289; -1,059044
125,76311; -1,06057
125,96333; -1,059044
126,16356; -1,06057
126,36378; -1,059044
126,564; -1,06057
126,76422; -1,059044
126,96444; -1,059044
127,16467; -1,059044
127,36489; -1,059044
127,56511; -1,059044
127,76533; -1,059044
127,96556; -1,059044
128,16578; -1,059044
128,366; -1,057518
128,56622; -1,057518
128,76644; -1,059044
128,96667; -1,057518
129,16689; -1,06057
129,36711; -1,059044
129,56733; -1,059044
129,76756; -1,057518
129,96778; -1,059044
130,168; -1,057518
130,36822; -1,057518
130,56844; -1,057518
130,76867; -1,057518
130,96889; -1,059044
131,16911; -1,059044
131,36933; -1,057518
131,56956; -1,059044
131,76978; -1,057518
131,97; -1,057518
132,17022; -1,059044
132,37044; -1,055992
132,57067; -1,057518
132,77089; -1,059044
132,97111; -1,055992
133,17133; -1,055992
133,37156; -1,055992
133,57178; -1,057518
133,772; -1,057518
133,97222; -1,057518
134,17244; -1,055992
134,37267; -1,055992
134,57289; -1,055992
134,77311; -1,057518
134,97333; -1,057518
135,17356; -1,057518
135,37378; -1,055992
135,574; -1,057518
135,77422; -1,057518
135,97444; -1,055992
136,17467; -1,054466
136,37489; -1,057518
136,57511; -1,055992
136,77533; -1,055992
136,97556; -1,054466
137,17578; -1,054466
137,376; -1,055992
137,57622; -1,055992
137,77644; -1,055992
137,97667; -1,055992
138,17689; -1,055992
138,37711; -1,055992
138,57733; -1,054466
138,77756; -1,054466
138,97778; -1,054466
139,178; -1,054466
139,37822; -1,054466
139,57844; -1,05294
139,77867; -1,054466
139,97889; -1,055992
140,17911; -1,054466
140,37933; -1,054466
140,57956; -1,054466
140,77978; -1,05294
140,98; -1,054466
141,18022; -1,054466
141,38044; -1,054466
141,58067; -1,054466
141,78089; -1,05294
141,98111; -1,05294
142,18133; -1,054466
142,38156; -1,05294
142,58178; -1,05294
142,782; -1,054466
142,98222; -1,05294
143,18244; -1,05294
143,38267; -1,051414
143,58289; -1,05294
143,78311; -1,054466
143,98333; -1,05294
144,18356; -1,054466
144,38378; -1,054466
144,584; -1,054466
144,78422; -1,054466
144,98444; -1,05294
145,18467; -1,054466
145,38489; -1,05294
145,58511; -1,05294
145,78533; -1,05294
145,98556; -1,054466
146,18578; -1,054466
146,386; -1,05294
146,58622; -1,05294
146,78644; -1,054466
146,98667; -1,051414
147,18689; -1,051414
147,38711; -1,051414
147,58733; -1,05294
147,78756; -1,051414
147,98778; -1,051414
148,188; -1,05294
148,38822; -1,051414
148,58844; -1,051414
148,78867; -1,051414
148,98889; -1,051414
149,18911; -1,051414
149,38933; -1,051414
149,58956; -1,051414
149,78978; -1,051414
149,99; -1,049888
