Name=DFL (1)
X=Height, nm
Y=DFL, nA
-50,032001; 2,527056
-49,831779; 2,520952
-49,631557; 2,511796
-49,431335; 2,511796
-49,231113; 2,496536
-49,03089; 2,49501
-48,830668; 2,48738
-48,630446; 2,47975
-48,430224; 2,47975
-48,230001; 2,47212
-48,029779; 2,461438
-47,829557; 2,459912
-47,629335; 2,450756
-47,429113; 2,440074
-47,22889; 2,438548
-47,028668; 2,43397
-46,828446; 2,430918
-46,628224; 2,424814
-46,428001; 2,41871
-46,227779; 2,408028
-46,027557; 2,398872
-45,827335; 2,39582
-45,627113; 2,386664
-45,42689; 2,382086
-45,226668; 2,382086
-45,026446; 2,369878
-44,826224; 2,3653
-44,626001; 2,360722
-44,425779; 2,351566
-44,225557; 2,343936
-44,025335; 2,343936
-43,825113; 2,328676
-43,62489; 2,328676
-43,424668; 2,322572
-43,224446; 2,316468
-43,024224; 2,314942
-42,824001; 2,299682
-42,623779; 2,293578
-42,423557; 2,289
-42,223335; 2,28137
-42,023113; 2,270688
-41,82289; 2,27374
-41,622668; 2,263058
-41,422446; 2,25848
-41,222224; 2,253902
-41,022001; 2,246272
-40,821779; 2,238642
-40,621557; 2,232538
-40,421335; 2,234064
-40,221113; 2,218804
-40,02089; 2,215752
-39,820668; 2,215752
-39,620446; 2,203544
-39,420224; 2,195914
-39,220001; 2,192862
-39,019779; 2,177602
-38,819557; 2,18218
-38,619335; 2,17455
-38,419113; 2,163868
-38,21889; 2,168446
-38,018668; 2,148608
-37,818446; 2,148608
-37,618224; 2,14403
-37,418001; 2,131822
-37,217779; 2,12877
-37,017557; 2,116562
-36,817335; 2,118088
-36,617112; 2,107406
-36,41689; 2,104354
-36,216668; 2,099776
-36,016446; 2,093672
-35,816224; 2,086042
-35,616001; 2,084516
-35,415779; 2,070782
-35,215557; 2,069256
-35,015335; 2,066204
-34,815112; 2,055522
-34,61489; 2,050944
-34,414668; 2,04484
-34,214446; 2,03721
-34,014224; 2,032632
-33,814001; 2,02195
-33,613779; 2,017372
-33,413557; 2,011268
-33,213335; 2,00669
-33,013112; 1,997534
-32,81289; 1,992956
-32,612668; 1,989904
-32,412446; 1,9838
-32,212224; 1,974644
-32,012001; 1,974644
-31,811779; 1,967014
-31,611557; 1,959384
-31,411335; 1,956332
-31,211112; 1,944124
-31,01089; 1,941072
-30,810668; 1,934968
-30,610446; 1,928864
-30,410224; 1,919708
-30,210001; 1,916656
-30,009779; 1,910552
-29,809557; 1,901396
-29,609335; 1,902922
-29,409112; 1,889188
-29,20889; 1,880032
-29,008668; 1,878506
-28,808446; 1,870876
-28,608224; 1,864772
-28,408001; 1,863246
-28,207779; 1,852564
-28,007557; 1,85409
-27,807335; 1,843408
-27,607112; 1,829674
-27,40689; 1,837304
-27,206668; 1,820518
-27,006446; 1,822044
-26,806224; 1,812888
-26,606001; 1,803732
-26,405779; 1,802206
-26,205557; 1,791524
-26,005335; 1,794576
-25,805112; 1,77779
-25,60489; 1,773212
-25,404668; 1,774738
-25,204446; 1,76253
-25,004223; 1,761004
-24,804001; 1,756426
-24,603779; 1,745744
-24,403557; 1,741166
-24,203335; 1,736588
-24,003112; 1,725906
-23,80289; 1,725906
-23,602668; 1,715224
-23,402446; 1,712172
-23,202223; 1,703016
-23,002001; 1,70149
-22,801779; 1,687756
-22,601557; 1,684704
-22,401335; 1,68623
-22,201112; 1,672496
-22,00089; 1,672496
-21,800668; 1,66334
-21,600446; 1,657236
-21,400223; 1,65571
-21,200001; 1,64045
-20,999779; 1,635872
-20,799557; 1,628242
-20,599335; 1,622138
-20,399112; 1,616034
-20,19889; 1,612982
-19,998668; 1,60993
-19,798446; 1,60993
-19,598223; 1,599248
-19,398001; 1,59467
-19,197779; 1,583988
-18,997557; 1,580936
-18,797335; 1,573306
-18,597112; 1,561098
-18,39689; 1,561098
-18,196668; 1,554994
-17,996446; 1,551942
-17,796223; 1,54889
-17,596001; 1,536682
-17,395779; 1,538208
-17,195557; 1,527526
-16,995335; 1,519896
-16,795112; 1,516844
-16,59489; 1,504636
-16,394668; 1,50311
-16,194446; 1,492428
-15,994223; 1,483272
-15,794001; 1,481746
-15,593779; 1,471064
-15,393557; 1,46496
-15,193335; 1,468012
-14,993112; 1,452752
-14,79289; 1,455804
-14,592668; 1,446648
-14,392446; 1,439018
-14,192223; 1,439018
-13,992001; 1,428336
-13,791779; 1,417654
-13,591557; 1,417654
-13,391335; 1,413076
-13,191112; 1,400868
-12,99089; 1,402394
-12,790668; 1,393238
-12,590446; 1,382556
-12,390223; 1,38103
-12,190001; 1,374926
-11,989779; 1,370348
-11,789557; 1,36577
-11,589334; 1,36577
-11,389112; 1,352036
-11,18889; 1,35051
-10,988668; 1,339828
-10,788446; 1,336776
-10,588223; 1,324568
-10,388001; 1,318464
-10,187779; 1,315412
-9,9875567; 1,309308
-9,7873345; 1,307782
-9,5871122; 1,300152
-9,38689; 1,294048
-9,1866678; 1,284892
-8,9864456; 1,277262
-8,7862234; 1,272684
-8,5860011; 1,269632
-8,3857789; 1,260476
-8,1855567; 1,254372
-7,9853345; 1,252846
-7,7851122; 1,239112
-7,58489; 1,242164
-7,3846678; 1,234534
-7,1844456; 1,226904
-6,9842233; 1,2208
-6,7840011; 1,214696
-6,5837789; 1,208592
-6,3835567; 1,200962
-6,1833344; 1,204014
-5,9831122; 1,188754
-5,78289; 1,185702
-5,5826678; 1,178072
-5,3824455; 1,170442
-5,1822233; 1,168916
-4,9820011; 1,161286
-4,7817789; 1,150604
-4,5815566; 1,150604
-4,3813344; 1,1445
-4,1811122; 1,133818
-3,98089; 1,132292
-3,7806678; 1,120084
-3,5804455; 1,12161
-3,3802233; 1,115506
-3,1800011; 1,10635
-2,9797789; 1,101772
-2,7795566; 1,095668
-2,5793344; 1,092616
-2,3791122; 1,08346
-2,17889; 1,074304
-1,9786677; 1,072778
-1,7784455; 1,066674
-1,5782233; 1,057518
-1,3780011; 1,055992
-1,1777788; 1,046836
-0,97755662; 1,040732
-0,77733439; 1,03768
-0,57711217; 1,03005
-0,37688994; 1,026998
-0,17666772; 1,02242
0,023554504; 1,016316
0,22377673; 1,008686
0,42399895; 0,99952999
0,62422118; 0,99342599
0,8244434; 0,98274399
1,0246656; 0,98121799
1,2248878; 0,97663999
1,4251101; 0,97206199
1,6253323; 0,96900999
1,8255545; 0,96443199
2,0257767; 0,95680199
2,225999; 0,94917199
2,4262212; 0,94001599
2,6264434; 0,93391199
2,8266656; 0,93085999
3,0268879; 0,91865199
3,2271101; 0,91254799
3,4273323; 0,90949599
3,6275545; 0,90491799
3,8277768; 0,89881399
4,027999; 0,89423599
4,2282212; 0,88813199
4,4284434; 0,88202799
4,6286657; 0,87592399
4,8288879; 0,87134599
5,0291101; 0,86524199
5,2293323; 0,85913799
5,4295546; 0,85608599
5,6297768; 0,84387799
5,829999; 0,84082599
6,0302212; 0,83319599
6,2304434; 0,82709199
6,4306657; 0,82709199
6,6308879; 0,81488399
6,8311101; 0,81335799
7,0313323; 0,80877999
7,2315546; 0,79962399
7,4317768; 0,79809799
7,631999; 0,78894199
7,8322212; 0,77673399
8,0324435; 0,77825999
8,2326657; 0,77520799
8,4328879; 0,76452599
8,6331101; 0,76299999
8,8333324; 0,75689599
9,0335546; 0,74468799
9,2337768; 0,73858399
9,433999; 0,72942799
9,6342213; 0,72179799
9,8344435; 0,72027199
10,034666; 0,71111599
10,234888; 0,70348599
10,43511; 0,70653799
10,635332; 0,69432999
10,835555; 0,69432999
11,035777; 0,68669999
11,235999; 0,67449199
11,436221; 0,67143999
11,636443; 0,66533599
11,836666; 0,66228399
12,036888; 0,65312799
12,23711; 0,65160199
12,437332; 0,64702399
12,637555; 0,63634199
12,837777; 0,63176399
13,037999; 0,62413399
13,238221; 0,61955599
13,438444; 0,61650399
13,638666; 0,61039999
13,838888; 0,59971799
14,03911; 0,60124399
14,239332; 0,59361399
14,439555; 0,58903599
14,639777; 0,57835399
14,839999; 0,57835399
15,040221; 0,56461999
15,240444; 0,56156799
15,440666; 0,56004199
15,640888; 0,54630799
15,84111; 0,54325599
16,041332; 0,54020399
16,241555; 0,52952199
16,441777; 0,52952199
16,641999; 0,52036599
16,842221; 0,51578799
17,042444; 0,50968399
17,242666; 0,50510599
17,442888; 0,49137199
17,64311; 0,49137199
17,843332; 0,48068999
18,043555; 0,47916399
18,243777; 0,46848199
18,443999; 0,46390399
18,644221; 0,45779999
18,844444; 0,44864399
19,044666; 0,44864399
19,244888; 0,43796199
19,44511; 0,43643599
19,645332; 0,42880599
19,845555; 0,42575399
20,045777; 0,42117599
20,245999; 0,41201999
20,446221; 0,40591599
20,646444; 0,39675999
20,846666; 0,39370799
21,046888; 0,38302599
21,24711; 0,38149999
21,447332; 0,37539599
21,647555; 0,36776599
21,847777; 0,36318799
22,047999; 0,35708399
22,248221; 0,346402
22,448444; 0,34335
22,648666; 0,337246
22,848888; 0,329616
23,04911; 0,326564
23,249332; 0,323512
23,449555; 0,32046
23,649777; 0,311304
23,849999; 0,300622
24,050221; 0,294518
24,250444; 0,286888
24,450666; 0,283836
24,650888; 0,276206
24,85111; 0,271628
25,051333; 0,270102
25,251555; 0,262472
25,451777; 0,257894
25,651999; 0,25179
25,852221; 0,239582
26,052444; 0,238056
26,252666; 0,235004
26,452888; 0,225848
26,65311; 0,224322
26,853333; 0,215166
27,053555; 0,210588
27,253777; 0,201432
27,453999; 0,195328
27,654221; 0,187698
27,854444; 0,180068
28,054666; 0,177016
28,254888; 0,169386
28,45511; 0,170912
28,655333; 0,161756
28,855555; 0,158704
29,055777; 0,148022
29,255999; 0,141918
29,456221; 0,132762
29,656444; 0,125132
29,856666; 0,123606
30,056888; 0,11445
30,25711; 0,111398
30,457333; 0,105294
30,657555; 0,097663999
30,857777; 0,093085999
31,057999; 0,088507999
31,258221; 0,080877999
31,458444; 0,076299999
31,658666; 0,073247999
31,858888; 0,064091999
32,05911; 0,061039999
32,259333; 0,053409999
32,459555; 0,044253999
32,659777; 0,038149999
32,859999; 0,032046
33,060221; 0,025942
33,260444; 0,021364
33,460666; 0,021364
33,660888; 0,0076299999
33,86111; 0,0076299999
34,061333; -0,001526
34,261555; -0,003052
34,461777; -0,012208
34,661999; -0,019838
34,862221; -0,027468
35,062444; -0,027468
35,262666; -0,032046
35,462888; -0,042727999
35,66311; -0,045779999
35,863333; -0,057987999
36,063555; -0,062565999
36,263777; -0,064091999
36,463999; -0,074773999
36,664221; -0,080877999
36,864444; -0,085455999
37,064666; -0,088507999
37,264888; -0,096137999
37,46511; -0,100716
37,665333; -0,105294
37,865555; -0,10682
38,065777; -0,117502
38,265999; -0,12208
38,466222; -0,128184
38,666444; -0,141918
38,866666; -0,135814
39,066888; -0,157178
39,26711; -0,154126
39,467333; -0,155652
39,667555; -0,170912
39,867777; -0,173964
40,067999; -0,18312
40,268222; -0,187698
40,468444; -0,19075
40,668666; -0,195328
40,868888; -0,207536
41,06911; -0,202958
41,269333; -0,21364
41,469555; -0,219744
41,669777; -0,227374
41,869999; -0,233478
42,070222; -0,241108
42,270444; -0,245686
42,470666; -0,253316
42,670888; -0,260946
42,87111; -0,265524
43,071333; -0,268576
43,271555; -0,271628
43,471777; -0,28231
43,671999; -0,283836
43,872222; -0,294518
44,072444; -0,302148
44,272666; -0,300622
44,472888; -0,314356
44,67311; -0,317408
44,873333; -0,321986
45,073555; -0,329616
45,273777; -0,331142
45,473999; -0,338772
45,674222; -0,347928
45,874444; -0,349454
46,074666; -0,35555799
46,274888; -0,36623999
46,47511; -0,36471399
46,675333; -0,37539599
46,875555; -0,37692199
47,075777; -0,38302599
47,275999; -0,39065599
47,476222; -0,39828599
47,676444; -0,40744199
47,876666; -0,40896799
48,076888; -0,42270199
48,27711; -0,42270199
48,477333; -0,42727999
48,677555; -0,43338399
48,877777; -0,43796199
49,077999; -0,44711799
49,278222; -0,45474799
49,478444; -0,46085199
49,678666; -0,46542999
49,878888; -0,47458599
50,079111; -0,47611199
50,279333; -0,48221599
50,479555; -0,48526799
50,679777; -0,49594999
50,879999; -0,50052799
51,080222; -0,50357999
51,280444; -0,51426199
51,480666; -0,51426199
51,680888; -0,52799599
51,881111; -0,52952199
52,081333; -0,53562599
52,281555; -0,54325599
52,481777; -0,54172999
52,681999; -0,55241199
52,882222; -0,56461999
53,082444; -0,56309399
53,282666; -0,57224999
53,482888; -0,57682799
53,683111; -0,58140599
53,883333; -0,59208799
54,083555; -0,58750999
54,283777; -0,60276999
54,483999; -0,60429599
54,684222; -0,61345199
54,884444; -0,62108199
55,084666; -0,61802999
55,284888; -0,63481599
55,485111; -0,63328999
55,685333; -0,63634199
55,885555; -0,64854999
56,085777; -0,65007599
56,285999; -0,65617999
56,486222; -0,66533599
56,686444; -0,66838799
56,886666; -0,67754399
57,086888; -0,68212199
57,287111; -0,68517399
57,487333; -0,69432999
57,687555; -0,69890799
57,887777; -0,70653799
58,087999; -0,70958999
58,288222; -0,71721999
58,488444; -0,72484999
58,688666; -0,72637599
58,888888; -0,73553199
59,089111; -0,73858399
59,289333; -0,74468799
59,489555; -0,75536999
59,689777; -0,75689599
59,889999; -0,76452599
60,090222; -0,77520799
60,290444; -0,77520799
60,490666; -0,78131199
60,690888; -0,79046799
60,891111; -0,79199399
61,091333; -0,80114999
61,291555; -0,80420199
61,491777; -0,81030599
61,691999; -0,81946199
61,892222; -0,82403999
62,092444; -0,83166999
62,292666; -0,83319599
62,492888; -0,84540399
62,693111; -0,84540399
62,893333; -0,85150799
63,093555; -0,85913799
63,293777; -0,86524199
63,494; -0,87134599
63,694222; -0,87744999
63,894444; -0,88355399
64,094666; -0,88660599
64,294888; -0,89576199
64,495111; -0,89728799
64,695333; -0,90339199
64,895555; -0,91254799
65,095777; -0,91407399
65,296; -0,92170399
65,496222; -0,92933399
65,696444; -0,93085999
65,896666; -0,94001599
66,096888; -0,94459399
66,297111; -0,94764599
66,497333; -0,95527599
66,697555; -0,96290599
66,897777; -0,96595799
67,098; -0,97053599
67,298222; -0,97969199
67,498444; -0,98426999
67,698666; -0,98884799
67,898888; -0,99495199
68,099111; -0,99800399
68,299333; -1,005634
68,499555; -1,008686
68,699777; -1,011738
68,9; -1,020894
69,100222; -1,025472
69,300444; -1,033102
69,500666; -1,03768
69,700888; -1,04531
69,901111; -1,046836
70,101333; -1,051414
70,301555; -1,057518
70,501777; -1,063622
70,702; -1,065148
70,902222; -1,071252
71,102444; -1,07583
71,302666; -1,078882
71,502888; -1,084986
71,703111; -0,95985399
71,903333; -0,95985399
72,103555; -0,95985399
72,303777; -0,95985399
72,504; -0,95832799
72,704222; -0,95985399
72,904444; -0,95985399
73,104666; -0,95985399
73,304888; -0,95832799
73,505111; -0,95985399
73,705333; -0,95985399
73,905555; -0,95985399
74,105777; -0,95832799
74,306; -0,95985399
74,506222; -0,95985399
74,706444; -0,95985399
74,906666; -0,95985399
75,106889; -0,95832799
75,307111; -0,95985399
75,507333; -0,95985399
75,707555; -0,95985399
75,907777; -0,95985399
76,108; -0,95985399
76,308222; -0,95832799
76,508444; -0,95985399
76,708666; -0,95680199
76,908889; -0,95985399
77,109111; -0,95832799
77,309333; -0,95832799
77,509555; -0,96137999
77,709777; -0,95985399
77,91; -0,95832799
78,110222; -0,95832799
78,310444; -0,95985399
78,510666; -0,95985399
78,710889; -0,95832799
78,911111; -0,95832799
79,111333; -0,95832799
79,311555; -0,95832799
79,511777; -0,95832799
79,712; -0,95832799
79,912222; -0,95680199
80,112444; -0,95832799
80,312666; -0,95680199
80,512889; -0,95832799
80,713111; -0,95832799
80,913333; -0,95832799
81,113555; -0,95832799
81,313777; -0,95832799
81,514; -0,95680199
81,714222; -0,95832799
81,914444; -0,95680199
82,114666; -0,95832799
82,314889; -0,95832799
82,515111; -0,95680199
82,715333; -0,95680199
82,915555; -0,95680199
83,115777; -0,95832799
83,316; -0,95680199
83,516222; -0,95832799
83,716444; -0,95680199
83,916666; -0,95832799
84,116889; -0,95832799
84,317111; -0,95680199
84,517333; -0,95832799
84,717555; -0,95680199
84,917777; -0,95832799
85,118; -0,95680199
85,318222; -0,95832799
85,518444; -0,95680199
85,718666; -0,95527599
85,918889; -0,95680199
86,119111; -0,95680199
86,319333; -0,95680199
86,519555; -0,95832799
86,719777; -0,95832799
86,92; -0,95680199
87,120222; -0,95832799
87,320444; -0,95680199
87,520666; -0,95832799
87,720889; -0,95680199
87,921111; -0,95680199
88,121333; -0,95680199
88,321555; -0,95832799
88,521778; -0,95680199
88,722; -0,95680199
88,922222; -0,95680199
89,122444; -0,95680199
89,322666; -0,95527599
89,522889; -0,95680199
89,723111; -0,95680199
89,923333; -0,95680199
90,123555; -0,95680199
90,323778; -0,95680199
90,524; -0,95680199
90,724222; -0,95680199
90,924444; -0,95527599
91,124666; -0,95680199
91,324889; -0,95680199
91,525111; -0,95527599
91,725333; -0,95680199
91,925555; -0,95680199
92,125778; -0,95680199
92,326; -0,95680199
92,526222; -0,95527599
92,726444; -0,95680199
92,926666; -0,95527599
93,126889; -0,95527599
93,327111; -0,95680199
93,527333; -0,95680199
93,727555; -0,95680199
93,927778; -0,95527599
94,128; -0,95527599
94,328222; -0,95680199
94,528444; -0,95680199
94,728666; -0,95527599
94,928889; -0,95527599
95,129111; -0,95527599
95,329333; -0,95680199
95,529555; -0,95527599
95,729778; -0,95527599
95,93; -0,95527599
96,130222; -0,95527599
96,330444; -0,95680199
96,530666; -0,95374999
96,730889; -0,95527599
96,931111; -0,95527599
97,131333; -0,95527599
97,331555; -0,95527599
97,531778; -0,95680199
97,732; -0,95527599
97,932222; -0,95527599
98,132444; -0,95527599
98,332666; -0,95527599
98,532889; -0,95527599
98,733111; -0,95374999
98,933333; -0,95527599
99,133555; -0,95527599
99,333778; -0,95527599
99,534; -0,95374999
99,734222; -0,95374999
99,934444; -0,95527599
100,13467; -0,95374999
100,33489; -0,95374999
100,53511; -0,95527599
100,73533; -0,95374999
100,93556; -0,95527599
101,13578; -0,95222399
101,336; -0,95374999
101,53622; -0,95374999
101,73644; -0,95222399
101,93667; -0,95374999
102,13689; -0,95374999
102,33711; -0,95374999
102,53733; -0,95374999
102,73756; -0,95374999
102,93778; -0,95374999
103,138; -0,95222399
103,33822; -0,95222399
103,53844; -0,95374999
103,73867; -0,95374999
103,93889; -0,95374999
104,13911; -0,95222399
104,33933; -0,95222399
104,53956; -0,95374999
104,73978; -0,95374999
104,94; -0,95374999
105,14022; -0,95222399
105,34044; -0,95374999
105,54067; -0,95374999
105,74089; -0,95374999
105,94111; -0,95222399
106,14133; -0,95374999
106,34156; -0,95222399
106,54178; -0,95374999
106,742; -0,95374999
106,94222; -0,95374999
107,14244; -0,95222399
107,34267; -0,95374999
107,54289; -0,95222399
107,74311; -0,95222399
107,94333; -0,95374999
108,14356; -0,95222399
108,34378; -0,95222399
108,544; -0,95374999
108,74422; -0,95069799
108,94444; -0,95222399
109,14467; -0,95222399
109,34489; -0,95222399
109,54511; -0,95374999
109,74533; -0,95374999
109,94556; -0,95222399
110,14578; -0,95069799
110,346; -0,95222399
110,54622; -0,95069799
110,74644; -0,95222399
110,94667; -0,95069799
111,14689; -0,95222399
111,34711; -0,95222399
111,54733; -0,95222399
111,74756; -0,95222399
111,94778; -0,95222399
112,148; -0,95069799
112,34822; -0,95069799
112,54844; -0,95222399
112,74867; -0,95222399
112,94889; -0,95222399
113,14911; -0,95069799
113,34933; -0,95069799
113,54956; -0,95069799
113,74978; -0,95374999
113,95; -0,95069799
114,15022; -0,95069799
114,35044; -0,95222399
114,55067; -0,95069799
114,75089; -0,95069799
114,95111; -0,95069799
115,15133; -0,95069799
115,35156; -0,95069799
115,55178; -0,95069799
115,752; -0,95222399
115,95222; -0,95069799
116,15244; -0,95222399
116,35267; -0,95222399
116,55289; -0,95069799
116,75311; -0,95069799
116,95333; -0,95069799
117,15356; -0,95069799
117,35378; -0,95069799
117,554; -0,95069799
117,75422; -0,95069799
117,95444; -0,95069799
118,15467; -0,95069799
118,35489; -0,95069799
118,55511; -0,95069799
118,75533; -0,94917199
118,95556; -0,95222399
119,15578; -0,95069799
119,356; -0,94917199
119,55622; -0,94764599
119,75644; -0,95222399
119,95667; -0,95069799
120,15689; -0,95069799
120,35711; -0,94917199
120,55733; -0,95069799
120,75756; -0,95222399
120,95778; -0,95069799
121,158; -0,95069799
121,35822; -0,94764599
121,55844; -0,95069799
121,75867; -0,94917199
121,95889; -0,94917199
122,15911; -0,94917199
122,35933; -0,94917199
122,55956; -0,94917199
122,75978; -0,94764599
122,96; -0,94917199
123,16022; -0,94764599
123,36044; -0,94764599
123,56067; -0,94764599
123,76089; -0,94917199
123,96111; -0,94917199
124,16133; -0,94764599
124,36156; -0,94917199
124,56178; -0,94917199
124,762; -0,94917199
124,96222; -0,94764599
125,16244; -0,94917199
125,36267; -0,94764599
125,56289; -0,94917199
125,76311; -0,94764599
125,96333; -0,94764599
126,16356; -0,94917199
126,36378; -0,94764599
126,564; -0,94764599
126,76422; -0,94764599
126,96444; -0,94764599
127,16467; -0,94764599
127,36489; -0,94917199
127,56511; -0,94764599
127,76533; -0,94764599
127,96556; -0,94764599
128,16578; -0,94611999
128,366; -0,94611999
128,56622; -0,94764599
128,76644; -0,94764599
128,96667; -0,94764599
129,16689; -0,94611999
129,36711; -0,94764599
129,56733; -0,94764599
129,76756; -0,94611999
129,96778; -0,94764599
130,168; -0,94611999
130,36822; -0,94459399
130,56844; -0,94611999
130,76867; -0,94611999
130,96889; -0,94764599
131,16911; -0,94611999
131,36933; -0,94611999
131,56956; -0,94764599
131,76978; -0,94611999
131,97; -0,94611999
132,17022; -0,94459399
132,37044; -0,94459399
132,57067; -0,94611999
132,77089; -0,94459399
132,97111; -0,94764599
133,17133; -0,94459399
133,37156; -0,94611999
133,57178; -0,94611999
133,772; -0,94459399
133,97222; -0,94611999
134,17244; -0,94459399
134,37267; -0,94459399
134,57289; -0,94459399
134,77311; -0,94611999
134,97333; -0,94459399
135,17356; -0,94459399
135,37378; -0,94459399
135,574; -0,94459399
135,77422; -0,94459399
135,97444; -0,94611999
136,17467; -0,94459399
136,37489; -0,94611999
136,57511; -0,94306799
136,77533; -0,94459399
136,97556; -0,94459399
137,17578; -0,94459399
137,376; -0,94459399
137,57622; -0,94306799
137,77644; -0,94306799
137,97667; -0,94306799
138,17689; -0,94459399
138,37711; -0,94306799
138,57733; -0,94306799
138,77756; -0,94459399
138,97778; -0,94459399
139,178; -0,94459399
139,37822; -0,94459399
139,57844; -0,94306799
139,77867; -0,94154199
139,97889; -0,94459399
140,17911; -0,94154199
140,37933; -0,94459399
140,57956; -0,94306799
140,77978; -0,94154199
140,98; -0,94459399
141,18022; -0,94306799
141,38044; -0,94459399
141,58067; -0,94154199
141,78089; -0,94459399
141,98111; -0,94306799
142,18133; -0,94306799
142,38156; -0,94154199
142,58178; -0,94306799
142,782; -0,94306799
142,98222; -0,94154199
143,18244; -0,94154199
143,38267; -0,94154199
143,58289; -0,94154199
143,78311; -0,94306799
143,98333; -0,94306799
144,18356; -0,94154199
144,38378; -0,94306799
144,584; -0,94306799
144,78422; -0,94154199
144,98444; -0,94154199
145,18467; -0,94154199
145,38489; -0,94306799
145,58511; -0,94154199
145,78533; -0,94154199
145,98556; -0,94001599
146,18578; -0,94154199
146,386; -0,94001599
146,58622; -0,94154199
146,78644; -0,94154199
146,98667; -0,94154199
147,18689; -0,94154199
147,38711; -0,94001599
147,58733; -0,94154199
147,78756; -0,94154199
147,98778; -0,94154199
148,188; -0,94154199
148,38822; -0,94154199
148,58844; -0,94154199
148,78867; -0,94001599
148,98889; -0,94001599
149,18911; -0,94001599
149,38933; -0,94001599
149,58956; -0,93848999
149,78978; -0,94001599
149,99; -0,94154199


Name=DFL (2)
X=Height, nm
Y=DFL, nA
-50,032001; 2,580466
-49,831779; 2,58657
-49,631557; 2,575888
-49,431335; 2,57131
-49,231113; 2,575888
-49,03089; 2,566732
-48,830668; 2,566732
-48,630446; 2,56368
-48,430224; 2,554524
-48,230001; 2,56368
-48,029779; 2,545368
-47,829557; 2,543842
-47,629335; 2,54079
-47,429113; 2,527056
-47,22889; 2,53316
-47,028668; 2,522478
-46,828446; 2,5179
-46,628224; 2,520952
-46,428001; 2,508744
-46,227779; 2,511796
-46,027557; 2,499588
-45,827335; 2,49501
-45,627113; 2,49501
-45,42689; 2,488906
-45,226668; 2,48738
-45,026446; 2,484328
-44,826224; 2,475172
-44,626001; 2,469068
-44,425779; 2,466016
-44,225557; 2,459912
-44,025335; 2,45686
-43,825113; 2,453808
-43,62489; 2,453808
-43,424668; 2,443126
-43,224446; 2,440074
-43,024224; 2,43397
-42,824001; 2,424814
-42,623779; 2,424814
-42,423557; 2,415658
-42,223335; 2,412606
-42,023113; 2,409554
-41,82289; 2,401924
-41,622668; 2,400398
-41,422446; 2,389716
-41,222224; 2,383612
-41,022001; 2,385138
-40,821779; 2,374456
-40,621557; 2,375982
-40,421335; 2,368352
-40,221113; 2,362248
-40,02089; 2,362248
-39,820668; 2,35004
-39,620446; 2,345462
-39,420224; 2,339358
-39,220001; 2,330202
-39,019779; 2,331728
-38,819557; 2,321046
-38,619335; 2,316468
-38,419113; 2,308838
-38,21889; 2,305786
-38,018668; 2,301208
-37,818446; 2,295104
-37,618224; 2,289
-37,418001; 2,289
-37,217779; 2,28137
-37,017557; 2,276792
-36,817335; 2,270688
-36,617112; 2,264584
-36,41689; 2,260006
-36,216668; 2,252376
-36,016446; 2,246272
-35,816224; 2,240168
-35,616001; 2,237116
-35,415779; 2,232538
-35,215557; 2,224908
-35,015335; 2,223382
-34,815112; 2,215752
-34,61489; 2,209648
-34,414668; 2,202018
-34,214446; 2,19744
-34,014224; 2,194388
-33,814001; 2,183706
-33,613779; 2,18218
-33,413557; 2,176076
-33,213335; 2,171498
-33,013112; 2,168446
-32,81289; 2,160816
-32,612668; 2,15166
-32,412446; 2,14403
-32,212224; 2,139452
-32,012001; 2,137926
-31,811779; 2,131822
-31,611557; 2,122666
-31,411335; 2,12114
-31,211112; 2,111984
-31,01089; 2,10588
-30,810668; 2,099776
-30,610446; 2,09825
-30,410224; 2,096724
-30,210001; 2,09062
-30,009779; 2,076886
-29,809557; 2,076886
-29,609335; 2,070782
-29,409112; 2,058574
-29,20889; 2,058574
-29,008668; 2,049418
-28,808446; 2,04484
-28,608224; 2,041788
-28,408001; 2,02958
-28,207779; 2,028054
-28,007557; 2,023476
-27,807335; 2,012794
-27,607112; 2,012794
-27,40689; 2,008216
-27,206668; 1,996008
-27,006446; 1,99906
-26,806224; 1,988378
-26,606001; 1,9838
-26,405779; 1,985326
-26,205557; 1,971592
-26,005335; 1,967014
-25,805112; 1,959384
-25,60489; 1,951754
-25,404668; 1,951754
-25,204446; 1,944124
-25,004223; 1,941072
-24,804001; 1,934968
-24,603779; 1,928864
-24,403557; 1,92276
-24,203335; 1,913604
-24,003112; 1,9075
-23,80289; 1,905974
-23,602668; 1,895292
-23,402446; 1,89224
-23,202223; 1,88461
-23,002001; 1,878506
-22,801779; 1,875454
-22,601557; 1,864772
-22,401335; 1,867824
-22,201112; 1,857142
-22,00089; 1,85409
-21,800668; 1,852564
-21,600446; 1,83883
-21,400223; 1,837304
-21,200001; 1,828148
-20,999779; 1,820518
-20,799557; 1,817466
-20,599335; 1,80831
-20,399112; 1,809836
-20,19889; 1,80068
-19,998668; 1,794576
-19,798446; 1,791524
-19,598223; 1,786946
-19,398001; 1,779316
-19,197779; 1,77016
-18,997557; 1,764056
-18,797335; 1,76253
-18,597112; 1,751848
-18,39689; 1,753374
-18,196668; 1,742692
-17,996446; 1,735062
-17,796223; 1,735062
-17,596001; 1,721328
-17,395779; 1,71675
-17,195557; 1,710646
-16,995335; 1,703016
-16,795112; 1,703016
-16,59489; 1,69386
-16,394668; 1,692334
-16,194446; 1,69386
-15,994223; 1,675548
-15,794001; 1,674022
-15,593779; 1,669444
-15,393557; 1,657236
-15,193335; 1,65571
-14,993112; 1,645028
-14,79289; 1,643502
-14,592668; 1,643502
-14,392446; 1,631294
-14,192223; 1,628242
-13,992001; 1,623664
-13,791779; 1,611456
-13,591557; 1,60993
-13,391335; 1,606878
-13,191112; 1,59467
-12,99089; 1,596196
-12,790668; 1,585514
-12,590446; 1,576358
-12,390223; 1,574832
-12,190001; 1,565676
-11,989779; 1,562624
-11,789557; 1,55652
-11,589334; 1,54889
-11,389112; 1,547364
-11,18889; 1,542786
-10,988668; 1,536682
-10,788446; 1,527526
-10,588223; 1,519896
-10,388001; 1,519896
-10,187779; 1,512266
-9,9875567; 1,507688
-9,7873345; 1,500058
-9,5871122; 1,489376
-9,38689; 1,48785
-9,1866678; 1,477168
-8,9864456; 1,471064
-8,7862234; 1,471064
-8,5860011; 1,461908
-8,3857789; 1,458856
-8,1855567; 1,451226
-7,9853345; 1,440544
-7,7851122; 1,445122
-7,58489; 1,437492
-7,3846678; 1,429862
-7,1844456; 1,42681
-6,9842233; 1,417654
-6,7840011; 1,417654
-6,5837789; 1,406972
-6,3835567; 1,39629
-6,1833344; 1,393238
-5,9831122; 1,382556
-5,78289; 1,382556
-5,5826678; 1,379504
-5,3824455; 1,371874
-5,1822233; 1,370348
-4,9820011; 1,361192
-4,7817789; 1,352036
-4,5815566; 1,348984
-4,3813344; 1,336776
-4,1811122; 1,33525
-3,98089; 1,330672
-3,7806678; 1,321516
-3,5804455; 1,323042
-3,3802233; 1,315412
-3,1800011; 1,307782
-2,9797789; 1,303204
-2,7795566; 1,294048
-2,5793344; 1,287944
-2,3791122; 1,28184
-2,17889; 1,27421
-1,9786677; 1,275736
-1,7784455; 1,26658
-1,5782233; 1,25895
-1,3780011; 1,257424
-1,1777788; 1,249794
-0,97755662; 1,240638
-0,77733439; 1,237586
-0,57711217; 1,226904
-0,37688994; 1,225378
-0,17666772; 1,223852
0,023554504; 1,210118
0,22377673; 1,208592
0,42399895; 1,200962
0,62422118; 1,191806
0,8244434; 1,19028
1,0246656; 1,187228
1,2248878; 1,179598
1,4251101; 1,173494
1,6253323; 1,165864
1,8255545; 1,161286
2,0257767; 1,155182
2,225999; 1,146026
2,4262212; 1,138396
2,6264434; 1,135344
2,8266656; 1,130766
3,0268879; 1,118558
3,2271101; 1,118558
3,4273323; 1,112454
3,6275545; 1,104824
3,8277768; 1,101772
4,027999; 1,097194
4,2282212; 1,092616
4,4284434; 1,084986
4,6286657; 1,074304
4,8288879; 1,077356
5,0291101; 1,065148
5,2293323; 1,057518
5,4295546; 1,05294
5,6297768; 1,040732
5,829999; 1,03768
6,0302212; 1,034628
6,2304434; 1,025472
6,4306657; 1,025472
6,6308879; 1,019368
6,8311101; 1,013264
7,0313323; 1,008686
7,2315546; 1,002582
7,4317768; 0,99647799
7,631999; 0,98884799
7,8322212; 0,97969199
8,0324435; 0,97969199
8,2326657; 0,97358799
8,4328879; 0,96443199
8,6331101; 0,96137999
8,8333324; 0,95374999
9,0335546; 0,94764599
9,2337768; 0,94611999
9,433999; 0,93848999
9,6342213; 0,93391199
9,8344435; 0,92780799
10,034666; 0,91865199
10,234888; 0,91102199
10,43511; 0,90644399
10,635332; 0,90033999
10,835555; 0,89423599
11,035777; 0,88965799
11,235999; 0,88660599
11,436221; 0,87744999
11,636443; 0,87287199
11,836666; 0,86676799
12,036888; 0,85761199
12,23711; 0,85150799
12,437332; 0,84540399
12,637555; 0,84082599
12,837777; 0,83319599
13,037999; 0,83319599
13,238221; 0,82251399
13,438444; 0,81640999
13,638666; 0,81488399
13,838888; 0,80114999
14,03911; 0,80267599
14,239332; 0,79199399
14,439555; 0,78283799
14,639777; 0,78436399
14,839999; 0,76910399
15,040221; 0,76757799
15,240444; 0,76299999
15,440666; 0,75231799
15,640888; 0,75384399
15,84111; 0,74773999
16,041332; 0,74163599
16,241555; 0,74163599
16,441777; 0,72484999
16,641999; 0,72637599
16,842221; 0,71721999
17,042444; 0,70195999
17,242666; 0,70653799
17,442888; 0,69127799
17,64311; 0,69280399
17,843332; 0,68822599
18,043555; 0,67754399
18,243777; 0,67906999
18,443999; 0,66991399
18,644221; 0,66380999
18,844444; 0,66075799
19,044666; 0,64549799
19,244888; 0,64244599
19,44511; 0,64091999
19,645332; 0,63176399
19,845555; 0,63176399
20,045777; 0,62260799
20,245999; 0,61802999
20,446221; 0,60887399
20,646444; 0,60124399
20,846666; 0,59819199
21,046888; 0,58598399
21,24711; 0,58598399
21,447332; 0,57835399
21,647555; 0,57377599
21,847777; 0,56919799
22,047999; 0,56156799
22,248221; 0,55698999
22,448444; 0,54935999
22,648666; 0,54020399
22,848888; 0,54020399
23,04911; 0,53257399
23,249332; 0,52341799
23,449555; 0,52036599
23,649777; 0,51120999
23,849999; 0,50357999
24,050221; 0,50205399
24,250444; 0,49442399
24,450666; 0,48831999
24,650888; 0,48679399
24,85111; 0,47916399
25,051333; 0,47305999
25,251555; 0,46695599
25,451777; 0,46085199
25,651999; 0,45627399
25,852221; 0,44864399
26,052444; 0,44101399
26,252666; 0,43948799
26,452888; 0,42880599
26,65311; 0,42575399
26,853333; 0,41812399
27,053555; 0,41354599
27,253777; 0,40591599
27,453999; 0,39828599
27,654221; 0,39523399
27,854444; 0,38912999
28,054666; 0,38455199
28,254888; 0,37844799
28,45511; 0,37081799
28,655333; 0,36623999
28,855555; 0,36166199
29,055777; 0,35403199
29,255999; 0,347928
29,456221; 0,340298
29,656444; 0,33572
29,856666; 0,332668
30,056888; 0,318934
30,25711; 0,317408
30,457333; 0,314356
30,657555; 0,302148
30,857777; 0,299096
31,057999; 0,291466
31,258221; 0,28231
31,458444; 0,285362
31,658666; 0,268576
31,858888; 0,262472
32,05911; 0,263998
32,259333; 0,247212
32,459555; 0,247212
32,659777; 0,24416
32,859999; 0,23653
33,060221; 0,231952
33,260444; 0,224322
33,460666; 0,215166
33,660888; 0,21364
33,86111; 0,204484
34,061333; 0,201432
34,261555; 0,196854
34,461777; 0,184646
34,661999; 0,186172
34,862221; 0,178542
35,062444; 0,170912
35,262666; 0,169386
35,462888; 0,155652
35,66311; 0,158704
35,863333; 0,148022
36,063555; 0,140392
36,263777; 0,140392
36,463999; 0,128184
36,664221; 0,123606
36,864444; 0,119028
37,064666; 0,112924
37,264888; 0,105294
37,46511; 0,100716
37,665333; 0,093085999
37,865555; 0,088507999
38,065777; 0,085455999
38,265999; 0,079351999
38,466222; 0,068669999
38,666444; 0,065617999
38,866666; 0,053409999
39,066888; 0,047305999
39,26711; 0,047305999
39,467333; 0,035097999
39,667555; 0,035097999
39,867777; 0,03052
40,067999; 0,019838
40,268222; 0,016786
40,468444; 0,0091559999
40,668666; 0,0061039999
40,868888; -0,001526
41,06911; -0,0076299999
41,269333; -0,010682
41,469555; -0,018312
41,669777; -0,019838
41,869999; -0,028994
42,070222; -0,039675999
42,270444; -0,041201999
42,470666; -0,050357999
42,670888; -0,057987999
42,87111; -0,059513999
43,071333; -0,068669999
43,271555; -0,070195999
43,471777; -0,080877999
43,671999; -0,086981999
43,872222; -0,091559999
44,072444; -0,102242
44,272666; -0,105294
44,472888; -0,112924
44,67311; -0,115976
44,873333; -0,117502
45,073555; -0,126658
45,273777; -0,134288
45,473999; -0,141918
45,674222; -0,14497
45,874444; -0,155652
46,074666; -0,16023
46,274888; -0,164808
46,47511; -0,169386
46,675333; -0,17549
46,875555; -0,178542
47,075777; -0,189224
47,275999; -0,193802
47,476222; -0,20601
47,676444; -0,20601
47,876666; -0,216692
48,076888; -0,224322
48,27711; -0,222796
48,477333; -0,231952
48,677555; -0,235004
48,877777; -0,242634
49,077999; -0,25179
49,278222; -0,25179
49,478444; -0,260946
49,678666; -0,268576
49,878888; -0,27468
50,079111; -0,28231
50,279333; -0,28231
50,479555; -0,292992
50,679777; -0,299096
50,879999; -0,302148
51,080222; -0,315882
51,280444; -0,315882
51,480666; -0,325038
51,680888; -0,326564
51,881111; -0,331142
52,081333; -0,346402
52,281555; -0,346402
52,481777; -0,35403199
52,681999; -0,36013599
52,882222; -0,36318799
53,082444; -0,37997399
53,282666; -0,37539599
53,482888; -0,38760399
53,683111; -0,39218199
53,883333; -0,39523399
54,083555; -0,40896799
54,283777; -0,41049399
54,483999; -0,41507199
54,684222; -0,42727999
54,884444; -0,42422799
55,084666; -0,43643599
55,284888; -0,44406599
55,485111; -0,44101399
55,685333; -0,45932599
55,885555; -0,45627399
56,085777; -0,46542999
56,285999; -0,47153399
56,486222; -0,47153399
56,686444; -0,48679399
56,886666; -0,48526799
57,086888; -0,49442399
57,287111; -0,50205399
57,487333; -0,50357999
57,687555; -0,51120999
57,887777; -0,51731399
58,087999; -0,51883999
58,288222; -0,52952199
58,488444; -0,53409999
58,688666; -0,53867799
58,888888; -0,55241199
59,089111; -0,54783399
59,289333; -0,56156799
59,489555; -0,56156799
59,689777; -0,56767199
59,889999; -0,57835399
60,090222; -0,58293199
60,290444; -0,58903599
60,490666; -0,59513999
60,690888; -0,59971799
60,891111; -0,60734799
61,091333; -0,61192599
61,291555; -0,61650399
61,491777; -0,62565999
61,691999; -0,63023799
61,892222; -0,64091999
62,092444; -0,64549799
62,292666; -0,65007599
62,492888; -0,66228399
62,693111; -0,65923199
62,893333; -0,66991399
63,093555; -0,67449199
63,293777; -0,67601799
63,494; -0,68822599
63,694222; -0,69127799
63,894444; -0,69890799
64,094666; -0,70501199
64,294888; -0,70806399
64,495111; -0,71264199
64,695333; -0,72027199
64,895555; -0,72332399
65,095777; -0,72942799
65,296; -0,74010999
65,496222; -0,74621399
65,696444; -0,75536999
65,896666; -0,76147399
66,096888; -0,76452599
66,297111; -0,76910399
66,497333; -0,77520799
66,697555; -0,77978599
66,897777; -0,78894199
67,098; -0,79351999
67,298222; -0,80114999
67,498444; -0,80572799
67,698666; -0,81335799
67,898888; -0,82098799
68,099111; -0,81946199
68,299333; -0,82709199
68,499555; -0,83472199
68,699777; -0,83929999
68,9; -0,84845599
69,100222; -0,85150799
69,300444; -0,85913799
69,500666; -0,86829399
69,700888; -0,86981999
69,901111; -0,87744999
70,101333; -0,88050199
70,301555; -0,88965799
70,501777; -0,89270999
70,702; -0,89881399
70,902222; -0,90491799
71,102444; -0,91102199
71,302666; -0,91712599
71,502888; -0,92628199
71,703111; -0,92628199
71,903333; -0,93696399
72,103555; -0,94459399
72,303777; -0,95069799
72,504; -0,95680199
72,704222; -0,96137999
72,904444; -0,96900999
73,104666; -0,97358799
73,304888; -0,98121799
73,505111; -0,98579599
73,705333; -0,98884799
73,905555; -0,99495199
74,105777; -1,002582
74,306; -1,004108
74,506222; -1,01479
74,706444; -1,020894
74,906666; -1,025472
75,106889; -1,03005
75,307111; -1,033102
75,507333; -1,042258
75,707555; -1,046836
75,907777; -1,05294
76,108; -1,057518
76,308222; -1,063622
76,508444; -1,069726
76,708666; -1,077356
76,908889; -1,080408
77,109111; -1,08346
77,309333; -1,094142
77,509555; -1,097194
77,709777; -1,103298
77,91; -1,10635
78,110222; -1,11398
78,310444; -1,118558
78,510666; -1,120084
78,710889; -1,124662
78,911111; -1,132292
79,111333; -1,133818
79,311555; -1,139922
79,511777; -1,142974
79,712; -1,149078
79,912222; -1,147552
80,112444; -1,1445
80,312666; -1,13687
80,512889; -1,123136
80,713111; -1,117032
80,913333; -1,115506
81,113555; -1,110928
81,313777; -1,10635
81,514; -1,100246
81,714222; -1,097194
81,914444; -1,095668
82,114666; -1,09109
82,314889; -1,088038
82,515111; -1,084986
82,715333; -1,081934
82,915555; -1,080408
83,115777; -1,074304
83,316; -1,071252
83,516222; -1,066674
83,716444; -1,065148
83,916666; -1,062096
84,116889; -1,059044
84,317111; -1,055992
84,517333; -1,05294
84,717555; -1,049888
84,917777; -1,048362
85,118; -1,04531
85,318222; -1,040732
85,518444; -1,039206
85,718666; -1,036154
85,918889; -1,033102
86,119111; -1,031576
86,319333; -1,026998
86,519555; -1,023946
86,719777; -1,02242
86,92; -1,020894
87,120222; -1,017842
87,320444; -1,016316
87,520666; -1,013264
87,720889; -1,011738
87,921111; -1,010212
88,121333; -1,005634
88,321555; -1,004108
88,521778; -1,002582
88,722; -0,99952999
88,922222; -0,99952999
89,122444; -0,99647799
89,322666; -0,99495199
89,522889; -0,99342599
89,723111; -0,99189999
89,923333; -0,98884799
90,123555; -0,98884799
90,323778; -0,98579599
90,524; -0,98579599
90,724222; -0,98274399
90,924444; -0,98121799
91,124666; -0,98274399
91,324889; -0,97969199
91,525111; -0,97816599
91,725333; -0,97511399
91,925555; -0,97511399
92,125778; -0,97358799
92,326; -0,97358799
92,526222; -0,97053599
92,726444; -0,97053599
92,926666; -0,97053599
93,126889; -0,96748399
93,327111; -0,96595799
93,527333; -0,96595799
93,727555; -0,96443199
93,927778; -0,95985399
94,128; -0,95680199
94,328222; -0,95527599
94,528444; -0,95680199
94,728666; -0,95527599
94,928889; -0,95680199
95,129111; -0,95680199
95,329333; -0,95680199
95,529555; -0,95680199
95,729778; -0,95680199
95,93; -0,95527599
96,130222; -0,95527599
96,330444; -0,95680199
96,530666; -0,95527599
96,730889; -0,95832799
96,931111; -0,95527599
97,131333; -0,95527599
97,331555; -0,95680199
97,531778; -0,95527599
97,732; -0,95527599
97,932222; -0,95527599
98,132444; -0,95527599
98,332666; -0,95527599
98,532889; -0,95680199
98,733111; -0,95527599
98,933333; -0,95527599
99,133555; -0,95527599
99,333778; -0,95527599
99,534; -0,95527599
99,734222; -0,95374999
99,934444; -0,95527599
100,13467; -0,95527599
100,33489; -0,95680199
100,53511; -0,95527599
100,73533; -0,95527599
100,93556; -0,95374999
101,13578; -0,95527599
101,336; -0,95527599
101,53622; -0,95374999
101,73644; -0,95527599
101,93667; -0,95527599
102,13689; -0,95527599
102,33711; -0,95374999
102,53733; -0,95374999
102,73756; -0,95527599
102,93778; -0,95527599
103,138; -0,95374999
103,33822; -0,95527599
103,53844; -0,95527599
103,73867; -0,95527599
103,93889; -0,95527599
104,13911; -0,95374999
104,33933; -0,95527599
104,53956; -0,95374999
104,73978; -0,95527599
104,94; -0,95527599
105,14022; -0,95374999
105,34044; -0,95374999
105,54067; -0,95374999
105,74089; -0,95374999
105,94111; -0,95527599
106,14133; -0,95374999
106,34156; -0,95374999
106,54178; -0,95374999
106,742; -0,95527599
106,94222; -0,95374999
107,14244; -0,95374999
107,34267; -0,95680199
107,54289; -0,95374999
107,74311; -0,95374999
107,94333; -0,95374999
108,14356; -0,95374999
108,34378; -0,95374999
108,544; -0,95374999
108,74422; -0,95222399
108,94444; -0,95527599
109,14467; -0,95374999
109,34489; -0,95374999
109,54511; -0,95527599
109,74533; -0,95374999
109,94556; -0,95374999
110,14578; -0,95374999
110,346; -0,95374999
110,54622; -0,95374999
110,74644; -0,95374999
110,94667; -0,95222399
111,14689; -0,95069799
111,34711; -0,95374999
111,54733; -0,95374999
111,74756; -0,95222399
111,94778; -0,95527599
112,148; -0,95222399
112,34822; -0,95222399
112,54844; -0,95222399
112,74867; -0,95222399
112,94889; -0,95069799
113,14911; -0,95222399
113,34933; -0,95374999
113,54956; -0,95222399
113,74978; -0,95374999
113,95; -0,95374999
114,15022; -0,95222399
114,35044; -0,95374999
114,55067; -0,94917199
114,75089; -0,95222399
114,95111; -0,95527599
115,15133; -0,95222399
115,35156; -0,95374999
115,55178; -0,95222399
115,752; -0,95222399
115,95222; -0,95222399
116,15244; -0,95222399
116,35267; -0,95222399
116,55289; -0,95069799
116,75311; -0,95374999
116,95333; -0,95222399
117,15356; -0,95069799
117,35378; -0,95222399
117,554; -0,95222399
117,75422; -0,95222399
117,95444; -0,95222399
118,15467; -0,95069799
118,35489; -0,95069799
118,55511; -0,95069799
118,75533; -0,94917199
118,95556; -0,95069799
119,15578; -0,95069799
119,356; -0,94917199
119,55622; -0,95069799
119,75644; -0,95069799
119,95667; -0,95069799
120,15689; -0,94917199
120,35711; -0,95222399
120,55733; -0,95069799
120,75756; -0,95069799
120,95778; -0,94917199
121,158; -0,94917199
121,35822; -0,95069799
121,55844; -0,95069799
121,75867; -0,95069799
121,95889; -0,95069799
122,15911; -0,95069799
122,35933; -0,94917199
122,55956; -0,94917199
122,75978; -0,95069799
122,96; -0,94917199
123,16022; -0,94917199
123,36044; -0,94917199
123,56067; -0,94917199
123,76089; -0,94917199
123,96111; -0,94764599
124,16133; -0,94917199
124,36156; -0,94764599
124,56178; -0,95069799
124,762; -0,94917199
124,96222; -0,94764599
125,16244; -0,94917199
125,36267; -0,94917199
125,56289; -0,94917199
125,76311; -0,94917199
125,96333; -0,94764599
126,16356; -0,94764599
126,36378; -0,94764599
126,564; -0,94764599
126,76422; -0,94764599
126,96444; -0,94917199
127,16467; -0,94764599
127,36489; -0,94764599
127,56511; -0,94917199
127,76533; -0,94764599
127,96556; -0,94611999
128,16578; -0,94764599
128,366; -0,94611999
128,56622; -0,94764599
128,76644; -0,94764599
128,96667; -0,94764599
129,16689; -0,94764599
129,36711; -0,94764599
129,56733; -0,94764599
129,76756; -0,94764599
129,96778; -0,94611999
130,168; -0,94611999
130,36822; -0,94764599
130,56844; -0,94611999
130,76867; -0,94611999
130,96889; -0,94764599
131,16911; -0,94611999
131,36933; -0,94611999
131,56956; -0,94611999
131,76978; -0,94611999
131,97; -0,94611999
132,17022; -0,94764599
132,37044; -0,94611999
132,57067; -0,94917199
132,77089; -0,94611999
132,97111; -0,94611999
133,17133; -0,94611999
133,37156; -0,94459399
133,57178; -0,94764599
133,772; -0,94611999
133,97222; -0,94611999
134,17244; -0,94611999
134,37267; -0,94611999
134,57289; -0,94611999
134,77311; -0,94611999
134,97333; -0,94611999
135,17356; -0,94611999
135,37378; -0,94611999
135,574; -0,94764599
135,77422; -0,94611999
135,97444; -0,94611999
136,17467; -0,94764599
136,37489; -0,94459399
136,57511; -0,94611999
136,77533; -0,94611999
136,97556; -0,94611999
137,17578; -0,94459399
137,376; -0,94611999
137,57622; -0,94611999
137,77644; -0,94611999
137,97667; -0,94459399
138,17689; -0,94459399
138,37711; -0,94459399
138,57733; -0,94459399
138,77756; -0,94611999
138,97778; -0,94459399
139,178; -0,94459399
139,37822; -0,94306799
139,57844; -0,94459399
139,77867; -0,94459399
139,97889; -0,94459399
140,17911; -0,94459399
140,37933; -0,94459399
140,57956; -0,94459399
140,77978; -0,94459399
140,98; -0,94459399
141,18022; -0,94459399
141,38044; -0,94459399
141,58067; -0,94306799
141,78089; -0,94459399
141,98111; -0,94459399
142,18133; -0,94306799
142,38156; -0,94306799
142,58178; -0,94611999
142,782; -0,94459399
142,98222; -0,94459399
143,18244; -0,94306799
143,38267; -0,94306799
143,58289; -0,94306799
143,78311; -0,94306799
143,98333; -0,94306799
144,18356; -0,94306799
144,38378; -0,94306799
144,584; -0,94306799
144,78422; -0,94306799
144,98444; -0,94306799
145,18467; -0,94154199
145,38489; -0,94154199
145,58511; -0,94306799
145,78533; -0,94306799
145,98556; -0,94154199
146,18578; -0,94154199
146,386; -0,94306799
146,58622; -0,94306799
146,78644; -0,94459399
146,98667; -0,94154199
147,18689; -0,94306799
147,38711; -0,94306799
147,58733; -0,94306799
147,78756; -0,94154199
147,98778; -0,94306799
148,188; -0,94306799
148,38822; -0,94154199
148,58844; -0,94154199
148,78867; -0,94154199
148,98889; -0,94459399
149,18911; -0,94154199
149,38933; -0,94154199
149,58956; -0,94154199
149,78978; -0,94154199
149,99; -0,94154199
