2.750908203125000e+02	6.137753906250000e+02
2.751762695312500e+02	6.130996093750000e+02
2.752089843750000e+02	6.128398437500000e+02
2.751010742187500e+02	6.136953125000000e+02
2.753500976562500e+02	6.112832031250000e+02
2.751191406250000e+02	6.123984375000000e+02
2.752080078125000e+02	6.113593750000000e+02
2.750605468750000e+02	6.117109375000000e+02
2.750566406250000e+02	6.111328125000000e+02
2.750795898437500e+02	6.104062500000000e+02
2.749907226562500e+02	6.100195312500000e+02
2.748803710937500e+02	6.102011718750000e+02
2.748076171875000e+02	6.100234375000000e+02
2.750083007812500e+02	6.075117187500000e+02
2.748662109375000e+02	6.075253906250000e+02
2.748178710937500e+02	6.068378906250000e+02
2.749106445312500e+02	6.049492187500000e+02
2.748393554687500e+02	6.042773437500000e+02
2.747416992187500e+02	6.036054687500000e+02
2.747719726562500e+02	6.020234375000000e+02
2.747441406250000e+02	6.008398437500000e+02
2.746411132812500e+02	6.001875000000000e+02
2.746323242187500e+02	5.985585937500000e+02
2.746630859375000e+02	5.968066406250000e+02
2.743657226562500e+02	5.974003906250000e+02
2.743403320312500e+02	5.960917968750000e+02
2.744252929687500e+02	5.938476562500000e+02
2.742993164062500e+02	5.930625000000000e+02
2.740961914062500e+02	5.930761718750000e+02
2.740087890625000e+02	5.919453125000000e+02
2.740366210937500e+02	5.902578125000000e+02
2.739375000000000e+02	5.892597656250000e+02
2.739677734375000e+02	5.874062500000000e+02
2.739780273437500e+02	5.853945312500000e+02
2.737988281250000e+02	5.849921875000000e+02
2.736987304687500e+02	5.838964843750000e+02
2.738842773437500e+02	5.804980468750000e+02
2.737734375000000e+02	5.793652343750000e+02
2.736958007812500e+02	5.779023437500000e+02
2.736123046875000e+02	5.764472656250000e+02
2.735639648437500e+02	5.746289062500000e+02
2.734482421875000e+02	5.734062500000000e+02
2.733872070312500e+02	5.717500000000000e+02
2.732666015625000e+02	5.705683593750000e+02
2.732944335937500e+02	5.682089843750000e+02
2.732270507812500e+02	5.665410156250000e+02
2.731494140625000e+02	5.648925781250000e+02
2.730507812500000e+02	5.634082031250000e+02
2.730288085937500e+02	5.612988281250000e+02
2.728422851562500e+02	5.604687500000000e+02
2.726020507812500e+02	5.601464843750000e+02
2.725791015625000e+02	5.581484375000000e+02
2.724472656250000e+02	5.571171875000000e+02
2.722587890625000e+02	5.566152343750000e+02
2.723037109375000e+02	5.542695312500000e+02
2.724165039062500e+02	5.512792968750000e+02
2.722578125000000e+02	5.503144531250000e+02
2.721064453125000e+02	5.492714843750000e+02
2.721738281250000e+02	5.464941406250000e+02
2.721699218750000e+02	5.442402343750000e+02
2.719692382812500e+02	5.434589843750000e+02
2.719462890625000e+02	5.412714843750000e+02
2.719301757812500e+02	5.389667968750000e+02
2.718486328125000e+02	5.372226562500000e+02
2.716337890625000e+02	5.365351562500000e+02
2.716010742187500e+02	5.343808593750000e+02
2.715053710937500e+02	5.327910156250000e+02
2.714331054687500e+02	5.310371093750000e+02
2.714306640625000e+02	5.286445312500000e+02
2.713647460937500e+02	5.267343750000000e+02
2.710341796875000e+02	5.269199218750000e+02
2.709653320312500e+02	5.251171875000000e+02
2.709785156250000e+02	5.227695312500000e+02
2.708447265625000e+02	5.215449218750000e+02
2.705615234375000e+02	5.215019531250000e+02
2.704433593750000e+02	5.202968750000000e+02
2.702856445312500e+02	5.195566406250000e+02
2.701958007812500e+02	5.182539062500000e+02
2.700659179687500e+02	5.173730468750000e+02
2.700532226562500e+02	5.156093750000000e+02
2.700507812500000e+02	5.136171875000000e+02
2.699897460937500e+02	5.120234375000000e+02
2.699658203125000e+02	5.101582031250000e+02
2.698779296875000e+02	5.087363281250000e+02
2.698613281250000e+02	5.066875000000000e+02
2.697270507812500e+02	5.055507812500000e+02
2.697739257812500e+02	5.029160156250000e+02
2.695947265625000e+02	5.020898437500000e+02
2.694487304687500e+02	5.010449218750000e+02
2.694257812500000e+02	4.989628906250000e+02
2.693696289062500e+02	4.972050781250000e+02
2.692641601562500e+02	4.957988281250000e+02
2.692514648437500e+02	4.936757812500000e+02
2.691459960937500e+02	4.921835937500000e+02
2.691269531250000e+02	4.900078125000000e+02
2.689926757812500e+02	4.887226562500000e+02
2.687167968750000e+02	4.885996093750000e+02
2.686352539062500e+02	4.870234375000000e+02
2.685463867187500e+02	4.856308593750000e+02
2.682807617187500e+02	4.857011718750000e+02
2.681933593750000e+02	4.844003906250000e+02
2.681743164062500e+02	4.825800781250000e+02
2.680927734375000e+02	4.813593750000000e+02
2.680751953125000e+02	4.795507812500000e+02
2.681982421875000e+02	4.763964843750000e+02
2.680371093750000e+02	4.754902343750000e+02
2.679365234375000e+02	4.740859375000000e+02
2.679467773437500e+02	4.717617187500000e+02
2.678286132812500e+02	4.704531250000000e+02
2.674946289062500e+02	4.708769531250000e+02
2.674121093750000e+02	4.694531250000000e+02
2.674511718750000e+02	4.671328125000000e+02
2.672519531250000e+02	4.666113281250000e+02
2.670205078125000e+02	4.664316406250000e+02
2.669658203125000e+02	4.650195312500000e+02
2.668452148437500e+02	4.640468750000000e+02
2.668413085937500e+02	4.622539062500000e+02
2.667802734375000e+02	4.609335937500000e+02
2.666547851562500e+02	4.598515625000000e+02
2.666328125000000e+02	4.581816406250000e+02
2.664335937500000e+02	4.578925781250000e+02
2.662988281250000e+02	4.569257812500000e+02
2.663486328125000e+02	4.547910156250000e+02
2.661718750000000e+02	4.543242187500000e+02
2.661323242187500e+02	4.527089843750000e+02
2.660600585937500e+02	4.514570312500000e+02
2.660751953125000e+02	4.493671875000000e+02
2.659355468750000e+02	4.485019531250000e+02
2.659824218750000e+02	4.461816406250000e+02
2.658530273437500e+02	4.451503906250000e+02
2.658325195312500e+02	4.432148437500000e+02
2.656865234375000e+02	4.422343750000000e+02
2.656547851562500e+02	4.403691406250000e+02
2.655214843750000e+02	4.393261718750000e+02
2.653613281250000e+02	4.386035156250000e+02
2.651362304687500e+02	4.383496093750000e+02
2.652177734375000e+02	4.357363281250000e+02
2.651235351562500e+02	4.345957031250000e+02
2.649609375000000e+02	4.339316406250000e+02
2.648593750000000e+02	4.326816406250000e+02
2.648784179687500e+02	4.306425781250000e+02
2.646826171875000e+02	4.303281250000000e+02
2.646381835937500e+02	4.285625000000000e+02
2.646914062500000e+02	4.262128906250000e+02
2.644453125000000e+02	4.262324218750000e+02
2.642915039062500e+02	4.254160156250000e+02
2.642724609375000e+02	4.236386718750000e+02
2.641948242187500e+02	4.224511718750000e+02
2.640219726562500e+02	4.218496093750000e+02
2.640463867187500e+02	4.197695312500000e+02
2.640244140625000e+02	4.180566406250000e+02
2.638618164062500e+02	4.173300781250000e+02
2.637109375000000e+02	4.165332031250000e+02
2.637172851562500e+02	4.146152343750000e+02
2.635454101562500e+02	4.140488281250000e+02
2.633637695312500e+02	4.135566406250000e+02
2.633447265625000e+02	4.119882812500000e+02
2.632939453125000e+02	4.104003906250000e+02
2.631376953125000e+02	4.099179687500000e+02
2.630083007812500e+02	4.091191406250000e+02
2.630615234375000e+02	4.069140625000000e+02
2.629448242187500e+02	4.060566406250000e+02
2.627856445312500e+02	4.053457031250000e+02
2.627060546875000e+02	4.042792968750000e+02
2.627895507812500e+02	4.016484375000000e+02
2.628378906250000e+02	3.993574218750000e+02
2.625698242187500e+02	3.995078125000000e+02
2.625776367187500e+02	3.974121093750000e+02
2.624438476562500e+02	3.963554687500000e+02
2.624033203125000e+02	3.947050781250000e+02
2.623803710937500e+02	3.929160156250000e+02
2.622548828125000e+02	3.918339843750000e+02
2.621542968750000e+02	3.905117187500000e+02
2.619599609375000e+02	3.900175781250000e+02
2.620439453125000e+02	3.874042968750000e+02
2.620004882812500e+02	3.856933593750000e+02
2.617465820312500e+02	3.856074218750000e+02
2.617846679687500e+02	3.832089843750000e+02
2.618530273437500e+02	3.805703125000000e+02
2.616943359375000e+02	3.796250000000000e+02
2.615166015625000e+02	3.788535156250000e+02
2.616171875000000e+02	3.758339843750000e+02
2.613969726562500e+02	3.753554687500000e+02
2.612954101562500e+02	3.739785156250000e+02
2.611201171875000e+02	3.732500000000000e+02
2.610795898437500e+02	3.714316406250000e+02
2.609487304687500e+02	3.703925781250000e+02
2.608442382812500e+02	3.692285156250000e+02
2.608852539062500e+02	3.668496093750000e+02
2.607695312500000e+02	3.656484375000000e+02
2.607895507812500e+02	3.632890625000000e+02
2.606972656250000e+02	3.618183593750000e+02
2.606269531250000e+02	3.601113281250000e+02
2.604467773437500e+02	3.592929687500000e+02
2.602436523437500e+02	3.587636718750000e+02
2.602597656250000e+02	3.565605468750000e+02
2.600161132812500e+02	3.564765625000000e+02
2.600209960937500e+02	3.543417968750000e+02
2.599116210937500e+02	3.531738281250000e+02
2.597011718750000e+02	3.528906250000000e+02
2.594990234375000e+02	3.526035156250000e+02
2.594633789062500e+02	3.509785156250000e+02
2.593564453125000e+02	3.501679687500000e+02
2.593920898437500e+02	3.478750000000000e+02
2.593974609375000e+02	3.460273437500000e+02
2.593007812500000e+02	3.448867187500000e+02
2.593388671875000e+02	3.424453125000000e+02
2.593618164062500e+02	3.401250000000000e+02
2.591137695312500e+02	3.399511718750000e+02
2.591342773437500e+02	3.376074218750000e+02
2.593095703125000e+02	3.339355468750000e+02
2.590239257812500e+02	3.338710937500000e+02
2.588750000000000e+02	3.327207031250000e+02
2.588994140625000e+02	3.302011718750000e+02
2.589272460937500e+02	3.276757812500000e+02
2.586728515625000e+02	3.273203125000000e+02
2.584926757812500e+02	3.263984375000000e+02
2.585546875000000e+02	3.236445312500000e+02
2.585029296875000e+02	3.217890625000000e+02
2.581049804687500e+02	3.226542968750000e+02
2.581572265625000e+02	3.200175781250000e+02
2.580581054687500e+02	3.187285156250000e+02
2.578549804687500e+02	3.182167968750000e+02
2.577265625000000e+02	3.171386718750000e+02
2.577495117187500e+02	3.148808593750000e+02
2.576923828125000e+02	3.133417968750000e+02
2.575815429687500e+02	3.121250000000000e+02
2.576162109375000e+02	3.096484375000000e+02
2.573188476562500e+02	3.098847656250000e+02
2.571723632812500e+02	3.089062500000000e+02
2.570976562500000e+02	3.075683593750000e+02
2.570214843750000e+02	3.062636718750000e+02
2.570034179687500e+02	3.044160156250000e+02
2.568041992187500e+02	3.039804687500000e+02
2.566884765625000e+02	3.030292968750000e+02
2.566616210937500e+02	3.013359375000000e+02
2.565600585937500e+02	3.001679687500000e+02
2.563100585937500e+02	3.003652343750000e+02
2.562524414062500e+02	2.988945312500000e+02
2.562807617187500e+02	2.969921875000000e+02
2.561118164062500e+02	2.965058593750000e+02
2.561826171875000e+02	2.941015625000000e+02
2.560595703125000e+02	2.931875000000000e+02
2.559770507812500e+02	2.918281250000000e+02
2.557890625000000e+02	2.914101562500000e+02
2.557001953125000e+02	2.903300781250000e+02
2.557368164062500e+02	2.880488281250000e+02
2.556044921875000e+02	2.873144531250000e+02
2.555336914062500e+02	2.859882812500000e+02
2.554702148437500e+02	2.844570312500000e+02
2.553393554687500e+02	2.836269531250000e+02
2.550683593750000e+02	2.839492187500000e+02
2.552465820312500e+02	2.806718750000000e+02
2.550825195312500e+02	2.801679687500000e+02
2.549960937500000e+02	2.788398437500000e+02
2.549936523437500e+02	2.769726562500000e+02
2.548295898437500e+02	2.764042968750000e+02
2.547075195312500e+02	2.754003906250000e+02
2.546987304687500e+02	2.736250000000000e+02
2.546455078125000e+02	2.721835937500000e+02
2.544433593750000e+02	2.717480468750000e+02
2.544345703125000e+02	2.699726562500000e+02
2.542187500000000e+02	2.698574218750000e+02
2.541777343750000e+02	2.682539062500000e+02
2.539760742187500e+02	2.682148437500000e+02
2.538613281250000e+02	2.671953125000000e+02
2.538247070312500e+02	2.659531250000000e+02
2.536787109375000e+02	2.652656250000000e+02
2.534765625000000e+02	2.653554687500000e+02
2.534829101562500e+02	2.636503906250000e+02
2.533125000000000e+02	2.634042968750000e+02
2.533125000000000e+02	2.619589843750000e+02
2.531894531250000e+02	2.611933593750000e+02
2.531386718750000e+02	2.600234375000000e+02
2.531235351562500e+02	2.585488281250000e+02
2.529975585937500e+02	2.578281250000000e+02
2.530053710937500e+02	2.561914062500000e+02
2.526850585937500e+02	2.569042968750000e+02
2.527446289062500e+02	2.549648437500000e+02
2.526035156250000e+02	2.544062500000000e+02
2.525478515625000e+02	2.532304687500000e+02
2.526303710937500e+02	2.509863281250000e+02
2.523481445312500e+02	2.514375000000000e+02
2.524448242187500e+02	2.490800781250000e+02
2.524599609375000e+02	2.470527343750000e+02
2.524282226562500e+02	2.454570312500000e+02
2.522670898437500e+02	2.448671875000000e+02
2.522607421875000e+02	2.428417968750000e+02
2.522900390625000e+02	2.406601562500000e+02
2.520966796875000e+02	2.401796875000000e+02
2.520268554687500e+02	2.387207031250000e+02
2.520356445312500e+02	2.365312500000000e+02
2.519062500000000e+02	2.354824218750000e+02
2.516962890625000e+02	2.351308593750000e+02
2.517104492187500e+02	2.329843750000000e+02
2.517460937500000e+02	2.306914062500000e+02
2.516762695312500e+02	2.290429687500000e+02
2.514843750000000e+02	2.283828125000000e+02
2.515312500000000e+02	2.258515625000000e+02
2.513408203125000e+02	2.251992187500000e+02
2.512456054687500e+02	2.238339843750000e+02
2.510688476562500e+02	2.231171875000000e+02
2.509340820312500e+02	2.221503906250000e+02
2.507333984375000e+02	2.217675781250000e+02
2.506333007812500e+02	2.207792968750000e+02
2.504667968750000e+02	2.201894531250000e+02
2.504057617187500e+02	2.190585937500000e+02
2.502685546875000e+02	2.183417968750000e+02
2.502900390625000e+02	2.165566406250000e+02
2.501845703125000e+02	2.155058593750000e+02
2.501821289062500e+02	2.138281250000000e+02
2.501093750000000e+02	2.125585937500000e+02
2.500361328125000e+02	2.112089843750000e+02
2.498642578125000e+02	2.107675781250000e+02
2.497231445312500e+02	2.099335937500000e+02
2.496992187500000e+02	2.084472656250000e+02
2.496992187500000e+02	2.066015625000000e+02
2.496000976562500e+02	2.055214843750000e+02
2.495151367187500e+02	2.044121093750000e+02
2.493725585937500e+02	2.034863281250000e+02
2.494135742187500e+02	2.013593750000000e+02
2.491708984375000e+02	2.014765625000000e+02
2.489941406250000e+02	2.009277343750000e+02
2.491376953125000e+02	1.981328125000000e+02
2.488452148437500e+02	1.984980468750000e+02
2.488276367187500e+02	1.969824218750000e+02
2.486777343750000e+02	1.962832031250000e+02
2.486943359375000e+02	1.944531250000000e+02
2.484755859375000e+02	1.944238281250000e+02
2.484628906250000e+02	1.928046875000000e+02
2.485112304687500e+02	1.905996093750000e+02
2.483247070312500e+02	1.902500000000000e+02
2.481938476562500e+02	1.895683593750000e+02
2.480590820312500e+02	1.887480468750000e+02
2.482011718750000e+02	1.859472656250000e+02
2.478886718750000e+02	1.864492187500000e+02
2.477744140625000e+02	1.857187500000000e+02
2.478291015625000e+02	1.834628906250000e+02
2.476308593750000e+02	1.834375000000000e+02
2.474921875000000e+02	1.826699218750000e+02
2.475595703125000e+02	1.805859375000000e+02
2.474755859375000e+02	1.793613281250000e+02
2.472739257812500e+02	1.793046875000000e+02
2.470576171875000e+02	1.791914062500000e+02
2.470058593750000e+02	1.781347656250000e+02
2.468950195312500e+02	1.773750000000000e+02
2.467441406250000e+02	1.770195312500000e+02
2.467197265625000e+02	1.758085937500000e+02
2.466166992187500e+02	1.750742187500000e+02
2.466069335937500e+02	1.735566406250000e+02
2.464262695312500e+02	1.735605468750000e+02
2.464008789062500e+02	1.721699218750000e+02
2.464619140625000e+02	1.700722656250000e+02
2.462749023437500e+02	1.700859375000000e+02
2.461962890625000e+02	1.688828125000000e+02
2.462558593750000e+02	1.668593750000000e+02
2.462431640625000e+02	1.651347656250000e+02
2.461176757812500e+02	1.644531250000000e+02
2.459790039062500e+02	1.635371093750000e+02
2.460693359375000e+02	1.610820312500000e+02
2.458203125000000e+02	1.611875000000000e+02
2.456982421875000e+02	1.603105468750000e+02
2.457958984375000e+02	1.577968750000000e+02
2.456298828125000e+02	1.571406250000000e+02
2.455126953125000e+02	1.563281250000000e+02
2.454594726562500e+02	1.548203125000000e+02
2.454594726562500e+02	1.529550781250000e+02
2.451225585937500e+02	1.538808593750000e+02
2.452001953125000e+02	1.512773437500000e+02
2.452128906250000e+02	1.494570312500000e+02
2.448979492187500e+02	1.500644531250000e+02
2.448955078125000e+02	1.483007812500000e+02
2.449765625000000e+02	1.458769531250000e+02
2.447973632812500e+02	1.453242187500000e+02
2.446601562500000e+02	1.445859375000000e+02
2.445791015625000e+02	1.433417968750000e+02
2.446210937500000e+02	1.411230468750000e+02
2.443974609375000e+02	1.411113281250000e+02
2.442382812500000e+02	1.403789062500000e+02
2.443071289062500e+02	1.381367187500000e+02
2.440009765625000e+02	1.387148437500000e+02
2.440859375000000e+02	1.362832031250000e+02
2.439868164062500e+02	1.353046875000000e+02
2.438471679687500e+02	1.345234375000000e+02
2.437138671875000e+02	1.339023437500000e+02
2.435903320312500e+02	1.330351562500000e+02
2.435703125000000e+02	1.316015625000000e+02
2.434428710937500e+02	1.307656250000000e+02
2.432993164062500e+02	1.303085937500000e+02
2.431748046875000e+02	1.295976562500000e+02
2.431762695312500e+02	1.279492187500000e+02
2.431645507812500e+02	1.264492187500000e+02
2.429628906250000e+02	1.262402343750000e+02
2.429741210937500e+02	1.245175781250000e+02
2.427329101562500e+02	1.246250000000000e+02
2.426210937500000e+02	1.240429687500000e+02
2.424721679687500e+02	1.235429687500000e+02
2.425522460937500e+02	1.213808593750000e+02
2.426157226562500e+02	1.193261718750000e+02
2.424331054687500e+02	1.189277343750000e+02
2.423276367187500e+02	1.181464843750000e+02
2.424111328125000e+02	1.156210937500000e+02
2.423110351562500e+02	1.146503906250000e+02
2.419858398437500e+02	1.154042968750000e+02
2.421777343750000e+02	1.120820312500000e+02
2.419819335937500e+02	1.119121093750000e+02
2.417724609375000e+02	1.116406250000000e+02
2.418686523437500e+02	1.092656250000000e+02
2.417988281250000e+02	1.078671875000000e+02
2.416845703125000e+02	1.070761718750000e+02
2.414775390625000e+02	1.068066406250000e+02
2.417177734375000e+02	1.030390625000000e+02
2.414916992187500e+02	1.029824218750000e+02
2.415395507812500e+02	1.005703125000000e+02
2.414648437500000e+02	9.910937500000000e+01
2.412792968750000e+02	9.854296875000000e+01
2.412260742187500e+02	9.701562500000000e+01
2.411166992187500e+02	9.580468750000000e+01
2.409667968750000e+02	9.498046875000000e+01
2.408691406250000e+02	9.388867187500000e+01
2.408408203125000e+02	9.220312500000000e+01
2.408051757812500e+02	9.043164062500000e+01
2.407124023437500e+02	8.923828125000000e+01
2.406298828125000e+02	8.791992187500000e+01
2.406645507812500e+02	8.554882812500000e+01
2.404926757812500e+02	8.477148437500000e+01
2.404633789062500e+02	8.292773437500000e+01
2.402119140625000e+02	8.290625000000000e+01
2.400659179687500e+02	8.211328125000000e+01
2.400112304687500e+02	8.049023437500000e+01
2.398754882812500e+02	7.980468750000000e+01
2.397915039062500e+02	7.860351562500000e+01
2.398549804687500e+02	7.619335937500000e+01
2.397900390625000e+02	7.479882812500000e+01
2.396972656250000e+02	7.356250000000000e+01
2.394511718750000e+02	7.339453125000000e+01
2.393554687500000e+02	7.228515625000000e+01
2.391308593750000e+02	7.230273437500000e+01
2.390087890625000e+02	7.159179687500000e+01
2.390253906250000e+02	6.972070312500000e+01
2.388959960937500e+02	6.908984375000000e+01
2.386914062500000e+02	6.896875000000000e+01
2.386376953125000e+02	6.792578125000000e+01
2.387993164062500e+02	6.484570312500000e+01
2.385297851562500e+02	6.540429687500000e+01
2.385566406250000e+02	6.326367187500000e+01
2.385678710937500e+02	6.149804687500000e+01
2.385566406250000e+02	5.961523437500000e+01
2.383647460937500e+02	5.920703125000000e+01
2.381689453125000e+02	5.899414062500000e+01
2.382807617187500e+02	5.609765625000000e+01
2.381040039062500e+02	5.571484375000000e+01
2.378603515625000e+02	5.582031250000000e+01
2.379301757812500e+02	5.342187500000000e+01
2.378388671875000e+02	5.242578125000000e+01
2.376240234375000e+02	5.213476562500000e+01
2.377177734375000e+02	4.969531250000000e+01
2.376303710937500e+02	4.847851562500000e+01
2.375097656250000e+02	4.754687500000000e+01
2.373686523437500e+02	4.688281250000000e+01
2.373281250000000e+02	4.521093750000000e+01
2.372504882812500e+02	4.410742187500000e+01
2.371054687500000e+02	4.336914062500000e+01
2.370532226562500e+02	4.191796875000000e+01
2.369291992187500e+02	4.115820312500000e+01
2.369062500000000e+02	3.936914062500000e+01
2.367636718750000e+02	3.877929687500000e+01
2.366835937500000e+02	3.750585937500000e+01
2.365527343750000e+02	3.673828125000000e+01
2.363393554687500e+02	3.675195312500000e+01
2.362036132812500e+02	3.618945312500000e+01
2.360498046875000e+02	3.573046875000000e+01
2.360385742187500e+02	3.439453125000000e+01
2.357841796875000e+02	3.493945312500000e+01
2.357475585937500e+02	3.365820312500000e+01
2.356865234375000e+02	3.277929687500000e+01
2.355224609375000e+02	3.271484375000000e+01
2.354970703125000e+02	3.159570312500000e+01
2.354819335937500e+02	3.014257812500000e+01
2.353637695312500e+02	2.961132812500000e+01
2.352495117187500e+02	2.913085937500000e+01
2.350776367187500e+02	2.910937500000000e+01
2.350996093750000e+02	2.736132812500000e+01
2.348540039062500e+02	2.796484375000000e+01
2.347832031250000e+02	2.720507812500000e+01
2.348300781250000e+02	2.551171875000000e+01
2.350117187500000e+02	2.266992187500000e+01
2.347133789062500e+02	2.331250000000000e+01
2.346176757812500e+02	2.260351562500000e+01
2.347260742187500e+02	2.015234375000000e+01
2.345747070312500e+02	1.969335937500000e+01
2.344755859375000e+02	1.894726562500000e+01
2.345161132812500e+02	1.678125000000000e+01
2.344614257812500e+02	1.559960937500000e+01
2.343496093750000e+02	1.457812500000000e+01
2.342734375000000e+02	1.350390625000000e+01
2.341640625000000e+02	1.250390625000000e+01
2.340742187500000e+02	1.145507812500000e+01
2.339760742187500e+02	1.049218750000000e+01
2.340639648437500e+02	7.972656250000000e+00
2.338554687500000e+02	7.861328125000000e+00
2.336040039062500e+02	7.880859375000000e+00
2.336166992187500e+02	6.251953125000000e+00
2.335190429687500e+02	5.136718750000000e+00
2.334287109375000e+02	4.302734375000000e+00
2.331743164062500e+02	4.490234375000000e+00
2.332734375000000e+02	2.154296875000000e+00
2.331870117187500e+02	1.140625000000000e+00
2.329433593750000e+02	1.392578125000000e+00
2.328872070312500e+02	2.851562500000000e-01
2.330371093750000e+02	-2.662109375000000e+00
