6.035791015625000e+01	7.244140625000000e+02
6.035595703125000e+01	7.244296875000000e+02
6.044873046875000e+01	7.237265625000000e+02
6.051708984375000e+01	7.233593750000000e+02
6.052978515625000e+01	7.242656250000000e+02
6.066845703125000e+01	7.232148437500000e+02
6.072314453125000e+01	7.230742187500000e+02
6.077001953125000e+01	7.236015625000000e+02
6.072705078125000e+01	7.233828125000000e+02
6.070751953125000e+01	7.229218750000000e+02
6.063037109375000e+01	7.235039062500000e+02
6.056201171875000e+01	7.240234375000000e+02
6.068994140625000e+01	7.230546875000000e+02
6.074853515625000e+01	7.217929687500000e+02
6.071435546875000e+01	7.217148437500000e+02
6.074169921875000e+01	7.205429687500000e+02
6.081103515625000e+01	7.193085937500000e+02
6.073095703125000e+01	7.189296875000000e+02
6.079931640625000e+01	7.173242187500000e+02
6.060498046875000e+01	7.176367187500000e+02
6.055419921875000e+01	7.168710937500000e+02
6.044091796875000e+01	7.166367187500000e+02
6.028955078125000e+01	7.167109375000000e+02
6.037353515625000e+01	7.149257812500000e+02
6.022998046875000e+01	7.148593750000000e+02
6.019091796875000e+01	7.139570312500000e+02
6.010595703125000e+01	7.133867187500000e+02
6.018212890625000e+01	7.115273437500000e+02
6.022021484375000e+01	7.099257812500000e+02
6.008056640625000e+01	7.095976562500000e+02
5.998486328125000e+01	7.087070312500000e+02
6.012548828125000e+01	7.061093750000000e+02
5.988037109375000e+01	7.064765625000000e+02
5.985107421875000e+01	7.048984375000000e+02
5.985107421875000e+01	7.033867187500000e+02
5.980615234375000e+01	7.020078125000000e+02
5.980615234375000e+01	7.003085937500000e+02
5.995556640625000e+01	6.972070312500000e+02
5.993994140625000e+01	6.953164062500000e+02
5.989501953125000e+01	6.934765625000000e+02
6.002294921875000e+01	6.902031250000000e+02
5.996923828125000e+01	6.881523437500000e+02
5.990380859375000e+01	6.861562500000000e+02
5.989697265625000e+01	6.836093750000000e+02
5.982470703125000e+01	6.814492187500000e+02
5.955908203125000e+01	6.808984375000000e+02
5.954638671875000e+01	6.784609375000000e+02
5.945458984375000e+01	6.766171875000000e+02
5.934716796875000e+01	6.747929687500000e+02
5.948779296875000e+01	6.711445312500000e+02
5.942431640625000e+01	6.690039062500000e+02
5.936083984375000e+01	6.665937500000000e+02
5.933349609375000e+01	6.640312500000000e+02
5.928857421875000e+01	6.614609375000000e+02
5.906201171875000e+01	6.603203125000000e+02
5.888916015625000e+01	6.587187500000000e+02
5.882470703125000e+01	6.565000000000000e+02
5.862548828125000e+01	6.553671875000000e+02
5.859814453125000e+01	6.528710937500000e+02
5.842236328125000e+01	6.515781250000000e+02
5.844482421875000e+01	6.488515625000000e+02
5.825927734375000e+01	6.476992187500000e+02
5.841259765625000e+01	6.437695312500000e+02
5.829638671875000e+01	6.419453125000000e+02
5.820849609375000e+01	6.397812500000000e+02
5.830224609375000e+01	6.362187500000000e+02
5.827587890625000e+01	6.334843750000000e+02
5.817431640625000e+01	6.312773437500000e+02
5.814013671875000e+01	6.283906250000000e+02
5.814501953125000e+01	6.252734375000000e+02
5.804833984375000e+01	6.228203125000000e+02
5.798779296875000e+01	6.200234375000000e+02
5.801025390625000e+01	6.165468750000000e+02
5.794384765625000e+01	6.137734375000000e+02
5.790380859375000e+01	6.107265625000000e+02
5.787060546875000e+01	6.075351562500000e+02
5.790478515625000e+01	6.037773437500000e+02
5.770166015625000e+01	6.017539062500000e+02
5.768408203125000e+01	5.983437500000000e+02
5.754833984375000e+01	5.957421875000000e+02
5.723779296875000e+01	5.945937500000000e+02
5.728955078125000e+01	5.908242187500000e+02
5.705712890625000e+01	5.892070312500000e+02
5.677783203125000e+01	5.880507812500000e+02
5.677783203125000e+01	5.849296875000000e+02
5.680224609375000e+01	5.816406250000000e+02
5.662451171875000e+01	5.797578125000000e+02
5.664111328125000e+01	5.764257812500000e+02
5.665185546875000e+01	5.731132812500000e+02
5.657470703125000e+01	5.703437500000000e+02
5.625439453125000e+01	5.694140625000000e+02
5.632568359375000e+01	5.656445312500000e+02
5.609326171875000e+01	5.641523437500000e+02
5.584130859375000e+01	5.628750000000000e+02
5.584423828125000e+01	5.598984375000000e+02
5.577685546875000e+01	5.573476562500000e+02
5.559521484375000e+01	5.557226562500000e+02
5.555712890625000e+01	5.530351562500000e+02
5.552294921875000e+01	5.501914062500000e+02
5.544384765625000e+01	5.477695312500000e+02
5.532568359375000e+01	5.456250000000000e+02
5.536669921875000e+01	5.421914062500000e+02
5.501220703125000e+01	5.418164062500000e+02
5.482861328125000e+01	5.402226562500000e+02
5.494970703125000e+01	5.363984375000000e+02
5.470849609375000e+01	5.353281250000000e+02
5.463818359375000e+01	5.329648437500000e+02
5.465966796875000e+01	5.299726562500000e+02
5.471728515625000e+01	5.265625000000000e+02
5.467138671875000e+01	5.238906250000000e+02
5.471728515625000e+01	5.203554687500000e+02
5.474755859375000e+01	5.167929687500000e+02
5.454052734375000e+01	5.149414062500000e+02
5.448193359375000e+01	5.120117187500000e+02
5.432373046875000e+01	5.098515625000000e+02
5.413916015625000e+01	5.079804687500000e+02
5.396923828125000e+01	5.060585937500000e+02
5.388232421875000e+01	5.036328125000000e+02
5.378662109375000e+01	5.012773437500000e+02
5.377783203125000e+01	4.982851562500000e+02
5.366357421875000e+01	4.960234375000000e+02
5.365478515625000e+01	4.929257812500000e+02
5.355224609375000e+01	4.905585937500000e+02
5.355810546875000e+01	4.873242187500000e+02
5.337744140625000e+01	4.854843750000000e+02
5.318994140625000e+01	4.836367187500000e+02
5.316357421875000e+01	4.807109375000000e+02
5.291845703125000e+01	4.795664062500000e+02
5.286767578125000e+01	4.768710937500000e+02
5.274755859375000e+01	4.748867187500000e+02
5.276318359375000e+01	4.717695312500000e+02
5.265283203125000e+01	4.695625000000000e+02
5.253271484375000e+01	4.674765625000000e+02
5.257275390625000e+01	4.640273437500000e+02
5.239697265625000e+01	4.623203125000000e+02
5.240576171875000e+01	4.592148437500000e+02
5.236279296875000e+01	4.563281250000000e+02
5.208544921875000e+01	4.553046875000000e+02
5.192626953125000e+01	4.535546875000000e+02
5.193212890625000e+01	4.504687500000000e+02
5.179443359375000e+01	4.485976562500000e+02
5.168701171875000e+01	4.464335937500000e+02
5.156591796875000e+01	4.444375000000000e+02
5.154541015625000e+01	4.416953125000000e+02
5.153466796875000e+01	4.387812500000000e+02
5.142529296875000e+01	4.366757812500000e+02
5.124853515625000e+01	4.349335937500000e+02
5.122021484375000e+01	4.322734375000000e+02
5.127783203125000e+01	4.288398437500000e+02
5.111767578125000e+01	4.269921875000000e+02
5.113427734375000e+01	4.238046875000000e+02
5.094238281250000e+01	4.221562500000000e+02
5.089257812500000e+01	4.194257812500000e+02
5.092333984375000e+01	4.161132812500000e+02
5.078369140625000e+01	4.140039062500000e+02
5.079736328125000e+01	4.106562500000000e+02
5.075292968750000e+01	4.077421875000000e+02
5.069091796875000e+01	4.048984375000000e+02
5.064111328125000e+01	4.018984375000000e+02
5.050781250000000e+01	3.995937500000000e+02
5.041113281250000e+01	3.969921875000000e+02
5.021044921875000e+01	3.952226562500000e+02
5.005029296875000e+01	3.931640625000000e+02
4.991845703125000e+01	3.909921875000000e+02
4.971630859375000e+01	3.895273437500000e+02
4.971093750000000e+01	3.865234375000000e+02
4.948144531250000e+01	3.853515625000000e+02
4.953320312500000e+01	3.820195312500000e+02
4.946875000000000e+01	3.795312500000000e+02
4.932617187500000e+01	3.776562500000000e+02
4.910009765625000e+01	3.763242187500000e+02
4.899609375000000e+01	3.743671875000000e+02
4.892089843750000e+01	3.720468750000000e+02
4.877246093750000e+01	3.704414062500000e+02
4.862890625000000e+01	3.687812500000000e+02
4.861328125000000e+01	3.661367187500000e+02
4.834033203125000e+01	3.655781250000000e+02
4.826904296875000e+01	3.635585937500000e+02
4.824267578125000e+01	3.611367187500000e+02
4.810253906250000e+01	3.596640625000000e+02
4.815722656250000e+01	3.567109375000000e+02
4.804443359375000e+01	3.549687500000000e+02
4.793505859375000e+01	3.529843750000000e+02
4.792871093750000e+01	3.503945312500000e+02
4.776464843750000e+01	3.489921875000000e+02
4.761474609375000e+01	3.473398437500000e+02
4.755371093750000e+01	3.452226562500000e+02
4.756005859375000e+01	3.426171875000000e+02
4.756640625000000e+01	3.398437500000000e+02
4.738085937500000e+01	3.384804687500000e+02
4.751708984375000e+01	3.347226562500000e+02
4.726269531250000e+01	3.337148437500000e+02
4.738867187500000e+01	3.300156250000000e+02
4.736083984375000e+01	3.271640625000000e+02
4.717529296875000e+01	3.255898437500000e+02
4.691210937500000e+01	3.246054687500000e+02
4.673437500000000e+01	3.231210937500000e+02
4.647265625000000e+01	3.223945312500000e+02
4.621728515625000e+01	3.218554687500000e+02
4.604687500000000e+01	3.208593750000000e+02
4.608007812500000e+01	3.183671875000000e+02
4.589208984375000e+01	3.175859375000000e+02
4.588183593750000e+01	3.154648437500000e+02
4.601123046875000e+01	3.121562500000000e+02
4.581835937500000e+01	3.112070312500000e+02
4.585400390625000e+01	3.084843750000000e+02
4.578515625000000e+01	3.065312500000000e+02
4.562890625000000e+01	3.051992187500000e+02
4.542822265625000e+01	3.042656250000000e+02
4.526562500000000e+01	3.031250000000000e+02
4.506591796875000e+01	3.023281250000000e+02
4.478906250000000e+01	3.023085937500000e+02
4.473437500000000e+01	3.007500000000000e+02
4.481347656250000e+01	2.982460937500000e+02
4.479931640625000e+01	2.962382812500000e+02
4.483984375000000e+01	2.937656250000000e+02
4.488183593750000e+01	2.911640625000000e+02
4.493017578125000e+01	2.882617187500000e+02
4.486035156250000e+01	2.861523437500000e+02
4.478173828125000e+01	2.841054687500000e+02
4.464062500000000e+01	2.825273437500000e+02
4.448779296875000e+01	2.810234375000000e+02
4.443212890625000e+01	2.789101562500000e+02
4.411425781250000e+01	2.788203125000000e+02
4.406982421875000e+01	2.767031250000000e+02
4.399511718750000e+01	2.749414062500000e+02
4.401806640625000e+01	2.723984375000000e+02
4.390966796875000e+01	2.707656250000000e+02
4.383007812500000e+01	2.688554687500000e+02
4.376123046875000e+01	2.668789062500000e+02
4.360351562500000e+01	2.655976562500000e+02
4.334082031250000e+01	2.651953125000000e+02
4.322509765625000e+01	2.638320312500000e+02
4.304980468750000e+01	2.629960937500000e+02
4.273339843750000e+01	2.633593750000000e+02
4.275390625000000e+01	2.611679687500000e+02
4.261669921875000e+01	2.603828125000000e+02
4.260498046875000e+01	2.585859375000000e+02
4.270166015625000e+01	2.558007812500000e+02
4.261035156250000e+01	2.544140625000000e+02
4.275488281250000e+01	2.511406250000000e+02
4.258740234375000e+01	2.500820312500000e+02
4.263818359375000e+01	2.473046875000000e+02
4.244482421875000e+01	2.463828125000000e+02
4.215673828125000e+01	2.461914062500000e+02
4.199511718750000e+01	2.452109375000000e+02
4.181591796875000e+01	2.445351562500000e+02
4.174121093750000e+01	2.431718750000000e+02
4.172705078125000e+01	2.411640625000000e+02
4.177148437500000e+01	2.388320312500000e+02
4.181201171875000e+01	2.363906250000000e+02
4.186035156250000e+01	2.337148437500000e+02
4.185937500000000e+01	2.312734375000000e+02
4.176416015625000e+01	2.295000000000000e+02
4.172705078125000e+01	2.271796875000000e+02
4.170019531250000e+01	2.247226562500000e+02
4.156445312500000e+01	2.231445312500000e+02
4.125195312500000e+01	2.229140625000000e+02
4.111572265625000e+01	2.214296875000000e+02
4.105371093750000e+01	2.195507812500000e+02
4.090869140625000e+01	2.183437500000000e+02
4.095849609375000e+01	2.156367187500000e+02
4.086083984375000e+01	2.139882812500000e+02
4.084667968750000e+01	2.116640625000000e+02
4.063964843750000e+01	2.107968750000000e+02
4.056689453125000e+01	2.089140625000000e+02
4.043603515625000e+01	2.075351562500000e+02
4.033593750000000e+01	2.059257812500000e+02
4.013134765625000e+01	2.051679687500000e+02
3.989599609375000e+01	2.047500000000000e+02
3.978955078125000e+01	2.035429687500000e+02
3.976806640625000e+01	2.016679687500000e+02
3.968652343750000e+01	2.002109375000000e+02
3.972460937500000e+01	1.978710937500000e+02
3.982373046875000e+01	1.949414062500000e+02
3.963964843750000e+01	1.940468750000000e+02
3.967382812500000e+01	1.914609375000000e+02
3.952148437500000e+01	1.902031250000000e+02
3.933349609375000e+01	1.892539062500000e+02
3.903759765625000e+01	1.892343750000000e+02
3.878173828125000e+01	1.891132812500000e+02
3.871826171875000e+01	1.876835937500000e+02
3.852392578125000e+01	1.873359375000000e+02
3.845166015625000e+01	1.862031250000000e+02
3.851025390625000e+01	1.839335937500000e+02
3.850488281250000e+01	1.822773437500000e+02
3.854052734375000e+01	1.799101562500000e+02
3.845800781250000e+01	1.785000000000000e+02
3.857128906250000e+01	1.755078125000000e+02
3.846826171875000e+01	1.739609375000000e+02
3.837304687500000e+01	1.723125000000000e+02
3.815576171875000e+01	1.716718750000000e+02
3.808447265625000e+01	1.699687500000000e+02
3.782666015625000e+01	1.697578125000000e+02
3.776806640625000e+01	1.681914062500000e+02
3.752294921875000e+01	1.679921875000000e+02
3.745166015625000e+01	1.666640625000000e+02
3.744921875000000e+01	1.648593750000000e+02
3.748974609375000e+01	1.624765625000000e+02
3.741113281250000e+01	1.610156250000000e+02
3.737158203125000e+01	1.592382812500000e+02
3.720898437500000e+01	1.583554687500000e+02
3.702246093750000e+01	1.576914062500000e+02
3.698388671875000e+01	1.559062500000000e+02
3.685986328125000e+01	1.548320312500000e+02
3.662597656250000e+01	1.547148437500000e+02
3.646435546875000e+01	1.540507812500000e+02
3.629296875000000e+01	1.536679687500000e+02
3.620019531250000e+01	1.526757812500000e+02
3.628906250000000e+01	1.504531250000000e+02
3.633105468750000e+01	1.482500000000000e+02
3.623339843750000e+01	1.471640625000000e+02
3.613818359375000e+01	1.459531250000000e+02
3.617480468750000e+01	1.436210937500000e+02
3.612646484375000e+01	1.419960937500000e+02
3.585986328125000e+01	1.419765625000000e+02
3.577734375000000e+01	1.406757812500000e+02
3.550878906250000e+01	1.406992187500000e+02
3.534765625000000e+01	1.403007812500000e+02
3.534375000000000e+01	1.384843750000000e+02
3.524365234375000e+01	1.377539062500000e+02
3.523339843750000e+01	1.360117187500000e+02
3.523583984375000e+01	1.343320312500000e+02
3.526904296875000e+01	1.320507812500000e+02
3.525732421875000e+01	1.301914062500000e+02
3.515087890625000e+01	1.289609375000000e+02
3.497412109375000e+01	1.283046875000000e+02
3.485986328125000e+01	1.270546875000000e+02
3.480126953125000e+01	1.255468750000000e+02
3.471630859375000e+01	1.243046875000000e+02
3.453076171875000e+01	1.237148437500000e+02
3.439746093750000e+01	1.228164062500000e+02
3.432226562500000e+01	1.216484375000000e+02
3.413427734375000e+01	1.210742187500000e+02
3.411669921875000e+01	1.196171875000000e+02
3.416357421875000e+01	1.173554687500000e+02
3.398046875000000e+01	1.169375000000000e+02
3.384960937500000e+01	1.161054687500000e+02
3.381787109375000e+01	1.144570312500000e+02
3.368945312500000e+01	1.137734375000000e+02
3.337695312500000e+01	1.142304687500000e+02
3.323242187500000e+01	1.138320312500000e+02
3.319531250000000e+01	1.126679687500000e+02
3.313183593750000e+01	1.114726562500000e+02
3.302490234375000e+01	1.108359375000000e+02
3.304541015625000e+01	1.091523437500000e+02
3.298681640625000e+01	1.078945312500000e+02
3.306445312500000e+01	1.058203125000000e+02
3.299462890625000e+01	1.043789062500000e+02
3.289794921875000e+01	1.033671875000000e+02
3.272412109375000e+01	1.027773437500000e+02
3.267822265625000e+01	1.013007812500000e+02
3.262353515625000e+01	9.999609375000000e+01
3.244580078125000e+01	9.936718750000000e+01
3.236181640625000e+01	9.832812500000000e+01
3.231884765625000e+01	9.676562500000000e+01
3.227832031250000e+01	9.542187500000000e+01
3.213964843750000e+01	9.457812500000000e+01
3.221972656250000e+01	9.214843750000000e+01
3.217236328125000e+01	9.068750000000000e+01
3.200000000000000e+01	8.991406250000000e+01
3.189306640625000e+01	8.883593750000000e+01
3.185742187500000e+01	8.724218750000000e+01
3.173681640625000e+01	8.612109375000000e+01
3.173291015625000e+01	8.426171875000000e+01
3.145849609375000e+01	8.445312500000000e+01
3.139501953125000e+01	8.294140625000000e+01
3.123095703125000e+01	8.246484375000000e+01
3.102392578125000e+01	8.225000000000000e+01
3.100000000000000e+01	8.085546875000000e+01
3.100000000000000e+01	7.907421875000000e+01
3.070117187500000e+01	7.982421875000000e+01
3.064160156250000e+01	7.851562500000000e+01
3.049951171875000e+01	7.814453125000000e+01
3.035449218750000e+01	7.781640625000000e+01
3.029980468750000e+01	7.674218750000000e+01
3.024121093750000e+01	7.565234375000000e+01
3.011279296875000e+01	7.526562500000000e+01
3.003564453125000e+01	7.446484375000000e+01
2.993261718750000e+01	7.377734375000000e+01
2.981445312500000e+01	7.318359375000000e+01
2.976123046875000e+01	7.222265625000000e+01
2.964013671875000e+01	7.179687500000000e+01
2.967578125000000e+01	7.014453125000000e+01
2.967089843750000e+01	6.852734375000000e+01
2.956396484375000e+01	6.788671875000000e+01
2.937841796875000e+01	6.778125000000000e+01
2.931250000000000e+01	6.662500000000000e+01
2.910546875000000e+01	6.680859375000000e+01
2.915625000000000e+01	6.504296875000000e+01
2.919677734375000e+01	6.317968750000000e+01
2.890722656250000e+01	6.377734375000000e+01
2.882470703125000e+01	6.298046875000000e+01
2.882714843750000e+01	6.155468750000000e+01
2.885253906250000e+01	5.968750000000000e+01
2.861914062500000e+01	6.000390625000000e+01
2.865576171875000e+01	5.813281250000000e+01
2.845996093750000e+01	5.796093750000000e+01
2.839404296875000e+01	5.701562500000000e+01
2.843994140625000e+01	5.507031250000000e+01
2.829248046875000e+01	5.455468750000000e+01
2.822753906250000e+01	5.355859375000000e+01
2.818554687500000e+01	5.207421875000000e+01
2.807617187500000e+01	5.136718750000000e+01
2.793896484375000e+01	5.064453125000000e+01
2.792626953125000e+01	4.914843750000000e+01
2.778808593750000e+01	4.855859375000000e+01
2.771679687500000e+01	4.737890625000000e+01
2.772705078125000e+01	4.576953125000000e+01
2.762255859375000e+01	4.471875000000000e+01
2.755029296875000e+01	4.371484375000000e+01
2.734082031250000e+01	4.341015625000000e+01
2.724902343750000e+01	4.259375000000000e+01
2.707666015625000e+01	4.222265625000000e+01
2.690722656250000e+01	4.197656250000000e+01
2.689746093750000e+01	4.066796875000000e+01
2.699121093750000e+01	3.846875000000000e+01
2.672949218750000e+01	3.879296875000000e+01
2.669140625000000e+01	3.761718750000000e+01
2.662402343750000e+01	3.653125000000000e+01
2.646142578125000e+01	3.618750000000000e+01
2.644775390625000e+01	3.486718750000000e+01
2.629248046875000e+01	3.450781250000000e+01
2.609570312500000e+01	3.444921875000000e+01
2.602832031250000e+01	3.361718750000000e+01
2.594824218750000e+01	3.285937500000000e+01
2.581738281250000e+01	3.250781250000000e+01
2.555664062500000e+01	3.318359375000000e+01
2.559472656250000e+01	3.163671875000000e+01
2.568017578125000e+01	2.964843750000000e+01
2.545019531250000e+01	3.007031250000000e+01
2.536376953125000e+01	2.939843750000000e+01
2.534570312500000e+01	2.821484375000000e+01
2.524023437500000e+01	2.769531250000000e+01
2.509960937500000e+01	2.739453125000000e+01
2.506494140625000e+01	2.621093750000000e+01
2.501806640625000e+01	2.526562500000000e+01
2.489355468750000e+01	2.486718750000000e+01
2.495458984375000e+01	2.306250000000000e+01
2.479589843750000e+01	2.277343750000000e+01
2.466601562500000e+01	2.220703125000000e+01
2.456689453125000e+01	2.163671875000000e+01
2.451269531250000e+01	2.068359375000000e+01
2.443359375000000e+01	1.991796875000000e+01
2.439794921875000e+01	1.857421875000000e+01
2.430664062500000e+01	1.788281250000000e+01
2.424169921875000e+01	1.692578125000000e+01
2.416064453125000e+01	1.603125000000000e+01
2.406005859375000e+01	1.524218750000000e+01
2.389257812500000e+01	1.510546875000000e+01
2.386572265625000e+01	1.394140625000000e+01
2.384667968750000e+01	1.255859375000000e+01
2.368017578125000e+01	1.230859375000000e+01
2.375146484375000e+01	1.034765625000000e+01
2.358007812500000e+01	1.004687500000000e+01
2.344921875000000e+01	9.441406250000000e+00
2.327490234375000e+01	9.359375000000000e+00
2.306396484375000e+01	9.574218750000000e+00
2.311083984375000e+01	7.921875000000000e+00
2.284570312500000e+01	8.539062500000000e+00
2.271337890625000e+01	8.324218750000000e+00
2.265771484375000e+01	7.636718750000000e+00
2.257373046875000e+01	7.140625000000000e+00
2.253662109375000e+01	6.226562500000000e+00
2.237304687500000e+01	6.269531250000000e+00
2.241357421875000e+01	4.789062500000000e+00
2.230419921875000e+01	4.398437500000000e+00
2.236914062500000e+01	2.628906250000000e+00
2.219384765625000e+01	2.636718750000000e+00
2.209570312500000e+01	2.078125000000000e+00
2.193554687500000e+01	1.992187500000000e+00
2.179101562500000e+01	1.847656250000000e+00
2.172119140625000e+01	1.160156250000000e+00
2.154833984375000e+01	1.316406250000000e+00
2.148583984375000e+01	6.992187500000000e-01
2.143896484375000e+01	-5.468750000000000e-02
