0.000000000000000e+00	0.000000000000000e+00
1.826171875000000e-01	-8.593750000000000e-02
2.451171875000000e-01	7.421875000000000e-01
1.982421875000000e-01	2.566406250000000e+00
2.080078125000000e-01	3.917968750000000e+00
4.863281250000000e-01	3.214843750000000e+00
5.322265625000000e-01	4.273437500000000e+00
6.718750000000000e-01	4.703125000000000e+00
8.193359375000000e-01	4.910156250000000e+00
9.614257812500000e-01	5.117187500000000e+00
9.819335937500000e-01	6.175781250000000e+00
1.112792968750000e+00	6.355468750000000e+00
1.311035156250000e+00	6.070312500000000e+00
1.441894531250000e+00	6.214843750000000e+00
1.411621093750000e+00	7.492187500000000e+00
1.585449218750000e+00	7.269531250000000e+00
1.705078125000000e+00	7.453125000000000e+00
1.638671875000000e+00	9.046875000000000e+00
1.816894531250000e+00	8.804687500000000e+00
2.005859375000000e+00	8.402343750000000e+00
1.899414062500000e+00	1.032031250000000e+01
1.962890625000000e+00	1.099218750000000e+01
2.022460937500000e+00	1.175781250000000e+01
2.091308593750000e+00	1.247656250000000e+01
2.102539062500000e+00	1.368750000000000e+01
2.205566406250000e+00	1.418750000000000e+01
2.372070312500000e+00	1.423046875000000e+01
2.307128906250000e+00	1.601953125000000e+01
2.439453125000000e+00	1.635937500000000e+01
2.566406250000000e+00	1.682031250000000e+01
2.605957031250000e+00	1.791015625000000e+01
2.664062500000000e+00	1.881250000000000e+01
2.716308593750000e+00	1.975781250000000e+01
2.913085937500000e+00	1.958984375000000e+01
2.908203125000000e+00	2.105078125000000e+01
2.909179687500000e+00	2.257031250000000e+01
2.947753906250000e+00	2.366796875000000e+01
3.261230468750000e+00	2.273828125000000e+01
3.238281250000000e+00	2.438281250000000e+01
3.331054687500000e+00	2.514453125000000e+01
3.487304687500000e+00	2.530468750000000e+01
3.446777343750000e+00	2.699609375000000e+01
3.579101562500000e+00	2.740234375000000e+01
3.600585937500000e+00	2.882812500000000e+01
3.860839843750000e+00	2.822265625000000e+01
3.770996093750000e+00	3.028906250000000e+01
3.927246093750000e+00	3.048828125000000e+01
4.009765625000000e+00	3.145703125000000e+01
4.162109375000000e+00	3.168750000000000e+01
4.227050781250000e+00	3.257812500000000e+01
4.480957031250000e+00	3.195703125000000e+01
4.546875000000000e+00	3.269921875000000e+01
4.605468750000000e+00	3.346875000000000e+01
4.649902343750000e+00	3.436718750000000e+01
4.864746093750000e+00	3.404296875000000e+01
4.868652343750000e+00	3.523046875000000e+01
4.850585937500000e+00	3.662500000000000e+01
5.006835937500000e+00	3.669921875000000e+01
5.094726562500000e+00	3.731640625000000e+01
5.028808593750000e+00	3.913281250000000e+01
5.121582031250000e+00	3.979296875000000e+01
5.243164062500000e+00	4.030078125000000e+01
5.347656250000000e+00	4.101953125000000e+01
5.335937500000000e+00	4.246875000000000e+01
5.476074218750000e+00	4.279296875000000e+01
5.531738281250000e+00	4.377734375000000e+01
5.580078125000000e+00	4.502343750000000e+01
5.647460937500000e+00	4.594140625000000e+01
5.833007812500000e+00	4.591796875000000e+01
5.951171875000000e+00	4.657421875000000e+01
5.949707031250000e+00	4.805468750000000e+01
6.024902343750000e+00	4.885156250000000e+01
6.104980468750000e+00	4.964453125000000e+01
6.149414062500000e+00	5.092187500000000e+01
6.293945312500000e+00	5.131640625000000e+01
6.412109375000000e+00	5.182812500000000e+01
6.591308593750000e+00	5.189843750000000e+01
6.521484375000000e+00	5.398046875000000e+01
6.713378906250000e+00	5.391015625000000e+01
6.949707031250000e+00	5.344140625000000e+01
6.970214843750000e+00	5.458593750000000e+01
6.947265625000000e+00	5.601953125000000e+01
7.162109375000000e+00	5.571484375000000e+01
7.164550781250000e+00	5.714062500000000e+01
7.226562500000000e+00	5.799218750000000e+01
7.287597656250000e+00	5.885156250000000e+01
7.369140625000000e+00	5.960156250000000e+01
7.513671875000000e+00	5.982812500000000e+01
7.595214843750000e+00	6.073828125000000e+01
7.717285156250000e+00	6.117578125000000e+01
7.751464843750000e+00	6.226171875000000e+01
7.846679687500000e+00	6.285937500000000e+01
7.905273437500000e+00	6.375781250000000e+01
8.037109375000000e+00	6.416796875000000e+01
8.147949218750000e+00	6.475390625000000e+01
8.290039062500000e+00	6.496093750000000e+01
8.305175781250000e+00	6.609765625000000e+01
8.407226562500000e+00	6.662890625000000e+01
8.500000000000000e+00	6.724609375000000e+01
8.460449218750000e+00	6.882031250000000e+01
8.629394531250000e+00	6.905468750000000e+01
8.794433593750000e+00	6.918750000000000e+01
8.668945312500000e+00	7.144140625000000e+01
8.906250000000000e+00	7.098437500000000e+01
9.109375000000000e+00	7.078515625000000e+01
9.033203125000000e+00	7.264453125000000e+01
9.220214843750000e+00	7.259375000000000e+01
9.285156250000000e+00	7.342187500000000e+01
9.317871093750000e+00	7.444921875000000e+01
9.273437500000000e+00	7.612890625000000e+01
9.490722656250000e+00	7.585156250000000e+01
9.562988281250000e+00	7.670703125000000e+01
9.474121093750000e+00	7.891015625000000e+01
9.726074218750000e+00	7.840625000000000e+01
9.771484375000000e+00	7.944531250000000e+01
9.975097656250000e+00	7.928906250000000e+01
9.964843750000000e+00	8.083593750000000e+01
1.013769531250000e+01	8.084765625000000e+01
1.026708984375000e+01	8.116796875000000e+01
1.020361328125000e+01	8.296875000000000e+01
1.033300781250000e+01	8.331250000000000e+01
1.053515625000000e+01	8.308203125000000e+01
1.051464843750000e+01	8.455859375000000e+01
1.059375000000000e+01	8.540625000000000e+01
1.068505859375000e+01	8.601171875000000e+01
1.076904296875000e+01	8.669921875000000e+01
1.086035156250000e+01	8.737109375000000e+01
1.095556640625000e+01	8.801171875000000e+01
1.108154296875000e+01	8.842187500000000e+01
1.117285156250000e+01	8.907031250000000e+01
1.134570312500000e+01	8.906250000000000e+01
1.137255859375000e+01	9.007812500000000e+01
1.157080078125000e+01	8.975000000000000e+01
1.170166015625000e+01	8.993750000000000e+01
1.149072265625000e+01	9.270312500000000e+01
1.162011718750000e+01	9.298437500000000e+01
1.166992187500000e+01	9.392578125000000e+01
1.175244140625000e+01	9.472656250000000e+01
1.168017578125000e+01	9.684765625000000e+01
1.192626953125000e+01	9.638671875000000e+01
1.198095703125000e+01	9.737890625000000e+01
1.196093750000000e+01	9.912500000000000e+01
1.214990234375000e+01	9.922656250000000e+01
1.216796875000000e+01	1.004921875000000e+02
1.217675781250000e+01	1.019765625000000e+02
1.224169921875000e+01	1.031210937500000e+02
1.239160156250000e+01	1.034570312500000e+02
1.246777343750000e+01	1.045976562500000e+02
1.246630859375000e+01	1.061796875000000e+02
1.257177734375000e+01	1.070000000000000e+02
1.274218750000000e+01	1.074492187500000e+02
1.272460937500000e+01	1.090468750000000e+02
1.291357421875000e+01	1.093984375000000e+02
1.298339843750000e+01	1.103828125000000e+02
1.308398437500000e+01	1.111953125000000e+02
1.325048828125000e+01	1.115898437500000e+02
1.342333984375000e+01	1.116640625000000e+02
1.357421875000000e+01	1.118828125000000e+02
1.358349609375000e+01	1.131562500000000e+02
1.369238281250000e+01	1.137812500000000e+02
1.377001953125000e+01	1.145351562500000e+02
1.388183593750000e+01	1.150273437500000e+02
1.388037109375000e+01	1.163789062500000e+02
1.400634765625000e+01	1.167929687500000e+02
1.409667968750000e+01	1.176406250000000e+02
1.420849609375000e+01	1.181523437500000e+02
1.415625000000000e+01	1.198906250000000e+02
1.425927734375000e+01	1.204921875000000e+02
1.431396484375000e+01	1.216562500000000e+02
1.433544921875000e+01	1.230625000000000e+02
1.449804687500000e+01	1.232968750000000e+02
1.467822265625000e+01	1.235078125000000e+02
1.473046875000000e+01	1.246210937500000e+02
1.472949218750000e+01	1.260351562500000e+02
1.491455078125000e+01	1.260625000000000e+02
1.508251953125000e+01	1.264023437500000e+02
1.504296875000000e+01	1.280429687500000e+02
1.513818359375000e+01	1.287070312500000e+02
1.539257812500000e+01	1.281289062500000e+02
1.538378906250000e+01	1.296601562500000e+02
1.537207031250000e+01	1.312109375000000e+02
1.558447265625000e+01	1.309882812500000e+02
1.561083984375000e+01	1.321328125000000e+02
1.560986328125000e+01	1.335898437500000e+02
1.570263671875000e+01	1.345000000000000e+02
1.590820312500000e+01	1.343046875000000e+02
1.589062500000000e+01	1.358437500000000e+02
1.598828125000000e+01	1.366171875000000e+02
1.608740234375000e+01	1.373984375000000e+02
1.623095703125000e+01	1.376914062500000e+02
1.627832031250000e+01	1.387382812500000e+02
1.637841796875000e+01	1.395312500000000e+02
1.656640625000000e+01	1.395390625000000e+02
1.669482421875000e+01	1.398828125000000e+02
1.671777343750000e+01	1.409648437500000e+02
1.685888671875000e+01	1.411562500000000e+02
1.689160156250000e+01	1.421679687500000e+02
1.705175781250000e+01	1.422539062500000e+02
1.711132812500000e+01	1.431875000000000e+02
1.733398437500000e+01	1.427421875000000e+02
1.727050781250000e+01	1.443945312500000e+02
1.729443359375000e+01	1.454687500000000e+02
1.734423828125000e+01	1.464140625000000e+02
1.763378906250000e+01	1.455468750000000e+02
1.753076171875000e+01	1.476015625000000e+02
1.762353515625000e+01	1.482031250000000e+02
1.766699218750000e+01	1.493398437500000e+02
1.775683593750000e+01	1.501054687500000e+02
1.778613281250000e+01	1.512695312500000e+02
1.787792968750000e+01	1.519375000000000e+02
1.791699218750000e+01	1.532539062500000e+02
1.799218750000000e+01	1.542148437500000e+02
1.806054687500000e+01	1.551445312500000e+02
1.806298828125000e+01	1.568242187500000e+02
1.824365234375000e+01	1.570078125000000e+02
1.830224609375000e+01	1.580937500000000e+02
1.847753906250000e+01	1.584453125000000e+02
1.861474609375000e+01	1.588164062500000e+02
1.860546875000000e+01	1.603125000000000e+02
1.867041015625000e+01	1.614531250000000e+02
1.884179687500000e+01	1.616445312500000e+02
1.888916015625000e+01	1.626914062500000e+02
1.895117187500000e+01	1.637929687500000e+02
1.908740234375000e+01	1.643125000000000e+02
1.916992187500000e+01	1.650703125000000e+02
1.915820312500000e+01	1.667109375000000e+02
1.911914062500000e+01	1.686640625000000e+02
1.915576171875000e+01	1.698984375000000e+02
1.939453125000000e+01	1.700195312500000e+02
1.943408203125000e+01	1.712460937500000e+02
1.957617187500000e+01	1.719570312500000e+02
1.971240234375000e+01	1.724570312500000e+02
1.970458984375000e+01	1.740859375000000e+02
1.987011718750000e+01	1.745312500000000e+02
2.002734375000000e+01	1.748085937500000e+02
2.009716796875000e+01	1.758984375000000e+02
2.021191406250000e+01	1.765390625000000e+02
2.031347656250000e+01	1.771523437500000e+02
2.036572265625000e+01	1.781601562500000e+02
2.033886718750000e+01	1.799804687500000e+02
2.043261718750000e+01	1.807773437500000e+02
2.054345703125000e+01	1.814882812500000e+02
2.055078125000000e+01	1.831757812500000e+02
2.071630859375000e+01	1.833906250000000e+02
2.068945312500000e+01	1.853125000000000e+02
2.075781250000000e+01	1.864296875000000e+02
2.083789062500000e+01	1.875664062500000e+02
2.091406250000000e+01	1.887070312500000e+02
2.110595703125000e+01	1.889335937500000e+02
2.121142578125000e+01	1.898320312500000e+02
2.116064453125000e+01	1.917460937500000e+02
2.138427734375000e+01	1.918789062500000e+02
2.140478515625000e+01	1.932148437500000e+02
2.150488281250000e+01	1.942382812500000e+02
2.161035156250000e+01	1.950117187500000e+02
2.165869140625000e+01	1.963242187500000e+02
2.178955078125000e+01	1.970078125000000e+02
2.182519531250000e+01	1.982890625000000e+02
2.194580078125000e+01	1.991601562500000e+02
2.212500000000000e+01	1.992734375000000e+02
2.220507812500000e+01	2.003632812500000e+02
2.221289062500000e+01	2.018554687500000e+02
2.243896484375000e+01	2.016093750000000e+02
2.261181640625000e+01	2.019375000000000e+02
2.250244140625000e+01	2.042148437500000e+02
2.268164062500000e+01	2.042812500000000e+02
2.280615234375000e+01	2.048281250000000e+02
2.284667968750000e+01	2.061132812500000e+02
2.297900390625000e+01	2.065195312500000e+02
2.305664062500000e+01	2.073164062500000e+02
2.308447265625000e+01	2.086562500000000e+02
2.321142578125000e+01	2.092031250000000e+02
2.335742187500000e+01	2.095039062500000e+02
2.345898437500000e+01	2.100976562500000e+02
2.331542968750000e+01	2.127578125000000e+02
2.342871093750000e+01	2.134296875000000e+02
2.354296875000000e+01	2.140117187500000e+02
2.359277343750000e+01	2.154375000000000e+02
2.358007812500000e+01	2.170468750000000e+02
2.376171875000000e+01	2.174101562500000e+02
2.387353515625000e+01	2.181757812500000e+02
2.382373046875000e+01	2.201679687500000e+02
2.403857421875000e+01	2.203046875000000e+02
2.403710937500000e+01	2.218632812500000e+02
2.415185546875000e+01	2.228203125000000e+02
2.432958984375000e+01	2.229843750000000e+02
2.454052734375000e+01	2.230664062500000e+02
2.457861328125000e+01	2.242656250000000e+02
2.458642578125000e+01	2.256093750000000e+02
2.469921875000000e+01	2.263320312500000e+02
2.473583984375000e+01	2.276484375000000e+02
2.491503906250000e+01	2.277382812500000e+02
2.494677734375000e+01	2.290703125000000e+02
2.495214843750000e+01	2.306445312500000e+02
2.510058593750000e+01	2.309843750000000e+02
2.518212890625000e+01	2.320898437500000e+02
2.515771484375000e+01	2.338281250000000e+02
2.524169921875000e+01	2.348046875000000e+02
2.542871093750000e+01	2.351484375000000e+02
2.544628906250000e+01	2.365273437500000e+02
2.552246093750000e+01	2.377968750000000e+02
2.559619140625000e+01	2.387460937500000e+02
2.571191406250000e+01	2.396718750000000e+02
2.571044921875000e+01	2.412578125000000e+02
2.561035156250000e+01	2.438828125000000e+02
2.581201171875000e+01	2.440703125000000e+02
2.578320312500000e+01	2.463242187500000e+02
2.587841796875000e+01	2.474882812500000e+02
2.610449218750000e+01	2.476210937500000e+02
2.633203125000000e+01	2.478750000000000e+02
2.634228515625000e+01	2.493671875000000e+02
2.644384765625000e+01	2.504257812500000e+02
2.658984375000000e+01	2.508281250000000e+02
2.660009765625000e+01	2.525703125000000e+02
2.657324218750000e+01	2.543671875000000e+02
2.667871093750000e+01	2.555234375000000e+02
2.663818359375000e+01	2.575898437500000e+02
2.671044921875000e+01	2.589921875000000e+02
2.680078125000000e+01	2.603007812500000e+02
2.699755859375000e+01	2.606953125000000e+02
2.714111328125000e+01	2.615195312500000e+02
2.725439453125000e+01	2.624843750000000e+02
2.741064453125000e+01	2.630000000000000e+02
2.743457031250000e+01	2.646445312500000e+02
2.752099609375000e+01	2.656250000000000e+02
2.769531250000000e+01	2.661093750000000e+02
2.775634765625000e+01	2.672851562500000e+02
2.775976562500000e+01	2.689765625000000e+02
2.779931640625000e+01	2.703750000000000e+02
2.793798828125000e+01	2.711484375000000e+02
2.798486328125000e+01	2.724960937500000e+02
2.812695312500000e+01	2.733046875000000e+02
2.811328125000000e+01	2.750625000000000e+02
2.827587890625000e+01	2.758046875000000e+02
2.828222656250000e+01	2.774570312500000e+02
2.825537109375000e+01	2.795429687500000e+02
2.827441406250000e+01	2.813710937500000e+02
2.838623046875000e+01	2.824960937500000e+02
2.839794921875000e+01	2.844843750000000e+02
2.823632812500000e+01	2.878632812500000e+02
2.854882812500000e+01	2.877812500000000e+02
2.861914062500000e+01	2.894960937500000e+02
2.864062500000000e+01	2.915117187500000e+02
2.861132812500000e+01	2.939765625000000e+02
2.894531250000000e+01	2.937343750000000e+02
2.902294921875000e+01	2.953085937500000e+02
2.913867187500000e+01	2.965507812500000e+02
2.924755859375000e+01	2.977382812500000e+02
2.932666015625000e+01	2.991718750000000e+02
2.936230468750000e+01	3.010390625000000e+02
2.948535156250000e+01	3.021015625000000e+02
2.961767578125000e+01	3.031328125000000e+02
2.956005859375000e+01	3.056210937500000e+02
2.976123046875000e+01	3.062421875000000e+02
2.984375000000000e+01	3.077343750000000e+02
2.996679687500000e+01	3.088320312500000e+02
2.997460937500000e+01	3.107656250000000e+02
3.015625000000000e+01	3.113828125000000e+02
3.030468750000000e+01	3.123593750000000e+02
3.040527343750000e+01	3.134609375000000e+02
3.058447265625000e+01	3.139296875000000e+02
3.056396484375000e+01	3.160351562500000e+02
3.067724609375000e+01	3.169570312500000e+02
3.076123046875000e+01	3.182500000000000e+02
3.085107421875000e+01	3.194570312500000e+02
3.084619140625000e+01	3.213007812500000e+02
3.097070312500000e+01	3.223906250000000e+02
3.079003906250000e+01	3.257304687500000e+02
3.089062500000000e+01	3.270859375000000e+02
3.106738281250000e+01	3.279023437500000e+02
3.120458984375000e+01	3.289648437500000e+02
3.131884765625000e+01	3.301953125000000e+02
3.139501953125000e+01	3.316757812500000e+02
3.151953125000000e+01	3.327187500000000e+02
3.161718750000000e+01	3.339765625000000e+02
3.169873046875000e+01	3.353710937500000e+02
3.183593750000000e+01	3.363046875000000e+02
3.195654296875000e+01	3.372773437500000e+02
3.201757812500000e+01	3.387460937500000e+02
3.207714843750000e+01	3.402421875000000e+02
3.206347656250000e+01	3.422539062500000e+02
3.211767578125000e+01	3.438593750000000e+02
3.223632812500000e+01	3.450976562500000e+02
3.243945312500000e+01	3.455898437500000e+02
3.261328125000000e+01	3.461640625000000e+02
3.262988281250000e+01	3.479492187500000e+02
3.283837890625000e+01	3.482382812500000e+02
3.293994140625000e+01	3.491640625000000e+02
3.300244140625000e+01	3.505781250000000e+02
3.303417968750000e+01	3.519296875000000e+02
3.317871093750000e+01	3.527851562500000e+02
3.328417968750000e+01	3.536445312500000e+02
3.324853515625000e+01	3.558203125000000e+02
3.342431640625000e+01	3.562343750000000e+02
3.349755859375000e+01	3.575039062500000e+02
3.358056640625000e+01	3.586562500000000e+02
3.364892578125000e+01	3.598750000000000e+02
3.378125000000000e+01	3.607226562500000e+02
3.380419921875000e+01	3.622265625000000e+02
3.386621093750000e+01	3.637031250000000e+02
3.397949218750000e+01	3.645898437500000e+02
3.405664062500000e+01	3.659140625000000e+02
3.422070312500000e+01	3.664101562500000e+02
3.430322265625000e+01	3.675898437500000e+02
3.428027343750000e+01	3.696093750000000e+02
3.438964843750000e+01	3.705195312500000e+02
3.455859375000000e+01	3.712539062500000e+02
3.455615234375000e+01	3.729492187500000e+02
3.460937500000000e+01	3.744335937500000e+02
3.477197265625000e+01	3.750468750000000e+02
3.487744140625000e+01	3.760117187500000e+02
3.490283203125000e+01	3.777460937500000e+02
3.501464843750000e+01	3.785820312500000e+02
3.504296875000000e+01	3.803359375000000e+02
3.515087890625000e+01	3.813632812500000e+02
3.522460937500000e+01	3.826093750000000e+02
3.533349609375000e+01	3.837773437500000e+02
3.551562500000000e+01	3.841562500000000e+02
3.561181640625000e+01	3.852539062500000e+02
3.574023437500000e+01	3.858984375000000e+02
3.568798828125000e+01	3.881132812500000e+02
3.584814453125000e+01	3.885585937500000e+02
3.594238281250000e+01	3.896718750000000e+02
3.609619140625000e+01	3.901640625000000e+02
3.617968750000000e+01	3.913125000000000e+02
3.610351562500000e+01	3.935000000000000e+02
3.618603515625000e+01	3.947695312500000e+02
3.625488281250000e+01	3.960898437500000e+02
3.627636718750000e+01	3.977109375000000e+02
3.648095703125000e+01	3.982148437500000e+02
3.654833984375000e+01	3.995117187500000e+02
3.659130859375000e+01	4.010078125000000e+02
3.685986328125000e+01	4.008593750000000e+02
3.691943359375000e+01	4.020859375000000e+02
3.693701171875000e+01	4.037617187500000e+02
3.707421875000000e+01	4.043359375000000e+02
3.706933593750000e+01	4.062148437500000e+02
3.702490234375000e+01	4.082656250000000e+02
3.710107421875000e+01	4.097500000000000e+02
3.719238281250000e+01	4.110078125000000e+02
3.726220703125000e+01	4.124062500000000e+02
3.736669921875000e+01	4.136054687500000e+02
3.737548828125000e+01	4.156367187500000e+02
3.749609375000000e+01	4.166757812500000e+02
3.757373046875000e+01	4.181171875000000e+02
3.770068359375000e+01	4.191718750000000e+02
3.780126953125000e+01	4.205117187500000e+02
3.785205078125000e+01	4.220703125000000e+02
3.790917968750000e+01	4.236093750000000e+02
3.806933593750000e+01	4.244140625000000e+02
3.813037109375000e+01	4.260039062500000e+02
3.823193359375000e+01	4.271640625000000e+02
3.815820312500000e+01	4.296953125000000e+02
3.823291015625000e+01	4.312460937500000e+02
3.842626953125000e+01	4.319843750000000e+02
3.850732421875000e+01	4.334492187500000e+02
3.864599609375000e+01	4.344296875000000e+02
3.885546875000000e+01	4.347500000000000e+02
3.894970703125000e+01	4.360742187500000e+02
3.898291015625000e+01	4.376015625000000e+02
3.908837890625000e+01	4.386289062500000e+02
3.914013671875000e+01	4.402265625000000e+02
3.923437500000000e+01	4.413398437500000e+02
3.929638671875000e+01	4.427773437500000e+02
3.952539062500000e+01	4.429765625000000e+02
3.944384765625000e+01	4.453515625000000e+02
3.953906250000000e+01	4.466445312500000e+02
3.971191406250000e+01	4.472226562500000e+02
3.987597656250000e+01	4.478007812500000e+02
3.994726562500000e+01	4.492343750000000e+02
3.989501953125000e+01	4.512890625000000e+02
3.999023437500000e+01	4.524726562500000e+02
3.994970703125000e+01	4.547109375000000e+02
4.004980468750000e+01	4.559257812500000e+02
4.021386718750000e+01	4.566523437500000e+02
4.021630859375000e+01	4.587500000000000e+02
4.020507812500000e+01	4.608906250000000e+02
4.029541015625000e+01	4.623476562500000e+02
4.028906250000000e+01	4.645937500000000e+02
4.043896484375000e+01	4.656640625000000e+02
4.049218750000000e+01	4.674843750000000e+02
4.064990234375000e+01	4.684648437500000e+02
4.070410156250000e+01	4.702382812500000e+02
4.086328125000000e+01	4.712343750000000e+02
4.091406250000000e+01	4.729882812500000e+02
4.107128906250000e+01	4.739179687500000e+02
4.109667968750000e+01	4.758007812500000e+02
4.112744140625000e+01	4.777031250000000e+02
4.128369140625000e+01	4.786601562500000e+02
4.140966796875000e+01	4.798476562500000e+02
4.150976562500000e+01	4.812265625000000e+02
4.161669921875000e+01	4.824492187500000e+02
4.160400390625000e+01	4.845820312500000e+02
4.187207031250000e+01	4.845664062500000e+02
4.180224609375000e+01	4.871875000000000e+02
4.192529296875000e+01	4.883085937500000e+02
4.221630859375000e+01	4.881250000000000e+02
4.225439453125000e+01	4.896992187500000e+02
4.220996093750000e+01	4.920703125000000e+02
4.229394531250000e+01	4.933828125000000e+02
4.242822265625000e+01	4.943398437500000e+02
4.251464843750000e+01	4.956992187500000e+02
4.254638671875000e+01	4.974687500000000e+02
4.273828125000000e+01	4.979687500000000e+02
4.266845703125000e+01	5.004648437500000e+02
4.273583984375000e+01	5.020507812500000e+02
4.286572265625000e+01	5.031679687500000e+02
4.293017578125000e+01	5.047539062500000e+02
4.296191406250000e+01	5.066484375000000e+02
4.300146484375000e+01	5.085117187500000e+02
4.322656250000000e+01	5.089687500000000e+02
4.309423828125000e+01	5.121054687500000e+02
4.331396484375000e+01	5.126640625000000e+02
4.329638671875000e+01	5.149804687500000e+02
4.331396484375000e+01	5.170664062500000e+02
4.349804687500000e+01	5.180039062500000e+02
4.353759765625000e+01	5.199882812500000e+02
4.359716796875000e+01	5.218242187500000e+02
4.379150390625000e+01	5.226562500000000e+02
4.385644531250000e+01	5.244101562500000e+02
4.408251953125000e+01	5.248593750000000e+02
4.411328125000000e+01	5.267226562500000e+02
4.428613281250000e+01	5.274921875000000e+02
4.425537109375000e+01	5.298007812500000e+02
4.438378906250000e+01	5.309843750000000e+02
4.448144531250000e+01	5.323671875000000e+02
4.444726562500000e+01	5.347382812500000e+02
4.456689453125000e+01	5.360117187500000e+02
4.482324218750000e+01	5.362148437500000e+02
4.482470703125000e+01	5.382773437500000e+02
4.489843750000000e+01	5.398554687500000e+02
4.499609375000000e+01	5.412148437500000e+02
4.516748046875000e+01	5.419726562500000e+02
4.529736328125000e+01	5.429375000000000e+02
4.541162109375000e+01	5.440664062500000e+02
4.537841796875000e+01	5.462460937500000e+02
4.531640625000000e+01	5.487500000000000e+02
4.546240234375000e+01	5.498007812500000e+02
4.549414062500000e+01	5.517421875000000e+02
4.541796875000000e+01	5.545625000000000e+02
4.541943359375000e+01	5.569414062500000e+02
4.547753906250000e+01	5.589140625000000e+02
4.554248046875000e+01	5.609140625000000e+02
4.565185546875000e+01	5.625820312500000e+02
4.579687500000000e+01	5.640195312500000e+02
4.586914062500000e+01	5.660117187500000e+02
4.598730468750000e+01	5.676367187500000e+02
4.598095703125000e+01	5.701367187500000e+02
4.615136718750000e+01	5.712968750000000e+02
4.619042968750000e+01	5.734960937500000e+02
4.635693359375000e+01	5.746914062500000e+02
4.656542968750000e+01	5.755234375000000e+02
4.663134765625000e+01	5.773515625000000e+02
4.681201171875000e+01	5.782265625000000e+02
4.692626953125000e+01	5.795625000000000e+02
4.718554687500000e+01	5.796992187500000e+02
4.720800781250000e+01	5.815000000000000e+02
4.751562500000000e+01	5.811835937500000e+02
4.750292968750000e+01	5.831875000000000e+02
4.759082031250000e+01	5.842812500000000e+02
4.759814453125000e+01	5.862382812500000e+02
4.753613281250000e+01	5.886367187500000e+02
4.752197265625000e+01	5.908242187500000e+02
4.764794921875000e+01	5.920273437500000e+02
4.769873046875000e+01	5.938203125000000e+02
4.767724609375000e+01	5.962695312500000e+02
4.783593750000000e+01	5.973750000000000e+02
4.774316406250000e+01	6.004453125000000e+02
4.796289062500000e+01	6.011718750000000e+02
4.790576171875000e+01	6.040351562500000e+02
4.816601562500000e+01	6.044375000000000e+02
4.809619140625000e+01	6.073750000000000e+02
4.810156250000000e+01	6.097460937500000e+02
4.819287109375000e+01	6.115703125000000e+02
4.824609375000000e+01	6.137890625000000e+02
4.815332031250000e+01	6.171328125000000e+02
4.830712890625000e+01	6.186328125000000e+02
4.837597656250000e+01	6.209375000000000e+02
4.851074218750000e+01	6.226640625000000e+02
4.865527343750000e+01	6.241914062500000e+02
4.876953125000000e+01	6.260546875000000e+02
4.897070312500000e+01	6.271093750000000e+02
4.907714843750000e+01	6.287773437500000e+02
4.924609375000000e+01	6.298906250000000e+02
4.930468750000000e+01	6.318359375000000e+02
4.929052734375000e+01	6.343125000000000e+02
4.945849609375000e+01	6.354726562500000e+02
4.946826171875000e+01	6.378281250000000e+02
4.972021484375000e+01	6.383984375000000e+02
4.969824218750000e+01	6.409531250000000e+02
4.978222656250000e+01	6.426640625000000e+02
4.993359375000000e+01	6.439335937500000e+02
5.011523437500000e+01	6.449023437500000e+02
5.014453125000000e+01	6.469687500000000e+02
5.023486328125000e+01	6.485468750000000e+02
5.032617187500000e+01	6.501210937500000e+02
5.032373046875000e+01	6.524257812500000e+02
5.052197265625000e+01	6.532734375000000e+02
5.057128906250000e+01	6.552031250000000e+02
5.061474609375000e+01	6.571835937500000e+02
5.059570312500000e+01	6.597148437500000e+02
5.064111328125000e+01	6.618046875000000e+02
5.068847656250000e+01	6.639179687500000e+02
5.074169921875000e+01	6.660117187500000e+02
5.086083984375000e+01	6.677304687500000e+02
5.101611328125000e+01	6.691367187500000e+02
5.111376953125000e+01	6.708281250000000e+02
5.129931640625000e+01	6.718984375000000e+02
5.143505859375000e+01	6.732578125000000e+02
5.143408203125000e+01	6.755703125000000e+02
5.152685546875000e+01	6.772382812500000e+02
5.156591796875000e+01	6.793359375000000e+02
5.166943359375000e+01	6.809375000000000e+02
5.165869140625000e+01	6.834335937500000e+02
5.177978515625000e+01	6.850742187500000e+02
5.181787109375000e+01	6.872812500000000e+02
5.197607421875000e+01	6.886015625000000e+02
5.208740234375000e+01	6.902265625000000e+02
5.226220703125000e+01	6.913203125000000e+02
5.239599609375000e+01	6.926367187500000e+02
5.260791015625000e+01	6.933125000000000e+02
5.263720703125000e+01	6.952500000000000e+02
5.270556640625000e+01	6.968945312500000e+02
5.280322265625000e+01	6.983789062500000e+02
5.295654296875000e+01	6.994179687500000e+02
5.304541015625000e+01	7.008867187500000e+02
5.315185546875000e+01	7.022343750000000e+02
5.326318359375000e+01	7.034921875000000e+02
5.330810546875000e+01	7.052304687500000e+02
5.325048828125000e+01	7.077578125000000e+02
5.329248046875000e+01	7.096835937500000e+02
5.345751953125000e+01	7.107187500000000e+02
5.354345703125000e+01	7.122929687500000e+02
5.356103515625000e+01	7.144257812500000e+02
5.366162109375000e+01	7.159492187500000e+02
5.364111328125000e+01	7.184335937500000e+02
5.368017578125000e+01	7.205429687500000e+02
5.372119140625000e+01	7.226679687500000e+02
5.372998046875000e+01	7.250937500000000e+02
5.388623046875000e+01	7.264687500000000e+02
5.390673828125000e+01	7.290000000000000e+02
5.406787109375000e+01	7.303164062500000e+02
5.412744140625000e+01	7.323828125000000e+02
5.411865234375000e+01	7.350078125000000e+02
5.421630859375000e+01	7.369453125000000e+02
5.441748046875000e+01	7.380898437500000e+02
5.444482421875000e+01	7.404179687500000e+02
5.433837890625000e+01	7.437578125000000e+02
5.448291015625000e+01	7.454570312500000e+02
5.437451171875000e+01	7.490000000000000e+02
5.441357421875000e+01	7.516796875000000e+02
5.443505859375000e+01	7.544570312500000e+02
5.465380859375000e+01	7.559414062500000e+02
5.482177734375000e+01	7.576054687500000e+02
5.503271484375000e+01	7.588828125000000e+02
5.523193359375000e+01	7.600390625000000e+02
5.536474609375000e+01	7.617187500000000e+02
5.543994140625000e+01	7.636835937500000e+02
5.561181640625000e+01	7.648593750000000e+02
5.581591796875000e+01	7.657656250000000e+02
5.581103515625000e+01	7.681484375000000e+02
5.600830078125000e+01	7.689843750000000e+02
5.598388671875000e+01	7.715156250000000e+02
5.609033203125000e+01	7.730390625000000e+02
5.620361328125000e+01	7.745742187500000e+02
5.621044921875000e+01	7.768632812500000e+02
5.633056640625000e+01	7.783515625000000e+02
5.647314453125000e+01	7.796562500000000e+02
5.647412109375000e+01	7.819804687500000e+02
5.656201171875000e+01	7.837460937500000e+02
5.651904296875000e+01	7.865468750000000e+02
5.662646484375000e+01	7.882226562500000e+02
5.669287109375000e+01	7.902617187500000e+02
5.671435546875000e+01	7.926132812500000e+02
5.675634765625000e+01	7.949804687500000e+02
5.666650390625000e+01	7.983632812500000e+02
5.681494140625000e+01	8.000039062500000e+02
5.697216796875000e+01	8.017343750000000e+02
5.707861328125000e+01	8.035898437500000e+02
5.708935546875000e+01	8.062968750000000e+02
5.728271484375000e+01	8.075781250000000e+02
5.738525390625000e+01	8.094648437500000e+02
5.744482421875000e+01	8.117812500000000e+02
5.759521484375000e+01	8.132851562500000e+02
5.774462890625000e+01	8.147500000000000e+02
5.759912109375000e+01	8.184960937500000e+02
5.772998046875000e+01	8.202304687500000e+02
5.788330078125000e+01	8.217148437500000e+02
5.788232421875000e+01	8.245078125000000e+02
5.789111328125000e+01	8.271875000000000e+02
5.816064453125000e+01	8.278945312500000e+02
5.812646484375000e+01	8.310039062500000e+02
5.810205078125000e+01	8.338945312500000e+02
5.834326171875000e+01	8.350039062500000e+02
5.848779296875000e+01	8.366562500000000e+02
5.849951171875000e+01	8.392695312500000e+02
5.865673828125000e+01	8.408437500000000e+02
5.890576171875000e+01	8.415859375000000e+02
5.900927734375000e+01	8.433359375000000e+02
5.916162109375000e+01	8.446328125000000e+02
5.932958984375000e+01	8.457773437500000e+02
5.945263671875000e+01	8.471757812500000e+02
5.956396484375000e+01	8.486132812500000e+02
5.967138671875000e+01	8.500468750000000e+02
5.977294921875000e+01	8.515000000000000e+02
5.973193359375000e+01	8.539882812500000e+02
