6.092187500000000e+02	3.853943750000000e+04
6.093466796875000e+02	3.854203125000000e+04
6.093017578125000e+02	3.854305859375000e+04
6.094589843750000e+02	3.854236718750000e+04
6.094267578125000e+02	3.854373046875000e+04
6.096367187500000e+02	3.854232812500000e+04
6.096074218750000e+02	3.854351953125000e+04
6.095429687500000e+02	3.854400781250000e+04
6.095468750000000e+02	3.854487500000000e+04
6.096103515625000e+02	3.854464453125000e+04
6.096738281250000e+02	3.854471093750000e+04
6.096337890625000e+02	3.854562500000000e+04
6.097753906250000e+02	3.854455078125000e+04
6.097255859375000e+02	3.854545312500000e+04
6.097753906250000e+02	3.854569921875000e+04
6.099208984375000e+02	3.854459765625000e+04
6.100224609375000e+02	3.854383203125000e+04
6.099189453125000e+02	3.854461328125000e+04
6.100302734375000e+02	3.854377343750000e+04
6.100361328125000e+02	3.854372656250000e+04
6.099716796875000e+02	3.854421484375000e+04
6.099667968750000e+02	3.854425000000000e+04
6.099287109375000e+02	3.854453906250000e+04
6.101220703125000e+02	3.854307812500000e+04
6.101777343750000e+02	3.854265625000000e+04
6.100976562500000e+02	3.854326171875000e+04
6.103232421875000e+02	3.854155468750000e+04
6.103037109375000e+02	3.854161718750000e+04
6.102636718750000e+02	3.854085546875000e+04
6.103789062500000e+02	3.853998437500000e+04
6.104375000000000e+02	3.853951953125000e+04
6.103193359375000e+02	3.853928125000000e+04
6.103740234375000e+02	3.853886718750000e+04
6.104267578125000e+02	3.853812890625000e+04
6.103554687500000e+02	3.853785937500000e+04
6.103994140625000e+02	3.853752343750000e+04
6.106083984375000e+02	3.853514843750000e+04
6.106416015625000e+02	3.853453515625000e+04
6.106171875000000e+02	3.853369140625000e+04
6.108828125000000e+02	3.853114062500000e+04
6.107167968750000e+02	3.853153906250000e+04
6.108613281250000e+02	3.852941406250000e+04
6.109072265625000e+02	3.852806640625000e+04
6.108828125000000e+02	3.852725781250000e+04
6.107900390625000e+02	3.852695312500000e+04
6.108242187500000e+02	3.852581640625000e+04
6.106113281250000e+02	3.852665625000000e+04
6.106650390625000e+02	3.852513281250000e+04
6.107207031250000e+02	3.852410156250000e+04
6.105810546875000e+02	3.852462109375000e+04
6.106757812500000e+02	3.852276953125000e+04
6.109423828125000e+02	3.852014453125000e+04
6.109277343750000e+02	3.851931640625000e+04
6.107968750000000e+02	3.851925000000000e+04
6.109414062500000e+02	3.851718750000000e+04
6.110917968750000e+02	3.851492578125000e+04
6.109628906250000e+02	3.851472265625000e+04
6.109990234375000e+02	3.851330078125000e+04
6.111269531250000e+02	3.851113671875000e+04
6.110195312500000e+02	3.851070703125000e+04
6.110283203125000e+02	3.850945312500000e+04
6.111806640625000e+02	3.850705859375000e+04
6.111914062500000e+02	3.850567968750000e+04
6.112177734375000e+02	3.850416015625000e+04
6.113261718750000e+02	3.850198046875000e+04
6.113300781250000e+02	3.850033203125000e+04
6.113574218750000e+02	3.849861718750000e+04
6.113583984375000e+02	3.849716796875000e+04
6.114023437500000e+02	3.849510546875000e+04
6.114648437500000e+02	3.849310156250000e+04
6.114296875000000e+02	3.849171875000000e+04
6.116425781250000e+02	3.848839062500000e+04
6.116621093750000e+02	3.848641406250000e+04
6.116162109375000e+02	3.848494140625000e+04
6.118564453125000e+02	3.848104687500000e+04
6.116035156250000e+02	3.848101562500000e+04
6.115859375000000e+02	3.847925781250000e+04
6.115751953125000e+02	3.847738671875000e+04
6.115576171875000e+02	3.847576171875000e+04
6.114023437500000e+02	3.847515234375000e+04
6.115117187500000e+02	3.847264843750000e+04
6.115390625000000e+02	3.847072265625000e+04
6.113720703125000e+02	3.847028906250000e+04
6.114550781250000e+02	3.846794140625000e+04
6.115400390625000e+02	3.846574609375000e+04
6.114003906250000e+02	3.846493359375000e+04
6.114785156250000e+02	3.846283593750000e+04
6.114599609375000e+02	3.846113281250000e+04
6.113515625000000e+02	3.846042968750000e+04
6.112773437500000e+02	3.845930468750000e+04
6.114394531250000e+02	3.845653125000000e+04
6.112451171875000e+02	3.845655468750000e+04
6.110898437500000e+02	3.845619921875000e+04
6.112910156250000e+02	3.845323046875000e+04
6.113203125000000e+02	3.845164062500000e+04
6.112197265625000e+02	3.845100390625000e+04
6.114648437500000e+02	3.844757031250000e+04
6.115537109375000e+02	3.844525000000000e+04
6.115478515625000e+02	3.844359375000000e+04
6.116250000000000e+02	3.844120312500000e+04
6.118007812500000e+02	3.843799218750000e+04
6.118271484375000e+02	3.843577343750000e+04
6.117597656250000e+02	3.843423046875000e+04
6.119130859375000e+02	3.843095312500000e+04
6.118369140625000e+02	3.842935156250000e+04
6.118750000000000e+02	3.842690625000000e+04
6.117949218750000e+02	3.842541796875000e+04
6.117763671875000e+02	3.842343359375000e+04
6.118271484375000e+02	3.842099218750000e+04
6.118603515625000e+02	3.841864843750000e+04
6.119833984375000e+02	3.841553906250000e+04
6.118720703125000e+02	3.841416015625000e+04
6.119902343750000e+02	3.841102734375000e+04
6.119482421875000e+02	3.840910156250000e+04
6.119785156250000e+02	3.840659765625000e+04
6.120849609375000e+02	3.840348828125000e+04
6.120937500000000e+02	3.840105468750000e+04
6.119335937500000e+02	3.839987500000000e+04
6.120029296875000e+02	3.839702343750000e+04
6.121367187500000e+02	3.839370703125000e+04
6.120468750000000e+02	3.839201953125000e+04
6.120458984375000e+02	3.838962109375000e+04
6.121503906250000e+02	3.838639062500000e+04
6.120927734375000e+02	3.838439843750000e+04
6.119833984375000e+02	3.838283593750000e+04
6.121142578125000e+02	3.837945312500000e+04
6.118935546875000e+02	3.837879687500000e+04
6.119501953125000e+02	3.837610937500000e+04
6.120878906250000e+02	3.837277734375000e+04
6.121220703125000e+02	3.837012890625000e+04
6.120937500000000e+02	3.836795312500000e+04
6.122324218750000e+02	3.836444921875000e+04
6.124062500000000e+02	3.836062109375000e+04
6.123173828125000e+02	3.835848828125000e+04
6.124443359375000e+02	3.835483984375000e+04
6.124785156250000e+02	3.835181640625000e+04
6.123642578125000e+02	3.834980468750000e+04
6.123808593750000e+02	3.834700000000000e+04
6.124892578125000e+02	3.834330468750000e+04
6.122949218750000e+02	3.834204687500000e+04
6.123603515625000e+02	3.833881250000000e+04
6.123369140625000e+02	3.833624609375000e+04
6.123730468750000e+02	3.833330859375000e+04
6.123544921875000e+02	3.833066015625000e+04
6.123769531250000e+02	3.832776171875000e+04
6.124443359375000e+02	3.832455078125000e+04
6.123798828125000e+02	3.832216406250000e+04
6.125166015625000e+02	3.831842578125000e+04
6.124003906250000e+02	3.831641406250000e+04
6.123466796875000e+02	3.831403125000000e+04
6.124306640625000e+02	3.831062890625000e+04
6.122646484375000e+02	3.830912109375000e+04
6.121611328125000e+02	3.830730078125000e+04
6.122285156250000e+02	3.830425390625000e+04
6.122880859375000e+02	3.830117968750000e+04
6.120683593750000e+02	3.830026953125000e+04
6.121318359375000e+02	3.829731250000000e+04
6.122578125000000e+02	3.829388281250000e+04
6.122587890625000e+02	3.829135937500000e+04
6.123330078125000e+02	3.828809375000000e+04
6.123642578125000e+02	3.828521875000000e+04
6.122646484375000e+02	3.828333203125000e+04
6.123242187500000e+02	3.828013281250000e+04
6.123378906250000e+02	3.827738671875000e+04
6.123593750000000e+02	3.827458203125000e+04
6.123750000000000e+02	3.827167578125000e+04
6.123837890625000e+02	3.826889062500000e+04
6.123710937500000e+02	3.826630078125000e+04
6.122607421875000e+02	3.826428125000000e+04
6.124130859375000e+02	3.826051171875000e+04
6.124482421875000e+02	3.825749609375000e+04
6.123720703125000e+02	3.825524609375000e+04
6.124814453125000e+02	3.825173046875000e+04
6.124619140625000e+02	3.824892578125000e+04
6.124023437500000e+02	3.824660937500000e+04
6.123935546875000e+02	3.824384765625000e+04
6.123544921875000e+02	3.824139453125000e+04
6.122714843750000e+02	3.823935937500000e+04
6.123798828125000e+02	3.823577343750000e+04
6.123759765625000e+02	3.823316015625000e+04
6.124169921875000e+02	3.823010156250000e+04
6.123349609375000e+02	3.822791796875000e+04
6.125312500000000e+02	3.822372656250000e+04
6.124091796875000e+02	3.822173828125000e+04
6.124316406250000e+02	3.821880078125000e+04
6.127080078125000e+02	3.821377343750000e+04
6.125312500000000e+02	3.821221093750000e+04
6.122998046875000e+02	3.821092578125000e+04
6.124150390625000e+02	3.820737500000000e+04
6.123935546875000e+02	3.820474609375000e+04
6.122646484375000e+02	3.820295703125000e+04
6.123886718750000e+02	3.819937890625000e+04
6.124843750000000e+02	3.819582421875000e+04
6.123505859375000e+02	3.819408593750000e+04
6.123623046875000e+02	3.819121093750000e+04
6.125390625000000e+02	3.818710546875000e+04
6.124951171875000e+02	3.818464843750000e+04
6.125146484375000e+02	3.818155078125000e+04
6.126210937500000e+02	3.817785156250000e+04
6.125654296875000e+02	3.817525000000000e+04
6.125195312500000e+02	3.817259765625000e+04
6.125361328125000e+02	3.816960546875000e+04
6.125996093750000e+02	3.816610156250000e+04
6.125742187500000e+02	3.816340234375000e+04
6.127431640625000e+02	3.815903906250000e+04
6.127255859375000e+02	3.815611718750000e+04
6.125751953125000e+02	3.815416796875000e+04
6.128417968750000e+02	3.814901171875000e+04
6.127695312500000e+02	3.814639453125000e+04
6.127011718750000e+02	3.814369921875000e+04
6.126025390625000e+02	3.814136718750000e+04
6.126601562500000e+02	3.813778515625000e+04
6.126796875000000e+02	3.813459765625000e+04
6.125205078125000e+02	3.813278515625000e+04
6.126923828125000e+02	3.812844531250000e+04
6.125410156250000e+02	3.812660937500000e+04
6.125224609375000e+02	3.812371484375000e+04
6.124560546875000e+02	3.812134375000000e+04
6.124980468750000e+02	3.811811328125000e+04
6.125546875000000e+02	3.811480859375000e+04
6.124619140625000e+02	3.811259765625000e+04
6.124267578125000e+02	3.811001953125000e+04
6.123808593750000e+02	3.810750781250000e+04
6.123574218750000e+02	3.810498046875000e+04
6.123408203125000e+02	3.810227734375000e+04
6.122412109375000e+02	3.810041406250000e+04
6.121240234375000e+02	3.809873828125000e+04
6.123320312500000e+02	3.809458593750000e+04
6.122841796875000e+02	3.809228515625000e+04
6.123378906250000e+02	3.808928515625000e+04
6.124218750000000e+02	3.808593750000000e+04
6.123251953125000e+02	3.808386718750000e+04
6.124052734375000e+02	3.808061718750000e+04
6.124785156250000e+02	3.807725390625000e+04
6.125781250000000e+02	3.807364843750000e+04
6.126240234375000e+02	3.807034765625000e+04
6.126240234375000e+02	3.806741015625000e+04
6.126328125000000e+02	3.806421875000000e+04
6.127011718750000e+02	3.806068359375000e+04
6.128310546875000e+02	3.805660156250000e+04
6.127236328125000e+02	3.805418750000000e+04
6.127861328125000e+02	3.805050390625000e+04
6.129082031250000e+02	3.804635156250000e+04
6.128271484375000e+02	3.804369140625000e+04
6.127509765625000e+02	3.804098046875000e+04
6.129150390625000e+02	3.803648828125000e+04
6.127988281250000e+02	3.803401562500000e+04
6.126494140625000e+02	3.803189843750000e+04
6.125703125000000e+02	3.802943359375000e+04
6.126064453125000e+02	3.802614453125000e+04
6.124277343750000e+02	3.802449609375000e+04
6.124863281250000e+02	3.802122265625000e+04
6.124570312500000e+02	3.801854687500000e+04
6.123935546875000e+02	3.801622265625000e+04
6.123828125000000e+02	3.801351562500000e+04
6.123115234375000e+02	3.801126562500000e+04
6.122548828125000e+02	3.800907812500000e+04
6.122792968750000e+02	3.800624609375000e+04
6.123183593750000e+02	3.800326953125000e+04
6.124257812500000e+02	3.799983984375000e+04
6.124423828125000e+02	3.799694140625000e+04
6.123710937500000e+02	3.799463671875000e+04
6.123828125000000e+02	3.799185937500000e+04
6.123837890625000e+02	3.798898437500000e+04
6.123886718750000e+02	3.798623828125000e+04
6.122646484375000e+02	3.798447265625000e+04
6.122041015625000e+02	3.798220312500000e+04
6.121044921875000e+02	3.798044140625000e+04
6.122783203125000e+02	3.797665625000000e+04
6.121601562500000e+02	3.797501171875000e+04
6.123330078125000e+02	3.797107812500000e+04
6.125312500000000e+02	3.796692187500000e+04
6.125585937500000e+02	3.796392578125000e+04
6.127460937500000e+02	3.795948437500000e+04
6.128564453125000e+02	3.795554687500000e+04
6.128750000000000e+02	3.795215625000000e+04
6.127265625000000e+02	3.794996875000000e+04
6.128349609375000e+02	3.794594531250000e+04
6.127431640625000e+02	3.794336718750000e+04
6.125361328125000e+02	3.794180859375000e+04
6.124980468750000e+02	3.793910546875000e+04
6.124042968750000e+02	3.793685156250000e+04
6.123886718750000e+02	3.793425390625000e+04
6.124365234375000e+02	3.793105468750000e+04
6.124892578125000e+02	3.792789062500000e+04
6.125283203125000e+02	3.792467968750000e+04
6.126845703125000e+02	3.792058203125000e+04
6.126220703125000e+02	3.791795312500000e+04
6.124765625000000e+02	3.791605468750000e+04
6.123574218750000e+02	3.791402734375000e+04
6.123339843750000e+02	3.791154296875000e+04
6.122460937500000e+02	3.790941796875000e+04
6.119785156250000e+02	3.790888671875000e+04
6.122060546875000e+02	3.790475000000000e+04
6.120380859375000e+02	3.790359375000000e+04
6.120302734375000e+02	3.790123828125000e+04
6.123203125000000e+02	3.789665234375000e+04
6.124531250000000e+02	3.789300781250000e+04
6.124150390625000e+02	3.789050781250000e+04
6.126259765625000e+02	3.788610546875000e+04
6.125732421875000e+02	3.788350390625000e+04
6.124736328125000e+02	3.788129687500000e+04
6.125058593750000e+02	3.787818750000000e+04
6.125585937500000e+02	3.787487109375000e+04
6.125185546875000e+02	3.787226171875000e+04
6.124814453125000e+02	3.786960546875000e+04
6.126591796875000e+02	3.786543359375000e+04
6.125458984375000e+02	3.786321093750000e+04
6.127050781250000e+02	3.785900781250000e+04
6.127402343750000e+02	3.785566406250000e+04
6.127500000000000e+02	3.785244140625000e+04
6.127734375000000e+02	3.784909765625000e+04
6.128261718750000e+02	3.784551171875000e+04
6.127080078125000e+02	3.784315625000000e+04
6.125419921875000e+02	3.784121093750000e+04
6.126552734375000e+02	3.783739062500000e+04
6.127265625000000e+02	3.783381250000000e+04
6.126601562500000e+02	3.783115234375000e+04
6.126386718750000e+02	3.782827343750000e+04
6.126718750000000e+02	3.782496093750000e+04
6.126083984375000e+02	3.782233984375000e+04
6.125312500000000e+02	3.781994531250000e+04
6.125605468750000e+02	3.781672656250000e+04
6.124882812500000e+02	3.781434375000000e+04
6.124062500000000e+02	3.781210546875000e+04
6.125126953125000e+02	3.780846875000000e+04
6.123505859375000e+02	3.780680468750000e+04
6.123417968750000e+02	3.780416796875000e+04
6.125234375000000e+02	3.779994531250000e+04
6.125078125000000e+02	3.779731250000000e+04
6.125351562500000e+02	3.779412890625000e+04
6.126416015625000e+02	3.779047265625000e+04
6.126074218750000e+02	3.778765234375000e+04
6.124814453125000e+02	3.778565234375000e+04
6.126074218750000e+02	3.778173828125000e+04
6.126894531250000e+02	3.777811718750000e+04
6.125859375000000e+02	3.777588281250000e+04
6.126025390625000e+02	3.777267968750000e+04
6.126962890625000e+02	3.776899609375000e+04
6.124863281250000e+02	3.776755859375000e+04
6.124648437500000e+02	3.776470703125000e+04
6.125224609375000e+02	3.776148046875000e+04
6.126298828125000e+02	3.775765234375000e+04
6.125996093750000e+02	3.775496093750000e+04
6.126806640625000e+02	3.775129296875000e+04
6.125615234375000e+02	3.774915625000000e+04
6.126767578125000e+02	3.774528515625000e+04
6.126845703125000e+02	3.774209765625000e+04
6.125292968750000e+02	3.774025781250000e+04
6.125322265625000e+02	3.773726171875000e+04
6.125703125000000e+02	3.773401171875000e+04
6.125019531250000e+02	3.773163671875000e+04
6.124804687500000e+02	3.772878515625000e+04
6.124746093750000e+02	3.772606250000000e+04
6.123769531250000e+02	3.772387890625000e+04
6.125117187500000e+02	3.772009375000000e+04
6.124755859375000e+02	3.771747656250000e+04
6.124589843750000e+02	3.771477343750000e+04
6.123427734375000e+02	3.771280468750000e+04
6.124677734375000e+02	3.770906640625000e+04
6.123369140625000e+02	3.770735546875000e+04
6.122451171875000e+02	3.770522265625000e+04
6.123349609375000e+02	3.770191796875000e+04
6.123759765625000e+02	3.769896484375000e+04
6.122929687500000e+02	3.769678125000000e+04
6.123515625000000e+02	3.769369921875000e+04
6.124013671875000e+02	3.769066406250000e+04
6.123115234375000e+02	3.768853125000000e+04
6.123789062500000e+02	3.768534375000000e+04
6.123583984375000e+02	3.768276953125000e+04
6.125078125000000e+02	3.767885156250000e+04
6.126298828125000e+02	3.767511328125000e+04
6.127480468750000e+02	3.767115625000000e+04
6.127304687500000e+02	3.766817187500000e+04
6.125478515625000e+02	3.766649218750000e+04
6.126542968750000e+02	3.766262500000000e+04
6.126679687500000e+02	3.765948437500000e+04
6.125996093750000e+02	3.765696093750000e+04
6.124082031250000e+02	3.765537109375000e+04
6.123925781250000e+02	3.765267578125000e+04
6.124345703125000e+02	3.764948437500000e+04
6.123134765625000e+02	3.764774218750000e+04
6.124462890625000e+02	3.764392578125000e+04
6.124394531250000e+02	3.764121093750000e+04
6.124550781250000e+02	3.763830468750000e+04
6.124980468750000e+02	3.763508984375000e+04
6.125390625000000e+02	3.763196484375000e+04
6.125478515625000e+02	3.762892187500000e+04
6.125917968750000e+02	3.762567578125000e+04
6.125527343750000e+02	3.762299609375000e+04
6.125234375000000e+02	3.762021875000000e+04
6.124404296875000e+02	3.761800000000000e+04
6.123583984375000e+02	3.761574609375000e+04
6.123574218750000e+02	3.761298828125000e+04
6.123925781250000e+02	3.761001953125000e+04
6.124082031250000e+02	3.760708984375000e+04
6.122783203125000e+02	3.760539062500000e+04
6.121943359375000e+02	3.760336328125000e+04
6.122802734375000e+02	3.760007421875000e+04
6.122392578125000e+02	3.759782031250000e+04
6.122333984375000e+02	3.759528515625000e+04
6.123535156250000e+02	3.759176171875000e+04
6.123984375000000e+02	3.758867968750000e+04
6.123720703125000e+02	3.758621484375000e+04
6.123369140625000e+02	3.758370703125000e+04
6.123300781250000e+02	3.758103125000000e+04
6.121650390625000e+02	3.757966406250000e+04
6.123378906250000e+02	3.757571484375000e+04
6.123291015625000e+02	3.757309375000000e+04
6.122949218750000e+02	3.757073437500000e+04
6.123457031250000e+02	3.756771093750000e+04
6.123925781250000e+02	3.756454296875000e+04
6.124404296875000e+02	3.756154687500000e+04
6.123320312500000e+02	3.755955468750000e+04
6.123603515625000e+02	3.755655468750000e+04
6.123535156250000e+02	3.755396484375000e+04
6.122656250000000e+02	3.755183984375000e+04
6.122451171875000e+02	3.754937890625000e+04
6.120917968750000e+02	3.754795312500000e+04
6.120351562500000e+02	3.754593750000000e+04
6.118359375000000e+02	3.754508984375000e+04
6.120146484375000e+02	3.754149609375000e+04
6.120019531250000e+02	3.753932812500000e+04
6.120371093750000e+02	3.753675781250000e+04
6.120976562500000e+02	3.753396875000000e+04
6.121367187500000e+02	3.753128515625000e+04
6.122773437500000e+02	3.752772656250000e+04
6.122275390625000e+02	3.752550390625000e+04
6.122753906250000e+02	3.752256250000000e+04
6.122128906250000e+02	3.752045703125000e+04
6.122519531250000e+02	3.751754687500000e+04
6.121406250000000e+02	3.751576171875000e+04
6.120263671875000e+02	3.751415234375000e+04
6.121054687500000e+02	3.751118359375000e+04
6.121386718750000e+02	3.750852734375000e+04
6.120283203125000e+02	3.750694921875000e+04
6.122822265625000e+02	3.750259765625000e+04
6.122675781250000e+02	3.750015234375000e+04
6.121894531250000e+02	3.749812109375000e+04
6.123535156250000e+02	3.749432421875000e+04
6.124511718750000e+02	3.749093750000000e+04
6.123876953125000e+02	3.748852734375000e+04
6.122714843750000e+02	3.748672656250000e+04
6.123378906250000e+02	3.748351953125000e+04
6.121425781250000e+02	3.748229296875000e+04
6.120664062500000e+02	3.748037109375000e+04
6.122236328125000e+02	3.747675000000000e+04
6.121435546875000e+02	3.747488281250000e+04
6.120732421875000e+02	3.747292187500000e+04
6.122363281250000e+02	3.746917187500000e+04
6.122822265625000e+02	3.746626953125000e+04
6.122626953125000e+02	3.746383203125000e+04
6.122246093750000e+02	3.746156250000000e+04
6.123173828125000e+02	3.745820703125000e+04
6.122001953125000e+02	3.745642968750000e+04
6.121650390625000e+02	3.745413281250000e+04
6.121865234375000e+02	3.745147656250000e+04
6.121611328125000e+02	3.744917578125000e+04
6.122500000000000e+02	3.744592578125000e+04
6.122578125000000e+02	3.744328125000000e+04
6.121171875000000e+02	3.744181640625000e+04
6.121044921875000e+02	3.743941015625000e+04
6.120625000000000e+02	3.743732421875000e+04
6.120341796875000e+02	3.743512109375000e+04
6.119892578125000e+02	3.743309375000000e+04
6.120332031250000e+02	3.743041796875000e+04
6.119511718750000e+02	3.742873437500000e+04
6.118300781250000e+02	3.742736328125000e+04
6.119736328125000e+02	3.742407421875000e+04
6.119697265625000e+02	3.742190625000000e+04
6.120166015625000e+02	3.741926171875000e+04
6.119755859375000e+02	3.741726953125000e+04
6.120859375000000e+02	3.741412890625000e+04
6.121005859375000e+02	3.741164453125000e+04
6.119501953125000e+02	3.741039062500000e+04
6.120771484375000e+02	3.740710937500000e+04
6.120156250000000e+02	3.740522265625000e+04
6.119521484375000e+02	3.740337500000000e+04
6.120224609375000e+02	3.740056250000000e+04
6.119912109375000e+02	3.739848828125000e+04
6.119365234375000e+02	3.739658203125000e+04
6.120009765625000e+02	3.739380468750000e+04
6.119423828125000e+02	3.739198828125000e+04
6.119033203125000e+02	3.739001953125000e+04
6.119951171875000e+02	3.738709765625000e+04
6.120097656250000e+02	3.738472265625000e+04
6.120214843750000e+02	3.738232812500000e+04
6.121093750000000e+02	3.737932031250000e+04
6.122675781250000e+02	3.737570703125000e+04
6.121982421875000e+02	3.737361718750000e+04
6.121689453125000e+02	3.737129687500000e+04
6.120927734375000e+02	3.736938281250000e+04
6.121044921875000e+02	3.736685546875000e+04
6.120468750000000e+02	3.736486328125000e+04
6.119111328125000e+02	3.736352343750000e+04
6.119580078125000e+02	3.736090234375000e+04
6.119677734375000e+02	3.735858593750000e+04
6.119169921875000e+02	3.735670312500000e+04
6.118828125000000e+02	3.735476953125000e+04
6.120058593750000e+02	3.735163281250000e+04
6.119462890625000e+02	3.734979687500000e+04
6.119414062500000e+02	3.734758984375000e+04
6.120859375000000e+02	3.734421484375000e+04
6.120898437500000e+02	3.734181250000000e+04
6.120595703125000e+02	3.733963281250000e+04
6.119228515625000e+02	3.733827734375000e+04
6.118847656250000e+02	3.733632421875000e+04
6.117529296875000e+02	3.733514062500000e+04
6.117285156250000e+02	3.733329687500000e+04
6.119775390625000e+02	3.732933203125000e+04
6.119130859375000e+02	3.732761718750000e+04
6.118496093750000e+02	3.732587890625000e+04
6.120029296875000e+02	3.732253125000000e+04
6.120224609375000e+02	3.732014062500000e+04
6.120605468750000e+02	3.731754687500000e+04
6.122373046875000e+02	3.731382031250000e+04
6.121855468750000e+02	3.731169531250000e+04
6.120966796875000e+02	3.730978906250000e+04
6.120253906250000e+02	3.730792187500000e+04
6.120761718750000e+02	3.730517187500000e+04
6.118457031250000e+02	3.730458984375000e+04
6.118535156250000e+02	3.730232421875000e+04
6.118574218750000e+02	3.730015625000000e+04
6.117666015625000e+02	3.729866406250000e+04
6.118437500000000e+02	3.729598437500000e+04
6.119121093750000e+02	3.729336718750000e+04
6.118525390625000e+02	3.729166015625000e+04
6.118935546875000e+02	3.728917187500000e+04
6.118603515625000e+02	3.728728125000000e+04
6.119697265625000e+02	3.728425781250000e+04
6.117041015625000e+02	3.728410546875000e+04
6.118027343750000e+02	3.728117968750000e+04
6.118603515625000e+02	3.727871093750000e+04
6.117949218750000e+02	3.727712890625000e+04
6.118232421875000e+02	3.727483593750000e+04
6.117460937500000e+02	3.727332812500000e+04
6.116992187500000e+02	3.727154687500000e+04
6.116064453125000e+02	3.727033593750000e+04
6.116953125000000e+02	3.726784375000000e+04
6.116806640625000e+02	3.726593750000000e+04
6.115576171875000e+02	3.726498828125000e+04
6.118310546875000e+02	3.726106640625000e+04
6.117402343750000e+02	3.725968359375000e+04
6.117578125000000e+02	3.725754296875000e+04
6.119863281250000e+02	3.725375000000000e+04
6.120751953125000e+02	3.725082031250000e+04
6.120419921875000e+02	3.724871875000000e+04
6.118652343750000e+02	3.724775390625000e+04
6.119873046875000e+02	3.724458593750000e+04
6.119697265625000e+02	3.724247656250000e+04
6.119208984375000e+02	3.724058203125000e+04
6.119638671875000e+02	3.723801562500000e+04
6.119609375000000e+02	3.723576953125000e+04
6.118945312500000e+02	3.723403125000000e+04
6.119492187500000e+02	3.723139062500000e+04
6.118789062500000e+02	3.722970312500000e+04
6.119736328125000e+02	3.722674609375000e+04
6.118593750000000e+02	3.722538281250000e+04
6.118017578125000e+02	3.722364062500000e+04
6.119384765625000e+02	3.722046484375000e+04
6.119248046875000e+02	3.721839453125000e+04
6.118681640625000e+02	3.721662109375000e+04
6.117216796875000e+02	3.721558984375000e+04
6.117275390625000e+02	3.721351171875000e+04
6.117695312500000e+02	3.721107812500000e+04
6.116884765625000e+02	3.720971484375000e+04
6.117382812500000e+02	3.720741796875000e+04
6.118652343750000e+02	3.720446484375000e+04
6.119257812500000e+02	3.720182421875000e+04
6.117763671875000e+02	3.720081640625000e+04
6.120332031250000e+02	3.719671484375000e+04
6.119150390625000e+02	3.719538281250000e+04
6.117099609375000e+02	3.719473437500000e+04
6.119121093750000e+02	3.719110937500000e+04
6.119267578125000e+02	3.718884375000000e+04
6.119316406250000e+02	3.718660156250000e+04
6.120917968750000e+02	3.718310156250000e+04
6.119277343750000e+02	3.718202343750000e+04
6.119970703125000e+02	3.717923046875000e+04
6.121298828125000e+02	3.717585937500000e+04
6.120634765625000e+02	3.717397265625000e+04
6.120517578125000e+02	3.717166796875000e+04
6.119746093750000e+02	3.716990234375000e+04
6.120810546875000e+02	3.716675390625000e+04
6.119316406250000e+02	3.716553125000000e+04
6.120380859375000e+02	3.716244531250000e+04
6.120019531250000e+02	3.716039062500000e+04
6.118564453125000e+02	3.715921093750000e+04
6.118681640625000e+02	3.715693359375000e+04
6.118984375000000e+02	3.715457031250000e+04
6.118994140625000e+02	3.715235937500000e+04
6.118945312500000e+02	3.715017187500000e+04
6.119843750000000e+02	3.714729687500000e+04
6.118789062500000e+02	3.714582812500000e+04
6.115917968750000e+02	3.714583593750000e+04
6.117167968750000e+02	3.714294531250000e+04
6.116367187500000e+02	3.714164453125000e+04
6.114560546875000e+02	3.714103515625000e+04
6.114970703125000e+02	3.713911718750000e+04
6.115732421875000e+02	3.713665625000000e+04
6.115136718750000e+02	3.713549218750000e+04
6.118095703125000e+02	3.713126171875000e+04
6.119550781250000e+02	3.712825390625000e+04
6.119238281250000e+02	3.712630859375000e+04
6.120390625000000e+02	3.712314843750000e+04
6.121279296875000e+02	3.712017187500000e+04
6.119482421875000e+02	3.711916406250000e+04
6.118027343750000e+02	3.711797656250000e+04
6.118105468750000e+02	3.711576171875000e+04
6.116503906250000e+02	3.711495703125000e+04
6.118271484375000e+02	3.711152343750000e+04
6.118583984375000e+02	3.710927343750000e+04
6.118339843750000e+02	3.710732421875000e+04
6.118623046875000e+02	3.710499218750000e+04
6.120058593750000e+02	3.710174218750000e+04
6.120224609375000e+02	3.709935937500000e+04
6.119619140625000e+02	3.709746484375000e+04
6.119833984375000e+02	3.709501562500000e+04
6.121191406250000e+02	3.709168359375000e+04
6.120292968750000e+02	3.709001171875000e+04
6.119931640625000e+02	3.708790234375000e+04
6.114228515625000e+02	3.709005468750000e+04
6.114082031250000e+02	3.708817968750000e+04
6.115078125000000e+02	3.708591015625000e+04
6.117597656250000e+02	3.708209765625000e+04
6.116806640625000e+02	3.708087500000000e+04
6.118105468750000e+02	3.707791796875000e+04
6.116933593750000e+02	3.707671093750000e+04
6.115605468750000e+02	3.707574609375000e+04
6.116923828125000e+02	3.707294531250000e+04
6.119248046875000e+02	3.706916796875000e+04
6.118701171875000e+02	3.706742578125000e+04
6.117597656250000e+02	3.706614453125000e+04
6.116044921875000e+02	3.706530468750000e+04
6.116718750000000e+02	3.706291015625000e+04
6.115400390625000e+02	3.706190234375000e+04
6.115371093750000e+02	3.706021875000000e+04
6.115878906250000e+02	3.705794531250000e+04
6.115175781250000e+02	3.705671875000000e+04
6.116318359375000e+02	3.705407421875000e+04
6.117373046875000e+02	3.705138671875000e+04
6.116191406250000e+02	3.705041796875000e+04
6.117421875000000e+02	3.704749609375000e+04
6.117246093750000e+02	3.704559765625000e+04
6.117373046875000e+02	3.704357421875000e+04
6.117099609375000e+02	3.704180468750000e+04
6.116533203125000e+02	3.704016015625000e+04
6.115976562500000e+02	3.703869140625000e+04
6.116025390625000e+02	3.703689843750000e+04
6.117939453125000e+02	3.703343359375000e+04
6.116289062500000e+02	3.703276171875000e+04
6.115009765625000e+02	3.703188281250000e+04
6.116494140625000e+02	3.702880859375000e+04
6.115664062500000e+02	3.702771875000000e+04
6.115527343750000e+02	3.702591406250000e+04
6.116962890625000e+02	3.702303906250000e+04
6.117558593750000e+02	3.702074609375000e+04
6.115458984375000e+02	3.702023828125000e+04
6.115615234375000e+02	3.701833984375000e+04
6.117802734375000e+02	3.701485546875000e+04
6.115410156250000e+02	3.701468359375000e+04
6.115839843750000e+02	3.701259375000000e+04
6.116953125000000e+02	3.700982031250000e+04
6.114472656250000e+02	3.700982812500000e+04
6.115234375000000e+02	3.700753515625000e+04
6.116513671875000e+02	3.700472265625000e+04
6.115830078125000e+02	3.700350390625000e+04
6.115683593750000e+02	3.700164062500000e+04
6.116132812500000e+02	3.699956640625000e+04
6.115009765625000e+02	3.699857031250000e+04
6.114609375000000e+02	3.699706250000000e+04
6.117587890625000e+02	3.699313671875000e+04
6.117832031250000e+02	3.699094531250000e+04
6.115605468750000e+02	3.699065234375000e+04
6.115917968750000e+02	3.698859375000000e+04
6.115410156250000e+02	3.698705078125000e+04
6.115693359375000e+02	3.698514062500000e+04
6.116376953125000e+02	3.698266796875000e+04
6.117304687500000e+02	3.698014062500000e+04
6.116972656250000e+02	3.697848437500000e+04
6.117119140625000e+02	3.697630468750000e+04
6.118339843750000e+02	3.697340234375000e+04
6.116875000000000e+02	3.697248046875000e+04
6.117343750000000e+02	3.697017968750000e+04
6.117265625000000e+02	3.696813671875000e+04
6.114121093750000e+02	3.696865234375000e+04
6.114941406250000e+02	3.696629687500000e+04
6.114785156250000e+02	3.696464843750000e+04
6.114267578125000e+02	3.696339062500000e+04
6.114121093750000e+02	3.696183984375000e+04
6.113720703125000e+02	3.696046875000000e+04
6.114335937500000e+02	3.695853515625000e+04
6.115498046875000e+02	3.695582812500000e+04
6.116884765625000e+02	3.695316796875000e+04
6.118447265625000e+02	3.694992968750000e+04
6.114882812500000e+02	3.695067578125000e+04
6.117421875000000e+02	3.694693359375000e+04
6.118027343750000e+02	3.694444531250000e+04
6.117226562500000e+02	3.694301171875000e+04
6.117597656250000e+02	3.694073828125000e+04
6.116611328125000e+02	3.693953906250000e+04
6.116044921875000e+02	3.693791406250000e+04
6.116240234375000e+02	3.693598437500000e+04
6.116923828125000e+02	3.693364062500000e+04
6.118662109375000e+02	3.693026953125000e+04
6.120009765625000e+02	3.692715625000000e+04
6.120292968750000e+02	3.692467578125000e+04
6.119072265625000e+02	3.692329296875000e+04
6.119384765625000e+02	3.692079296875000e+04
6.120000000000000e+02	3.691810937500000e+04
6.119843750000000e+02	3.691593750000000e+04
6.119101562500000e+02	3.691421875000000e+04
6.118642578125000e+02	3.691233984375000e+04
6.118613281250000e+02	3.691020312500000e+04
6.117421875000000e+02	3.690898828125000e+04
6.117773437500000e+02	3.690660546875000e+04
6.118398437500000e+02	3.690407812500000e+04
6.117441406250000e+02	3.690274609375000e+04
6.117529296875000e+02	3.690064843750000e+04
6.118554687500000e+02	3.689783593750000e+04
6.117294921875000e+02	3.689663281250000e+04
6.116376953125000e+02	3.689533203125000e+04
6.117812500000000e+02	3.689231640625000e+04
6.116669921875000e+02	3.689121484375000e+04
6.114531250000000e+02	3.689086328125000e+04
6.115585937500000e+02	3.688838671875000e+04
6.114218750000000e+02	3.688751562500000e+04
6.113007812500000e+02	3.688692187500000e+04
6.115058593750000e+02	3.688366796875000e+04
6.114433593750000e+02	3.688253125000000e+04
6.112861328125000e+02	3.688208203125000e+04
6.114501953125000e+02	3.687920703125000e+04
6.114765625000000e+02	3.687752343750000e+04
6.112968750000000e+02	3.687705468750000e+04
6.114267578125000e+02	3.687458593750000e+04
6.114599609375000e+02	3.687274218750000e+04
6.114140625000000e+02	3.687134765625000e+04
6.114287109375000e+02	3.686972656250000e+04
6.115556640625000e+02	3.686692187500000e+04
6.115458984375000e+02	3.686541796875000e+04
6.115830078125000e+02	3.686321484375000e+04
6.115693359375000e+02	3.686164062500000e+04
6.117177734375000e+02	3.685860937500000e+04
6.118398437500000e+02	3.685571093750000e+04
6.118359375000000e+02	3.685370703125000e+04
6.119130859375000e+02	3.685099218750000e+04
6.118730468750000e+02	3.684913281250000e+04
6.119375000000000e+02	3.684646484375000e+04
6.118525390625000e+02	3.684488671875000e+04
6.117587890625000e+02	3.684341015625000e+04
6.119169921875000e+02	3.684010156250000e+04
6.117158203125000e+02	3.683954687500000e+04
6.115976562500000e+02	3.683846484375000e+04
6.115449218750000e+02	3.683687890625000e+04
6.116630859375000e+02	3.683417968750000e+04
6.115908203125000e+02	3.683292187500000e+04
6.114843750000000e+02	3.683173828125000e+04
6.114599609375000e+02	3.683035156250000e+04
6.113369140625000e+02	3.682943750000000e+04
6.111894531250000e+02	3.682908593750000e+04
6.114316406250000e+02	3.682587109375000e+04
6.111806640625000e+02	3.682607421875000e+04
6.111777343750000e+02	3.682471484375000e+04
6.111992187500000e+02	3.682320703125000e+04
6.111689453125000e+02	3.682211718750000e+04
6.112353515625000e+02	3.682023046875000e+04
6.113095703125000e+02	3.681813671875000e+04
6.113847656250000e+02	3.681613671875000e+04
6.112744140625000e+02	3.681552734375000e+04
6.114814453125000e+02	3.681224218750000e+04
6.115390625000000e+02	3.681027734375000e+04
6.115537109375000e+02	3.680829687500000e+04
6.116191406250000e+02	3.680615234375000e+04
6.116718750000000e+02	3.680373828125000e+04
6.117109375000000e+02	3.680161718750000e+04
6.118535156250000e+02	3.679858984375000e+04
6.119531250000000e+02	3.679569531250000e+04
6.119423828125000e+02	3.679355859375000e+04
6.120722656250000e+02	3.679033593750000e+04
6.121103515625000e+02	3.678771093750000e+04
6.120693359375000e+02	3.678557421875000e+04
6.118076171875000e+02	3.678518750000000e+04
6.119160156250000e+02	3.678214062500000e+04
6.119248046875000e+02	3.677989453125000e+04
6.116464843750000e+02	3.677979687500000e+04
6.116582031250000e+02	3.677771875000000e+04
6.115107421875000e+02	3.677701171875000e+04
6.114560546875000e+02	3.677549609375000e+04
6.114121093750000e+02	3.677428515625000e+04
6.114003906250000e+02	3.677262890625000e+04
6.114384765625000e+02	3.677076171875000e+04
6.112373046875000e+02	3.677076171875000e+04
6.112910156250000e+02	3.676867578125000e+04
6.112490234375000e+02	3.676758593750000e+04
6.111865234375000e+02	3.676667968750000e+04
6.112832031250000e+02	3.676453906250000e+04
6.110166015625000e+02	3.676507421875000e+04
6.108681640625000e+02	3.676500000000000e+04
6.110634765625000e+02	3.676241406250000e+04
6.111757812500000e+02	3.676034375000000e+04
6.111181640625000e+02	3.675950000000000e+04
6.111660156250000e+02	3.675783984375000e+04
6.113457031250000e+02	3.675516015625000e+04
6.113593750000000e+02	3.675352734375000e+04
6.115078125000000e+02	3.675074609375000e+04
6.117119140625000e+02	3.674754687500000e+04
6.116884765625000e+02	3.674579296875000e+04
6.116933593750000e+02	3.674376562500000e+04
6.117255859375000e+02	3.674163671875000e+04
6.116806640625000e+02	3.674004687500000e+04
6.117265625000000e+02	3.673762109375000e+04
6.118857421875000e+02	3.673444921875000e+04
6.118105468750000e+02	3.673290234375000e+04
6.116992187500000e+02	3.673168750000000e+04
6.118349609375000e+02	3.672858984375000e+04
6.116835937500000e+02	3.672769921875000e+04
6.116074218750000e+02	3.672630468750000e+04
6.118115234375000e+02	3.672289453125000e+04
6.117177734375000e+02	3.672148437500000e+04
6.115292968750000e+02	3.672098046875000e+04
6.114726562500000e+02	3.671965234375000e+04
6.114179687500000e+02	3.671822265625000e+04
6.113125000000000e+02	3.671744921875000e+04
6.112460937500000e+02	3.671646093750000e+04
6.113154296875000e+02	3.671428125000000e+04
6.111533203125000e+02	3.671412500000000e+04
6.112373046875000e+02	3.671216796875000e+04
6.113496093750000e+02	3.670989062500000e+04
6.112353515625000e+02	3.670912109375000e+04
6.112373046875000e+02	3.670772265625000e+04
6.111640625000000e+02	3.670691015625000e+04
6.111953125000000e+02	3.670527734375000e+04
6.110722656250000e+02	3.670475390625000e+04
6.111337890625000e+02	3.670303125000000e+04
6.112148437500000e+02	3.670112109375000e+04
6.111513671875000e+02	3.670028125000000e+04
6.113037109375000e+02	3.669780859375000e+04
6.114804687500000e+02	3.669496093750000e+04
6.113154296875000e+02	3.669455468750000e+04
6.114628906250000e+02	3.669194531250000e+04
6.116318359375000e+02	3.668884765625000e+04
6.116591796875000e+02	3.668698437500000e+04
6.118222656250000e+02	3.668373437500000e+04
6.117167968750000e+02	3.668252343750000e+04
6.117304687500000e+02	3.668046875000000e+04
6.115751953125000e+02	3.667969140625000e+04
6.117412109375000e+02	3.667640234375000e+04
6.116826171875000e+02	3.667496093750000e+04
6.116035156250000e+02	3.667369531250000e+04
6.117304687500000e+02	3.667067968750000e+04
6.116699218750000e+02	3.666925390625000e+04
6.115019531250000e+02	3.666869531250000e+04
6.114980468750000e+02	3.666682031250000e+04
6.115185546875000e+02	3.666504687500000e+04
6.113085937500000e+02	3.666477734375000e+04
6.113085937500000e+02	3.666330078125000e+04
6.113212890625000e+02	3.666169531250000e+04
6.111865234375000e+02	3.666112500000000e+04
6.112236328125000e+02	3.665948437500000e+04
6.111718750000000e+02	3.665853125000000e+04
6.110976562500000e+02	3.665775781250000e+04
6.111787109375000e+02	3.665586328125000e+04
6.111386718750000e+02	3.665469531250000e+04
6.110996093750000e+02	3.665369531250000e+04
6.110634765625000e+02	3.665271093750000e+04
6.111210937500000e+02	3.665103125000000e+04
6.111298828125000e+02	3.664970703125000e+04
6.112158203125000e+02	3.664776171875000e+04
6.112841796875000e+02	3.664594531250000e+04
6.111464843750000e+02	3.664541015625000e+04
6.111884765625000e+02	3.664373437500000e+04
6.113867187500000e+02	3.664089062500000e+04
6.113955078125000e+02	3.663940234375000e+04
6.115625000000000e+02	3.663630859375000e+04
6.117187500000000e+02	3.663349218750000e+04
6.117167968750000e+02	3.663149218750000e+04
6.117792968750000e+02	3.662907421875000e+04
6.117050781250000e+02	3.662766796875000e+04
6.117460937500000e+02	3.662539062500000e+04
6.116796875000000e+02	3.662378906250000e+04
6.116523437500000e+02	3.662206640625000e+04
6.116025390625000e+02	3.662062500000000e+04
6.115283203125000e+02	3.661919140625000e+04
6.115185546875000e+02	3.661758593750000e+04
6.115410156250000e+02	3.661555078125000e+04
6.113681640625000e+02	3.661518750000000e+04
6.113300781250000e+02	3.661374609375000e+04
6.113886718750000e+02	3.661185937500000e+04
6.113203125000000e+02	3.661070312500000e+04
6.112587890625000e+02	3.660964062500000e+04
6.113154296875000e+02	3.660782812500000e+04
6.112187500000000e+02	3.660705078125000e+04
6.112568359375000e+02	3.660520703125000e+04
6.113593750000000e+02	3.660305078125000e+04
6.112812500000000e+02	3.660223437500000e+04
6.112119140625000e+02	3.660112500000000e+04
6.113173828125000e+02	3.659888281250000e+04
6.113916015625000e+02	3.659689062500000e+04
6.112919921875000e+02	3.659605859375000e+04
6.112285156250000e+02	3.659496093750000e+04
6.112753906250000e+02	3.659322265625000e+04
6.112792968750000e+02	3.659182812500000e+04
6.111943359375000e+02	3.659088281250000e+04
6.112363281250000e+02	3.658913671875000e+04
6.111591796875000e+02	3.658836328125000e+04
6.112421875000000e+02	3.658640625000000e+04
6.114150390625000e+02	3.658366015625000e+04
6.115322265625000e+02	3.658109375000000e+04
6.115283203125000e+02	3.657952734375000e+04
6.116083984375000e+02	3.657703125000000e+04
6.116386718750000e+02	3.657507031250000e+04
6.116083984375000e+02	3.657342968750000e+04
6.117880859375000e+02	3.657010156250000e+04
6.117646484375000e+02	3.656832812500000e+04
6.115195312500000e+02	3.656825000000000e+04
6.115058593750000e+02	3.656637109375000e+04
6.116533203125000e+02	3.656355078125000e+04
6.113007812500000e+02	3.656435156250000e+04
6.113583984375000e+02	3.656243359375000e+04
6.115859375000000e+02	3.655894531250000e+04
6.114736328125000e+02	3.655822265625000e+04
6.113701171875000e+02	3.655716406250000e+04
6.115957031250000e+02	3.655388671875000e+04
6.115654296875000e+02	3.655226953125000e+04
6.114218750000000e+02	3.655167968750000e+04
6.114658203125000e+02	3.654950000000000e+04
