7.464328613281250e+02	2.570804882812500e+04
7.465822753906250e+02	2.570846289062500e+04
7.466154785156250e+02	2.570820507812500e+04
7.467668457031250e+02	2.570801757812500e+04
7.467668457031250e+02	2.570818554687500e+04
7.466008300781250e+02	2.570947460937500e+04
7.464572753906250e+02	2.571058789062500e+04
7.464738769531250e+02	2.571075195312500e+04
7.465090332031250e+02	2.571133789062500e+04
7.464504394531250e+02	2.571179101562500e+04
7.466398925781250e+02	2.571088867187500e+04
7.467111816406250e+02	2.571091992187500e+04
7.470256347656250e+02	2.570848242187500e+04
7.472785644531250e+02	2.570652148437500e+04
7.474494628906250e+02	2.570433398437500e+04
7.475080566406250e+02	2.570356835937500e+04
7.474660644531250e+02	2.570275976562500e+04
7.473439941406250e+02	2.570316601562500e+04
7.472131347656250e+02	2.570357226562500e+04
7.469934082031250e+02	2.570510742187500e+04
7.469191894531250e+02	2.570469335937500e+04
7.469182128906250e+02	2.570470117187500e+04
7.471408691406250e+02	2.570297460937500e+04
7.471682128906250e+02	2.570276367187500e+04
7.471613769531250e+02	2.570260351562500e+04
7.473547363281250e+02	2.570016210937500e+04
7.475510253906250e+02	2.569859960937500e+04
7.475461425781250e+02	2.569752539062500e+04
7.477141113281250e+02	2.569551367187500e+04
7.478010253906250e+02	2.569385351562500e+04
7.476379394531250e+02	2.569402929687500e+04
7.475617675781250e+02	2.569367382812500e+04
7.476965332031250e+02	2.569174804687500e+04
7.475539550781250e+02	2.569172070312500e+04
7.475578613281250e+02	2.569083007812500e+04
7.475754394531250e+02	2.569000195312500e+04
7.477521972656250e+02	2.568779492187500e+04
7.480656738281250e+02	2.568419335937500e+04
7.483225097656250e+02	2.568079492187500e+04
7.485725097656250e+02	2.567729882812500e+04
7.487199707031250e+02	2.567406054687500e+04
7.487180175781250e+02	2.567195898437500e+04
7.486408691406250e+02	2.567031054687500e+04
7.484094238281250e+02	2.566999414062500e+04
7.483791503906250e+02	2.566836132812500e+04
7.481926269531250e+02	2.566785742187500e+04
7.479396972656250e+02	2.566837304687500e+04
7.480549316406250e+02	2.566607617187500e+04
7.480773925781250e+02	2.566434960937500e+04
7.481652832031250e+02	2.566226757812500e+04
7.483605957031250e+02	2.565928320312500e+04
7.486398925781250e+02	2.565516210937500e+04
7.485715332031250e+02	2.565374804687500e+04
7.485930175781250e+02	2.565150195312500e+04
7.486076660156250e+02	2.564933398437500e+04
7.482863769531250e+02	2.564975195312500e+04
7.480910644531250e+02	2.564952929687500e+04
7.480646972656250e+02	2.564809960937500e+04
7.477873535156250e+02	2.564888476562500e+04
7.476467285156250e+02	2.564878320312500e+04
7.477648925781250e+02	2.564683789062500e+04
7.480451660156250e+02	2.564355273437500e+04
7.481584472656250e+02	2.564137304687500e+04
7.483488769531250e+02	2.563834570312500e+04
7.488479003906250e+02	2.563266992187500e+04
7.488293457031250e+02	2.563063476562500e+04
7.488977050781250e+02	2.562779882812500e+04
7.489250488281250e+02	2.562515429687500e+04
7.486076660156250e+02	2.562522851562500e+04
7.484553222656250e+02	2.562420898437500e+04
7.483547363281250e+02	2.562299804687500e+04
7.484191894531250e+02	2.562073632812500e+04
7.484748535156250e+02	2.561833398437500e+04
7.486086425781250e+02	2.561540820312500e+04
7.487648925781250e+02	2.561212304687500e+04
7.489162597656250e+02	2.560870507812500e+04
7.492297363281250e+02	2.560386132812500e+04
7.493195800781250e+02	2.560045898437500e+04
7.495803222656250e+02	2.559541992187500e+04
7.498098144531250e+02	2.559051367187500e+04
7.498693847656250e+02	2.558661914062500e+04
7.498400878906250e+02	2.558323632812500e+04
7.496105957031250e+02	2.558149804687500e+04
7.491965332031250e+02	2.558137304687500e+04
7.486799316406250e+02	2.558255273437500e+04
7.484162597656250e+02	2.558226757812500e+04
7.485012207031250e+02	2.557964257812500e+04
7.484787597656250e+02	2.557786523437500e+04
7.486955566406250e+02	2.557417382812500e+04
7.492463378906250e+02	2.556771679687500e+04
7.493527832031250e+02	2.556423242187500e+04
7.494543457031250e+02	2.556050585937500e+04
7.493273925781250e+02	2.555843164062500e+04
7.490998535156250e+02	2.555728320312500e+04
7.487561035156250e+02	2.555720117187500e+04
7.485539550781250e+02	2.555644335937500e+04
7.484553222656250e+02	2.555504882812500e+04
7.483918457031250e+02	2.555365429687500e+04
7.487355957031250e+02	2.554916601562500e+04
7.489426269531250e+02	2.554533398437500e+04
7.489953613281250e+02	2.554249414062500e+04
7.493088378906250e+02	2.553748632812500e+04
7.496379394531250e+02	2.553205664062500e+04
7.498029785156250e+02	2.552757226562500e+04
7.500119628906250e+02	2.552244726562500e+04
7.497248535156250e+02	2.552107226562500e+04
7.496848144531250e+02	2.551788085937500e+04
7.494758300781250e+02	2.551614648437500e+04
7.494484863281250e+02	2.551316992187500e+04
7.492482910156250e+02	2.551158398437500e+04
7.492414550781250e+02	2.550876367187500e+04
7.493166503906250e+02	2.550524414062500e+04
7.492629394531250e+02	2.550287695312500e+04
7.495109863281250e+02	2.549792773437500e+04
7.496623535156250e+02	2.549369726562500e+04
7.498811035156250e+02	2.548868554687500e+04
7.499064941406250e+02	2.548497070312500e+04
7.500031738281250e+02	2.548061132812500e+04
7.498215332031250e+02	2.547833398437500e+04
7.495227050781250e+02	2.547712695312500e+04
7.493400878906250e+02	2.547521289062500e+04
7.491555175781250e+02	2.547368554687500e+04
7.488703613281250e+02	2.547304882812500e+04
7.490080566406250e+02	2.546944335937500e+04
7.491779785156250e+02	2.546561132812500e+04
7.492795410156250e+02	2.546205664062500e+04
7.494348144531250e+02	2.545800195312500e+04
7.496184082031250e+02	2.545351367187500e+04
7.497707519531250e+02	2.544912304687500e+04
7.496633300781250e+02	2.544660351562500e+04
7.497687988281250e+02	2.544234570312500e+04
7.497297363281250e+02	2.543919335937500e+04
7.494768066406250e+02	2.543775585937500e+04
7.492570800781250e+02	2.543631835937500e+04
7.492004394531250e+02	2.543377929687500e+04
7.490969238281250e+02	2.543183789062500e+04
7.491242675781250e+02	2.542896289062500e+04
7.491662597656250e+02	2.542583007812500e+04
7.494826660156250e+02	2.542066992187500e+04
7.497687988281250e+02	2.541530273437500e+04
7.499992675781250e+02	2.541016210937500e+04
7.499992675781250e+02	2.540649414062500e+04
7.501437988281250e+02	2.540156054687500e+04
7.499963378906250e+02	2.539890820312500e+04
7.497678222656250e+02	2.539694726562500e+04
7.496525878906250e+02	2.539425585937500e+04
7.494973144531250e+02	2.539213085937500e+04
7.493781738281250e+02	2.538986523437500e+04
7.493762207031250e+02	2.538688476562500e+04
7.495461425781250e+02	2.538244335937500e+04
7.495959472656250e+02	2.537897460937500e+04
7.497258300781250e+02	2.537469726562500e+04
7.499201660156250e+02	2.536977148437500e+04
7.499416503906250e+02	2.536599804687500e+04
7.497619628906250e+02	2.536378710937500e+04
7.497619628906250e+02	2.536024414062500e+04
7.495842285156250e+02	2.535818554687500e+04
7.493576660156250e+02	2.535669335937500e+04
7.493176269531250e+02	2.535398242187500e+04
7.493596191406250e+02	2.535066210937500e+04
7.495080566406250e+02	2.534655273437500e+04
7.495920410156250e+02	2.534273632812500e+04
7.496623535156250e+02	2.533896289062500e+04
7.495939941406250e+02	2.533616210937500e+04
7.496115722656250e+02	2.533275585937500e+04
7.495617675781250e+02	2.532987304687500e+04
7.494357910156250e+02	2.532766210937500e+04
7.495295410156250e+02	2.532372851562500e+04
7.495148925781250e+02	2.532074023437500e+04
7.494553222656250e+02	2.531807617187500e+04
7.493898925781250e+02	2.531543945312500e+04
7.494123535156250e+02	2.531220117187500e+04
7.495451660156250e+02	2.530813085937500e+04
7.497502441406250e+02	2.530333398437500e+04
7.498361816406250e+02	2.529925585937500e+04
7.499992675781250e+02	2.529442382812500e+04
7.500197753906250e+02	2.529057617187500e+04
7.500998535156250e+02	2.528622070312500e+04
7.501066894531250e+02	2.528237304687500e+04
7.500354003906250e+02	2.527900585937500e+04
7.498918457031250e+02	2.527638867187500e+04
7.499162597656250e+02	2.527255273437500e+04
7.498176269531250e+02	2.526966601562500e+04
7.498908691406250e+02	2.526553710937500e+04
7.501623535156250e+02	2.525974023437500e+04
7.501184082031250e+02	2.525624414062500e+04
7.498781738281250e+02	2.525431445312500e+04
7.501076660156250e+02	2.524877929687500e+04
7.500148925781250e+02	2.524566601562500e+04
7.498117675781250e+02	2.524350976562500e+04
7.498508300781250e+02	2.523961914062500e+04
7.497805175781250e+02	2.523662304687500e+04
7.496350097656250e+02	2.523425195312500e+04
7.496281738281250e+02	2.523093164062500e+04
7.495891113281250e+02	2.522793945312500e+04
7.496613769531250e+02	2.522409179687500e+04
7.497873535156250e+02	2.521978320312500e+04
7.500891113281250e+02	2.521393554687500e+04
7.499787597656250e+02	2.521110351562500e+04
7.500061035156250e+02	2.520716210937500e+04
7.502287597656250e+02	2.520161914062500e+04
7.500285644531250e+02	2.519927539062500e+04
7.498791503906250e+02	2.519663476562500e+04
7.499270019531250e+02	2.519257617187500e+04
7.497570800781250e+02	2.519027148437500e+04
7.497365722656250e+02	2.518690039062500e+04
7.497277832031250e+02	2.518355664062500e+04
7.496047363281250e+02	2.518113476562500e+04
7.495822753906250e+02	2.517797851562500e+04
7.497268066406250e+02	2.517354101562500e+04
7.496711425781250e+02	2.517066210937500e+04
7.496652832031250e+02	2.516731054687500e+04
7.497814941406250e+02	2.516303320312500e+04
7.498137207031250e+02	2.515932617187500e+04
7.498811035156250e+02	2.515530273437500e+04
7.498361816406250e+02	2.515206835937500e+04
7.499133300781250e+02	2.514788085937500e+04
7.497668457031250e+02	2.514543164062500e+04
7.499475097656250e+02	2.514049023437500e+04
7.500764160156250e+02	2.513579882812500e+04
7.499855957031250e+02	2.513277539062500e+04
7.498430175781250e+02	2.513014648437500e+04
7.500256347656250e+02	2.512508007812500e+04
7.499104003906250e+02	2.512222460937500e+04
7.498225097656250e+02	2.511924023437500e+04
7.496428222656250e+02	2.511711132812500e+04
7.495939941406250e+02	2.511413476562500e+04
7.493498535156250e+02	2.511277929687500e+04
7.494055175781250e+02	2.510926757812500e+04
7.494553222656250e+02	2.510590429687500e+04
7.495373535156250e+02	2.510216210937500e+04
7.496164550781250e+02	2.509838476562500e+04
7.496398925781250e+02	2.509493164062500e+04
7.495822753906250e+02	2.509206835937500e+04
7.496018066406250e+02	2.508864648437500e+04
7.497385253906250e+02	2.508429101562500e+04
7.496887207031250e+02	2.508128320312500e+04
7.495529785156250e+02	2.507895898437500e+04
7.496516113281250e+02	2.507490429687500e+04
7.494953613281250e+02	2.507284570312500e+04
7.494777832031250e+02	2.506981835937500e+04
7.496301269531250e+02	2.506551367187500e+04
7.496613769531250e+02	2.506200195312500e+04
7.498234863281250e+02	2.505738867187500e+04
7.499797363281250e+02	2.505269335937500e+04
7.498967285156250e+02	2.504966992187500e+04
7.500148925781250e+02	2.504504492187500e+04
7.499982910156250e+02	2.504148242187500e+04
7.501818847656250e+02	2.503630664062500e+04
7.501418457031250e+02	2.503265429687500e+04
7.500891113281250e+02	2.502920507812500e+04
7.499201660156250e+02	2.502670117187500e+04
7.496213378906250e+02	2.502531054687500e+04
7.492014160156250e+02	2.502523242187500e+04
7.491359863281250e+02	2.502278710937500e+04
7.491242675781250e+02	2.502008398437500e+04
7.492932128906250e+02	2.501609570312500e+04
7.495988769531250e+02	2.501072460937500e+04
7.496516113281250e+02	2.500723242187500e+04
7.496340332031250e+02	2.500406054687500e+04
7.499592285156250e+02	2.499818164062500e+04
7.501389160156250e+02	2.499318164062500e+04
7.500803222656250e+02	2.498988476562500e+04
7.501066894531250e+02	2.498573632812500e+04
7.498029785156250e+02	2.498427539062500e+04
7.496291503906250e+02	2.498202148437500e+04
7.497219238281250e+02	2.497790429687500e+04
7.497141113281250e+02	2.497459179687500e+04
7.498371582031250e+02	2.497024414062500e+04
7.499650878906250e+02	2.496570507812500e+04
7.501721191406250e+02	2.496045117187500e+04
7.503088378906250e+02	2.495549023437500e+04
7.504152832031250e+02	2.495058007812500e+04
7.503537597656250e+02	2.494684179687500e+04
7.500559082031250e+02	2.494508398437500e+04
7.498029785156250e+02	2.494310351562500e+04
7.495275878906250e+02	2.494167773437500e+04
7.495100097656250e+02	2.493856445312500e+04
7.495275878906250e+02	2.493519726562500e+04
7.496994628906250e+02	2.493070117187500e+04
7.497551269531250e+02	2.492695898437500e+04
7.497668457031250e+02	2.492345117187500e+04
7.498410644531250e+02	2.491939257812500e+04
7.497531738281250e+02	2.491653320312500e+04
7.494816894531250e+02	2.491518164062500e+04
7.495041503906250e+02	2.491179882812500e+04
7.493918457031250e+02	2.490948242187500e+04
7.493381347656250e+02	2.490681835937500e+04
7.493176269531250e+02	2.490408398437500e+04
7.491340332031250e+02	2.490250976562500e+04
7.490041503906250e+02	2.490085742187500e+04
7.489162597656250e+02	2.489893554687500e+04
7.489143066406250e+02	2.489641601562500e+04
7.489221191406250e+02	2.489388476562500e+04
7.491018066406250e+02	2.488999414062500e+04
7.494738769531250e+02	2.488450976562500e+04
7.497365722656250e+02	2.487938867187500e+04
7.499006347656250e+02	2.487476367187500e+04
7.500266113281250e+02	2.487025976562500e+04
7.499475097656250e+02	2.486712304687500e+04
7.498039550781250e+02	2.486454882812500e+04
7.497121582031250e+02	2.486174023437500e+04
7.497229003906250e+02	2.485819726562500e+04
7.495871582031250e+02	2.485587304687500e+04
7.495773925781250e+02	2.485265429687500e+04
7.495783691406250e+02	2.484934179687500e+04
7.495852050781250e+02	2.484605664062500e+04
7.495656738281250e+02	2.484295898437500e+04
7.497453613281250e+02	2.483829492187500e+04
7.497258300781250e+02	2.483511523437500e+04
7.497805175781250e+02	2.483122851562500e+04
7.498654785156250e+02	2.482711132812500e+04
7.497346191406250e+02	2.482460351562500e+04
7.495139160156250e+02	2.482288085937500e+04
7.493811035156250e+02	2.482067773437500e+04
7.491320800781250e+02	2.481949023437500e+04
7.487775878906250e+02	2.481957617187500e+04
7.488469238281250e+02	2.481658398437500e+04
7.489025878906250e+02	2.481378710937500e+04
7.488664550781250e+02	2.481167382812500e+04
7.490266113281250e+02	2.480795898437500e+04
7.493439941406250e+02	2.480287695312500e+04
7.494631347656250e+02	2.479914257812500e+04
7.494719238281250e+02	2.479599414062500e+04
7.495139160156250e+02	2.479250585937500e+04
7.494191894531250e+02	2.479015820312500e+04
7.493527832031250e+02	2.478759179687500e+04
7.494514160156250e+02	2.478378710937500e+04
7.494953613281250e+02	2.478040429687500e+04
7.496906738281250e+02	2.477574414062500e+04
7.497893066406250e+02	2.477164648437500e+04
7.496018066406250e+02	2.476970507812500e+04
7.498684082031250e+02	2.476426367187500e+04
7.498693847656250e+02	2.476075195312500e+04
7.498566894531250e+02	2.475726757812500e+04
7.497727050781250e+02	2.475429101562500e+04
7.497980957031250e+02	2.475057226562500e+04
7.497639160156250e+02	2.474737695312500e+04
7.494279785156250e+02	2.474658789062500e+04
7.493869628906250e+02	2.474367773437500e+04
7.493713378906250e+02	2.474080273437500e+04
7.492463378906250e+02	2.473881445312500e+04
7.492160644531250e+02	2.473611523437500e+04
7.494758300781250e+02	2.473124804687500e+04
7.495207519531250e+02	2.472781835937500e+04
7.494768066406250e+02	2.472505664062500e+04
7.493859863281250e+02	2.472268164062500e+04
7.492766113281250e+02	2.472038476562500e+04
7.489943847656250e+02	2.471980273437500e+04
7.488820800781250e+02	2.471797070312500e+04
7.487834472656250e+02	2.471626367187500e+04
7.486066894531250e+02	2.471534960937500e+04
7.486623535156250e+02	2.471278320312500e+04
7.488146972656250e+02	2.470937695312500e+04
7.489309082031250e+02	2.470618945312500e+04
7.489973144531250e+02	2.470317773437500e+04
7.491770019531250e+02	2.469922851562500e+04
7.492492675781250e+02	2.469600585937500e+04
7.492580566406250e+02	2.469308789062500e+04
7.494816894531250e+02	2.468850195312500e+04
7.494582519531250e+02	2.468562304687500e+04
7.497121582031250e+02	2.468050585937500e+04
7.496350097656250e+02	2.467781445312500e+04
7.495461425781250e+02	2.467517382812500e+04
7.495197753906250e+02	2.467214648437500e+04
7.496145019531250e+02	2.466814257812500e+04
7.496281738281250e+02	2.466478710937500e+04
7.496115722656250e+02	2.466164648437500e+04
7.497873535156250e+02	2.465697070312500e+04
7.498273925781250e+02	2.465324023437500e+04
7.497580566406250e+02	2.465025976562500e+04
7.498859863281250e+02	2.464578710937500e+04
7.498928222656250e+02	2.464214648437500e+04
7.496770019531250e+02	2.464025976562500e+04
7.496770019531250e+02	2.463682226562500e+04
7.495510253906250e+02	2.463444335937500e+04
7.493117675781250e+02	2.463309179687500e+04
7.491271972656250e+02	2.463150585937500e+04
7.491047363281250e+02	2.462897460937500e+04
7.490500488281250e+02	2.462663476562500e+04
7.489670410156250e+02	2.462469726562500e+04
7.490393066406250e+02	2.462161914062500e+04
7.489445800781250e+02	2.461979882812500e+04
7.490256347656250e+02	2.461658789062500e+04
7.490266113281250e+02	2.461402539062500e+04
7.489699707031250e+02	2.461190820312500e+04
7.489123535156250e+02	2.460981445312500e+04
7.491066894531250e+02	2.460581445312500e+04
7.491271972656250e+02	2.460295507812500e+04
7.490139160156250e+02	2.460122851562500e+04
7.491789550781250e+02	2.459733398437500e+04
7.490666503906250e+02	2.459547460937500e+04
7.491428222656250e+02	2.459217773437500e+04
7.493244628906250e+02	2.458808789062500e+04
7.494445800781250e+02	2.458415820312500e+04
7.493889160156250e+02	2.458163867187500e+04
7.495646972656250e+02	2.457723242187500e+04
7.494562988281250e+02	2.457484570312500e+04
7.491848144531250e+02	2.457393164062500e+04
7.490734863281250e+02	2.457190039062500e+04
7.489074707031250e+02	2.457054882812500e+04
7.488654785156250e+02	2.456835742187500e+04
7.488088378906250e+02	2.456636914062500e+04
7.489377441406250e+02	2.456299804687500e+04
7.490441894531250e+02	2.455969726562500e+04
7.491105957031250e+02	2.455664257812500e+04
7.493410644531250e+02	2.455215429687500e+04
7.493459472656250e+02	2.454916210937500e+04
7.493381347656250e+02	2.454633007812500e+04
7.491838378906250e+02	2.454456835937500e+04
7.492512207031250e+02	2.454125585937500e+04
7.490910644531250e+02	2.453962695312500e+04
7.489201660156250e+02	2.453833398437500e+04
7.488420410156250e+02	2.453640429687500e+04
7.486721191406250e+02	2.453531054687500e+04
7.486896972656250e+02	2.453290820312500e+04
7.487775878906250e+02	2.453004882812500e+04
7.488107910156250e+02	2.452750585937500e+04
7.488645019531250e+02	2.452478320312500e+04
7.489650878906250e+02	2.452163085937500e+04
7.489221191406250e+02	2.451951367187500e+04
7.489201660156250e+02	2.451699414062500e+04
7.490324707031250e+02	2.451362695312500e+04
7.487258300781250e+02	2.451351367187500e+04
7.485900878906250e+02	2.451223632812500e+04
7.486262207031250e+02	2.450981445312500e+04
7.487180175781250e+02	2.450700976562500e+04
7.487629394531250e+02	2.450443945312500e+04
7.490549316406250e+02	2.449982617187500e+04
7.492785644531250e+02	2.449555664062500e+04
7.491770019531250e+02	2.449368164062500e+04
7.492756347656250e+02	2.449002148437500e+04
7.494172363281250e+02	2.448611914062500e+04
7.493937988281250e+02	2.448325585937500e+04
7.493264160156250e+02	2.448080273437500e+04
7.492971191406250e+02	2.447799023437500e+04
7.492014160156250e+02	2.447588085937500e+04
7.490412597656250e+02	2.447427148437500e+04
7.491652832031250e+02	2.447064648437500e+04
7.489748535156250e+02	2.446941992187500e+04
7.488918457031250e+02	2.446748632812500e+04
7.490900878906250e+02	2.446347460937500e+04
7.490422363281250e+02	2.446133007812500e+04
7.491662597656250e+02	2.445772460937500e+04
7.492014160156250e+02	2.445466601562500e+04
7.492668457031250e+02	2.445143164062500e+04
7.490646972656250e+02	2.445011132812500e+04
7.488869628906250e+02	2.444882617187500e+04
7.487521972656250e+02	2.444741601562500e+04
7.486037597656250e+02	2.444626367187500e+04
7.485812988281250e+02	2.444432226562500e+04
7.486418457031250e+02	2.444179492187500e+04
7.487443847656250e+02	2.443886132812500e+04
7.488146972656250e+02	2.443607226562500e+04
7.490080566406250e+02	2.443222460937500e+04
7.491447753906250e+02	2.442863085937500e+04
7.492443847656250e+02	2.442521679687500e+04
7.492512207031250e+02	2.442231054687500e+04
7.491867675781250e+02	2.442000195312500e+04
7.491662597656250e+02	2.441739257812500e+04
7.491105957031250e+02	2.441499414062500e+04
7.489973144531250e+02	2.441325195312500e+04
7.489172363281250e+02	2.441133398437500e+04
7.489914550781250e+02	2.440820507812500e+04
7.489006347656250e+02	2.440636914062500e+04
7.489992675781250e+02	2.440313476562500e+04
7.490822753906250e+02	2.439999804687500e+04
7.494436035156250e+02	2.439448632812500e+04
7.494465332031250e+02	2.439148632812500e+04
7.495227050781250e+02	2.438779492187500e+04
7.496008300781250e+02	2.438406445312500e+04
7.494133300781250e+02	2.438231054687500e+04
7.492980957031250e+02	2.438004101562500e+04
7.491936035156250e+02	2.437800195312500e+04
7.490402832031250e+02	2.437633789062500e+04
7.488566894531250e+02	2.437518554687500e+04
7.488391113281250e+02	2.437284960937500e+04
7.488557128906250e+02	2.437033007812500e+04
7.488654785156250e+02	2.436786132812500e+04
7.489152832031250e+02	2.436508398437500e+04
7.488244628906250e+02	2.436333789062500e+04
7.486711425781250e+02	2.436217773437500e+04
7.486486816406250e+02	2.436015429687500e+04
7.485881347656250e+02	2.435846289062500e+04
7.485295410156250e+02	2.435686132812500e+04
7.486174316406250e+02	2.435415039062500e+04
7.486340332031250e+02	2.435196289062500e+04
7.488107910156250e+02	2.434841210937500e+04
7.488605957031250e+02	2.434574414062500e+04
7.490539550781250e+02	2.434181054687500e+04
7.489719238281250e+02	2.433995117187500e+04
7.489670410156250e+02	2.433745507812500e+04
7.491721191406250e+02	2.433336523437500e+04
7.488879394531250e+02	2.433288867187500e+04
7.488430175781250e+02	2.433070117187500e+04
7.489592285156250e+02	2.432738867187500e+04
7.487639160156250e+02	2.432649414062500e+04
7.486770019531250e+02	2.432484179687500e+04
7.488195800781250e+02	2.432149023437500e+04
7.488693847656250e+02	2.431880273437500e+04
7.488703613281250e+02	2.431640039062500e+04
7.489377441406250e+02	2.431349023437500e+04
7.489719238281250e+02	2.431079101562500e+04
7.488244628906250e+02	2.430948242187500e+04
7.488342285156250e+02	2.430699414062500e+04
7.488762207031250e+02	2.430428320312500e+04
7.488576660156250e+02	2.430195117187500e+04
7.487746582031250e+02	2.430022851562500e+04
7.488557128906250e+02	2.429725195312500e+04
7.489445800781250e+02	2.429418945312500e+04
7.489338378906250e+02	2.429184570312500e+04
7.489719238281250e+02	2.428907226562500e+04
7.490168457031250e+02	2.428622851562500e+04
7.489387207031250e+02	2.428434179687500e+04
7.487590332031250e+02	2.428322070312500e+04
7.485842285156250e+02	2.428224804687500e+04
7.484621582031250e+02	2.428101367187500e+04
7.483605957031250e+02	2.427985351562500e+04
7.485295410156250e+02	2.427675976562500e+04
7.486232910156250e+02	2.427393554687500e+04
7.486691894531250e+02	2.427158789062500e+04
7.488459472656250e+02	2.426803710937500e+04
7.487355957031250e+02	2.426665039062500e+04
7.488166503906250e+02	2.426373632812500e+04
7.487971191406250e+02	2.426156054687500e+04
7.488303222656250e+02	2.425897851562500e+04
7.488225097656250e+02	2.425669335937500e+04
7.488986816406250e+02	2.425374804687500e+04
7.487326660156250e+02	2.425265039062500e+04
7.486174316406250e+02	2.425123632812500e+04
7.485666503906250e+02	2.424953320312500e+04
7.486682128906250e+02	2.424665039062500e+04
7.486232910156250e+02	2.424492382812500e+04
7.488225097656250e+02	2.424119726562500e+04
7.488371582031250e+02	2.423882226562500e+04
7.487814941406250e+02	2.423688476562500e+04
7.489914550781250e+02	2.423286132812500e+04
7.490109863281250e+02	2.423019726562500e+04
7.490139160156250e+02	2.422763476562500e+04
7.488850097656250e+02	2.422611914062500e+04
7.487629394531250e+02	2.422461914062500e+04
7.486066894531250e+02	2.422352148437500e+04
7.485187988281250e+02	2.422208789062500e+04
7.485295410156250e+02	2.422003320312500e+04
7.484689941406250e+02	2.421851367187500e+04
7.486184082031250e+02	2.421531835937500e+04
7.487697753906250e+02	2.421208789062500e+04
7.488410644531250e+02	2.420927539062500e+04
7.488576660156250e+02	2.420679492187500e+04
7.489592285156250e+02	2.420361914062500e+04
7.487873535156250e+02	2.420254101562500e+04
7.487355957031250e+02	2.420055273437500e+04
7.487395019531250e+02	2.419825585937500e+04
7.484807128906250e+02	2.419808398437500e+04
7.483654785156250e+02	2.419698632812500e+04
7.485715332031250e+02	2.419350195312500e+04
7.485969238281250e+02	2.419125195312500e+04
7.486232910156250e+02	2.418901367187500e+04
7.489152832031250e+02	2.418458789062500e+04
7.490949707031250e+02	2.418080664062500e+04
7.490998535156250e+02	2.417823242187500e+04
7.491135253906250e+02	2.417538085937500e+04
7.491496582031250e+02	2.417243554687500e+04
7.490109863281250e+02	2.417088867187500e+04
7.489484863281250e+02	2.416877539062500e+04
7.490354003906250e+02	2.416550585937500e+04
7.487561035156250e+02	2.416517382812500e+04
7.488273925781250e+02	2.416225195312500e+04
7.488752441406250e+02	2.415953320312500e+04
7.489084472656250e+02	2.415686523437500e+04
7.488977050781250e+02	2.415453710937500e+04
7.489855957031250e+02	2.415142773437500e+04
7.490871582031250e+02	2.414809960937500e+04
7.490598144531250e+02	2.414565039062500e+04
7.490041503906250e+02	2.414350195312500e+04
7.489240722656250e+02	2.414156835937500e+04
7.486867675781250e+02	2.414095507812500e+04
7.485568847656250e+02	2.413965429687500e+04
7.485021972656250e+02	2.413800585937500e+04
7.484377441406250e+02	2.413655664062500e+04
7.485441894531250e+02	2.413379882812500e+04
7.487473144531250e+02	2.413016992187500e+04
7.487697753906250e+02	2.412785742187500e+04
7.488068847656250e+02	2.412526367187500e+04
7.488967285156250e+02	2.412224023437500e+04
7.489328613281250e+02	2.411956835937500e+04
7.486721191406250e+02	2.411915820312500e+04
7.486965332031250e+02	2.411666601562500e+04
7.486047363281250e+02	2.411517773437500e+04
7.482854003906250e+02	2.411561914062500e+04
7.484738769531250e+02	2.411235351562500e+04
7.486213378906250e+02	2.410917773437500e+04
7.485295410156250e+02	2.410793945312500e+04
7.486164550781250e+02	2.410527539062500e+04
7.488850097656250e+02	2.410102929687500e+04
7.488947753906250e+02	2.409863085937500e+04
7.489523925781250e+02	2.409572851562500e+04
7.490988769531250e+02	2.409208007812500e+04
7.489992675781250e+02	2.409027539062500e+04
7.488166503906250e+02	2.408913085937500e+04
7.488742675781250e+02	2.408621289062500e+04
7.486945800781250e+02	2.408527929687500e+04
7.485529785156250e+02	2.408417382812500e+04
7.486662597656250e+02	2.408115820312500e+04
7.486545410156250e+02	2.407917382812500e+04
7.486076660156250e+02	2.407739648437500e+04
7.486984863281250e+02	2.407455664062500e+04
7.486867675781250e+02	2.407248632812500e+04
7.487121582031250e+02	2.407011132812500e+04
7.486877441406250e+02	2.406811914062500e+04
7.485559082031250e+02	2.406691992187500e+04
7.483518066406250e+02	2.406640429687500e+04
7.482355957031250e+02	2.406554492187500e+04
7.480559082031250e+02	2.406513867187500e+04
7.480061035156250e+02	2.406412304687500e+04
7.480520019531250e+02	2.406240039062500e+04
7.481574707031250e+02	2.406007226562500e+04
7.482492675781250e+02	2.405781054687500e+04
7.484240722656250e+02	2.405488476562500e+04
7.485891113281250e+02	2.405165039062500e+04
7.485861816406250e+02	2.404968164062500e+04
7.485627441406250e+02	2.404784960937500e+04
7.485441894531250e+02	2.404598242187500e+04
7.483498535156250e+02	2.404543554687500e+04
7.482639160156250e+02	2.404430273437500e+04
7.481184082031250e+02	2.404373242187500e+04
7.480939941406250e+02	2.404247460937500e+04
7.481125488281250e+02	2.404063085937500e+04
7.482746582031250e+02	2.403793164062500e+04
7.485383300781250e+02	2.403422851562500e+04
7.485705566406250e+02	2.403209179687500e+04
7.487658691406250e+02	2.402845507812500e+04
7.489914550781250e+02	2.402450585937500e+04
7.489201660156250e+02	2.402265039062500e+04
7.487277832031250e+02	2.402164648437500e+04
7.485656738281250e+02	2.402061914062500e+04
7.482990722656250e+02	2.402057226562500e+04
7.480686035156250e+02	2.402070117187500e+04
7.481232910156250e+02	2.401855664062500e+04
7.481623535156250e+02	2.401683007812500e+04
7.482258300781250e+02	2.401485351562500e+04
7.484318847656250e+02	2.401146679687500e+04
7.485861816406250e+02	2.400853320312500e+04
7.487307128906250e+02	2.400540039062500e+04
7.487600097656250e+02	2.400299414062500e+04
7.485344238281250e+02	2.400251757812500e+04
7.484836425781250e+02	2.400079882812500e+04
7.483449707031250e+02	2.399998632812500e+04
7.481252441406250e+02	2.399986523437500e+04
7.479553222656250e+02	2.399969335937500e+04
7.480617675781250e+02	2.399729492187500e+04
7.482268066406250e+02	2.399459179687500e+04
7.481320800781250e+02	2.399388085937500e+04
7.483449707031250e+02	2.399054882812500e+04
7.485422363281250e+02	2.398734179687500e+04
7.486018066406250e+02	2.398489257812500e+04
7.486486816406250e+02	2.398249023437500e+04
7.485842285156250e+02	2.398087695312500e+04
7.485695800781250e+02	2.397889257812500e+04
7.484162597656250e+02	2.397802539062500e+04
7.483957519531250e+02	2.397625585937500e+04
7.483371582031250e+02	2.397495117187500e+04
7.482482910156250e+02	2.397371289062500e+04
7.483537597656250e+02	2.397138085937500e+04
7.484982910156250e+02	2.396831054687500e+04
7.485119628906250e+02	2.396640429687500e+04
7.487590332031250e+02	2.396249804687500e+04
7.489162597656250e+02	2.395902929687500e+04
7.486623535156250e+02	2.395863476562500e+04
7.487629394531250e+02	2.395561132812500e+04
7.486779785156250e+02	2.395404882812500e+04
7.485100097656250e+02	2.395312695312500e+04
7.482863769531250e+02	2.395287304687500e+04
7.483195800781250e+02	2.395091601562500e+04
7.481945800781250e+02	2.395000195312500e+04
7.481389160156250e+02	2.394891992187500e+04
7.483400878906250e+02	2.394574804687500e+04
7.483918457031250e+02	2.394360742187500e+04
7.483186035156250e+02	2.394238867187500e+04
7.484045410156250e+02	2.393996679687500e+04
7.483059082031250e+02	2.393884179687500e+04
7.481936035156250e+02	2.393808007812500e+04
7.481340332031250e+02	2.393679882812500e+04
7.480891113281250e+02	2.393563867187500e+04
7.478225097656250e+02	2.393630273437500e+04
7.478957519531250e+02	2.393445898437500e+04
7.480988769531250e+02	2.393168554687500e+04
7.482482910156250e+02	2.392893164062500e+04
7.484826660156250e+02	2.392556054687500e+04
7.487502441406250e+02	2.392154101562500e+04
7.488518066406250e+02	2.391856835937500e+04
7.486760253906250e+02	2.391762695312500e+04
7.487785644531250e+02	2.391457226562500e+04
7.486037597656250e+02	2.391370117187500e+04
7.484377441406250e+02	2.391293554687500e+04
7.484592285156250e+02	2.391079882812500e+04
7.484689941406250e+02	2.390877539062500e+04
7.482727050781250e+02	2.390850976562500e+04
7.483928222656250e+02	2.390565429687500e+04
7.484143066406250e+02	2.390374804687500e+04
7.484055175781250e+02	2.390197070312500e+04
7.484973144531250e+02	2.389932617187500e+04
7.485881347656250e+02	2.389674023437500e+04
7.484377441406250e+02	2.389591601562500e+04
7.483635253906250e+02	2.389445507812500e+04
7.482297363281250e+02	2.389385742187500e+04
7.480334472656250e+02	2.389353710937500e+04
7.479680175781250e+02	2.389266210937500e+04
7.478605957031250e+02	2.389219335937500e+04
7.476672363281250e+02	2.389245507812500e+04
7.477326660156250e+02	2.389083789062500e+04
7.478479003906250e+02	2.388891601562500e+04
7.478762207031250e+02	2.388756835937500e+04
7.479172363281250e+02	2.388603320312500e+04
7.481838378906250e+02	2.388268554687500e+04
7.481945800781250e+02	2.388105273437500e+04
7.481555175781250e+02	2.387977929687500e+04
7.483693847656250e+02	2.387661132812500e+04
7.482678222656250e+02	2.387555664062500e+04
7.482316894531250e+02	2.387430664062500e+04
7.483059082031250e+02	2.387184179687500e+04
7.482678222656250e+02	2.387058789062500e+04
7.482863769531250e+02	2.386857617187500e+04
7.483693847656250e+02	2.386638085937500e+04
7.486545410156250e+02	2.386222070312500e+04
7.488928222656250e+02	2.385836132812500e+04
7.490002441406250e+02	2.385520117187500e+04
7.491223144531250e+02	2.385173632812500e+04
7.490559082031250e+02	2.384952929687500e+04
7.488547363281250e+02	2.384849023437500e+04
7.486418457031250e+02	2.384770507812500e+04
7.484924316406250e+02	2.384668554687500e+04
7.482902832031250e+02	2.384630664062500e+04
7.481447753906250e+02	2.384558789062500e+04
7.479465332031250e+02	2.384559570312500e+04
7.480656738281250e+02	2.384331054687500e+04
7.480471191406250e+02	2.384210742187500e+04
7.481525878906250e+02	2.383967773437500e+04
7.481809082031250e+02	2.383803710937500e+04
7.481311035156250e+02	2.383697460937500e+04
7.481516113281250e+02	2.383505273437500e+04
7.479650878906250e+02	2.383505273437500e+04
7.479299316406250e+02	2.383396289062500e+04
7.478605957031250e+02	2.383320507812500e+04
7.477248535156250e+02	2.383301757812500e+04
7.477102050781250e+02	2.383199804687500e+04
7.478713378906250e+02	2.382970117187500e+04
7.478664550781250e+02	2.382864648437500e+04
7.478654785156250e+02	2.382748242187500e+04
7.482297363281250e+02	2.382336132812500e+04
7.482297363281250e+02	2.382172460937500e+04
7.481291503906250e+02	2.382103710937500e+04
7.482395019531250e+02	2.381856445312500e+04
7.481369628906250e+02	2.381770507812500e+04
7.480773925781250e+02	2.381672070312500e+04
7.482355957031250e+02	2.381391992187500e+04
7.483361816406250e+02	2.381150195312500e+04
7.483508300781250e+02	2.380971289062500e+04
7.484162597656250e+02	2.380738476562500e+04
7.486955566406250e+02	2.380328710937500e+04
7.487238769531250e+02	2.380100976562500e+04
7.488996582031250e+02	2.379738476562500e+04
7.489816894531250e+02	2.379435742187500e+04
7.488098144531250e+02	2.379322070312500e+04
7.487863769531250e+02	2.379100976562500e+04
7.486115722656250e+02	2.379008007812500e+04
7.483693847656250e+02	2.378984179687500e+04
7.480363769531250e+02	2.379062695312500e+04
7.482082519531250e+02	2.378771679687500e+04
7.482600097656250e+02	2.378563867187500e+04
7.482102050781250e+02	2.378454101562500e+04
7.484387207031250e+02	2.378092382812500e+04
7.484680175781250e+02	2.377899804687500e+04
7.484152832031250e+02	2.377741210937500e+04
7.483771972656250e+02	2.377588476562500e+04
7.482023925781250e+02	2.377550195312500e+04
7.479680175781250e+02	2.377566601562500e+04
7.477229003906250e+02	2.377613476562500e+04
7.477785644531250e+02	2.377461523437500e+04
7.477336425781250e+02	2.377389648437500e+04
7.479768066406250e+02	2.377085742187500e+04
7.481789550781250e+02	2.376795117187500e+04
7.481691894531250e+02	2.376659570312500e+04
7.482902832031250e+02	2.376410742187500e+04
7.484641113281250e+02	2.376095507812500e+04
7.484143066406250e+02	2.375956054687500e+04
7.485070800781250e+02	2.375701757812500e+04
7.485891113281250e+02	2.375432226562500e+04
7.486184082031250e+02	2.375210742187500e+04
7.484328613281250e+02	2.375153320312500e+04
7.484455566406250e+02	2.374943945312500e+04
7.485187988281250e+02	2.374686523437500e+04
7.485021972656250e+02	2.374510742187500e+04
7.486320800781250e+02	2.374214648437500e+04
7.488332519531250e+02	2.373842773437500e+04
7.488596191406250e+02	2.373595898437500e+04
7.487951660156250e+02	2.373413085937500e+04
7.487502441406250e+02	2.373215429687500e+04
7.486545410156250e+02	2.373059179687500e+04
7.485080566406250e+02	2.372954492187500e+04
7.484611816406250e+02	2.372789648437500e+04
7.482131347656250e+02	2.372802148437500e+04
7.480354003906250e+02	2.372753320312500e+04
7.480939941406250e+02	2.372569335937500e+04
7.481232910156250e+02	2.372406054687500e+04
7.481467285156250e+02	2.372224414062500e+04
7.483518066406250e+02	2.371914257812500e+04
7.483996582031250e+02	2.371707617187500e+04
7.482639160156250e+02	2.371632617187500e+04
7.482150878906250e+02	2.371500585937500e+04
7.480549316406250e+02	2.371455273437500e+04
7.477473144531250e+02	2.371553320312500e+04
7.477375488281250e+02	2.371441210937500e+04
7.478088378906250e+02	2.371279101562500e+04
7.476428222656250e+02	2.371298632812500e+04
7.477639160156250e+02	2.371106445312500e+04
7.479670410156250e+02	2.370841601562500e+04
7.479650878906250e+02	2.370715429687500e+04
7.481066894531250e+02	2.370473632812500e+04
7.482775878906250e+02	2.370194335937500e+04
7.483645019531250e+02	2.369948632812500e+04
7.483195800781250e+02	2.369820117187500e+04
7.485354003906250e+02	2.369463867187500e+04
7.484807128906250e+02	2.369313085937500e+04
7.484602050781250e+02	2.369138476562500e+04
7.485764160156250e+02	2.368851367187500e+04
7.484836425781250e+02	2.368724414062500e+04
7.484885253906250e+02	2.368525585937500e+04
7.486750488281250e+02	2.368187695312500e+04
7.486047363281250e+02	2.368026367187500e+04
7.487414550781250e+02	2.367708789062500e+04
7.487795410156250e+02	2.367457226562500e+04
7.490041503906250e+02	2.367049804687500e+04
7.489436035156250e+02	2.366853710937500e+04
7.487316894531250e+02	2.366768945312500e+04
7.487131347656250e+02	2.366552539062500e+04
7.482434082031250e+02	2.366697070312500e+04
7.482395019531250e+02	2.366523632812500e+04
7.481213378906250e+02	2.366445507812500e+04
7.480832519531250e+02	2.366330664062500e+04
7.479680175781250e+02	2.366262695312500e+04
7.480383300781250e+02	2.366063476562500e+04
7.481975097656250e+02	2.365801757812500e+04
7.481008300781250e+02	2.365734179687500e+04
7.481857910156250e+02	2.365500195312500e+04
7.483039550781250e+02	2.365259960937500e+04
7.481584472656250e+02	2.365211523437500e+04
7.482014160156250e+02	2.365004101562500e+04
7.481760253906250e+02	2.364876757812500e+04
7.480510253906250e+02	2.364806445312500e+04
7.479514160156250e+02	2.364738867187500e+04
7.481125488281250e+02	2.364479492187500e+04
7.482336425781250e+02	2.364247460937500e+04
7.482434082031250e+02	2.364061914062500e+04
7.486359863281250e+02	2.363599804687500e+04
7.487131347656250e+02	2.363330664062500e+04
7.488303222656250e+02	2.363025585937500e+04
7.489807128906250e+02	2.362678320312500e+04
7.490783691406250e+02	2.362346679687500e+04
7.490168457031250e+02	2.362130664062500e+04
7.488557128906250e+02	2.361999804687500e+04
7.487873535156250e+02	2.361811523437500e+04
7.485979003906250e+02	2.361725976562500e+04
7.484191894531250e+02	2.361652929687500e+04
7.482961425781250e+02	2.361561914062500e+04
7.483312988281250e+02	2.361343554687500e+04
7.483488769531250e+02	2.361170507812500e+04
7.485061035156250e+02	2.360856054687500e+04
7.483762207031250e+02	2.360778710937500e+04
7.483742675781250e+02	2.360591210937500e+04
7.483967285156250e+02	2.360389257812500e+04
7.483098144531250e+02	2.360283007812500e+04
7.480998535156250e+02	2.360259179687500e+04
7.479943847656250e+02	2.360189648437500e+04
7.477873535156250e+02	2.360216210937500e+04
7.476594238281250e+02	2.360193945312500e+04
7.477180175781250e+02	2.360045898437500e+04
7.476340332031250e+02	2.360016992187500e+04
7.475969238281250e+02	2.359953320312500e+04
7.478449707031250e+02	2.359664257812500e+04
7.478410644531250e+02	2.359554492187500e+04
7.480080566406250e+02	2.359299023437500e+04
7.481027832031250e+02	2.359091210937500e+04
7.480910644531250e+02	2.358959960937500e+04
7.480422363281250e+02	2.358857226562500e+04
7.480021972656250e+02	2.358733398437500e+04
7.479816894531250e+02	2.358612695312500e+04
7.479865722656250e+02	2.358475195312500e+04
7.480559082031250e+02	2.358289257812500e+04
7.482795410156250e+02	2.357970898437500e+04
7.482268066406250e+02	2.357840039062500e+04
7.484826660156250e+02	2.357486132812500e+04
7.484553222656250e+02	2.357308789062500e+04
7.485061035156250e+02	2.357082226562500e+04
7.485109863281250e+02	2.356887695312500e+04
7.485354003906250e+02	2.356663867187500e+04
7.483596191406250e+02	2.356604882812500e+04
7.482629394531250e+02	2.356506054687500e+04
7.482492675781250e+02	2.356325585937500e+04
7.480363769531250e+02	2.356342382812500e+04
7.479992675781250e+02	2.356222070312500e+04
7.481379394531250e+02	2.355961132812500e+04
7.479943847656250e+02	2.355932226562500e+04
7.478811035156250e+02	2.355886132812500e+04
7.479709472656250e+02	2.355686523437500e+04
7.479045410156250e+02	2.355608007812500e+04
7.477121582031250e+02	2.355629101562500e+04
7.475891113281250e+02	2.355611523437500e+04
7.474992675781250e+02	2.355586523437500e+04
7.474885253906250e+02	2.355525976562500e+04
7.474611816406250e+02	2.355475976562500e+04
7.476213378906250e+02	2.355253320312500e+04
7.475832519531250e+02	2.355207226562500e+04
7.477648925781250e+02	2.354978320312500e+04
7.478713378906250e+02	2.354788867187500e+04
7.478576660156250e+02	2.354679882812500e+04
7.478449707031250e+02	2.354570507812500e+04
7.480129394531250e+02	2.354316210937500e+04
7.480998535156250e+02	2.354118945312500e+04
7.480988769531250e+02	2.353981445312500e+04
7.482160644531250e+02	2.353731054687500e+04
7.483908691406250e+02	2.353432226562500e+04
7.481887207031250e+02	2.353420898437500e+04
7.483225097656250e+02	2.353143164062500e+04
7.484562988281250e+02	2.352869726562500e+04
7.483322753906250e+02	2.352779101562500e+04
