5.662944335937500e+02	9.927656250000000e+02
5.664814453125000e+02	9.920000000000000e+02
5.672236328125000e+02	9.875585937500000e+02
5.669335937500000e+02	9.910507812500000e+02
5.666328125000000e+02	9.945039062500000e+02
5.671611328125000e+02	9.915117187500000e+02
5.671943359375000e+02	9.923710937500000e+02
5.666733398437500e+02	9.974257812500000e+02
5.670175781250000e+02	9.958085937500000e+02
5.673999023437500e+02	9.939609375000000e+02
5.671508789062500e+02	9.966601562500000e+02
5.670097656250000e+02	9.987382812500000e+02
5.674877929687500e+02	9.956679687500000e+02
5.675649414062500e+02	9.958359375000000e+02
5.671040039062500e+02	1.000058593750000e+03
5.673212890625000e+02	9.988320312500000e+02
5.675361328125000e+02	9.979414062500000e+02
5.674379882812500e+02	9.991015625000000e+02
5.673608398437500e+02	1.000714843750000e+03
5.675400390625000e+02	9.994843750000000e+02
5.677377929687500e+02	9.984882812500000e+02
5.676503906250000e+02	9.998007812500000e+02
5.674902343750000e+02	1.001011718750000e+03
5.679960937500000e+02	9.971835937500000e+02
5.680136718750000e+02	9.970507812500000e+02
5.675878906250000e+02	1.000273437500000e+03
5.680834960937500e+02	9.965234375000000e+02
5.684467773437500e+02	9.937734375000000e+02
5.680312500000000e+02	9.969179687500000e+02
5.678334960937500e+02	9.984140625000000e+02
5.685244140625000e+02	9.923906250000000e+02
5.683364257812500e+02	9.934570312500000e+02
5.678432617187500e+02	9.971875000000000e+02
5.683032226562500e+02	9.931210937500000e+02
5.685981445312500e+02	9.903242187500000e+02
5.679477539062500e+02	9.952460937500000e+02
5.681103515625000e+02	9.933867187500000e+02
5.685869140625000e+02	9.892578125000000e+02
5.683862304687500e+02	9.906679687500000e+02
5.681357421875000e+02	9.915195312500000e+02
5.684433593750000e+02	9.891914062500000e+02
5.684799804687500e+02	9.879101562500000e+02
5.680341796875000e+02	9.911328125000000e+02
5.681484375000000e+02	9.898476562500000e+02
5.685307617187500e+02	9.862226562500000e+02
5.681586914062500e+02	9.890351562500000e+02
5.677670898437500e+02	9.917890625000000e+02
5.679780273437500e+02	9.895859375000000e+02
5.682841796875000e+02	9.869335937500000e+02
5.679350585937500e+02	9.895742187500000e+02
5.678496093750000e+02	9.902226562500000e+02
5.681752929687500e+02	9.877578125000000e+02
5.683618164062500e+02	9.863476562500000e+02
5.678994140625000e+02	9.894257812500000e+02
5.680351562500000e+02	9.876640625000000e+02
5.682792968750000e+02	9.858203125000000e+02
5.681699218750000e+02	9.866445312500000e+02
5.677470703125000e+02	9.898476562500000e+02
5.680175781250000e+02	9.875273437500000e+02
5.682143554687500e+02	9.855351562500000e+02
5.677568359375000e+02	9.886210937500000e+02
5.677202148437500e+02	9.888984375000000e+02
5.685537109375000e+02	9.825898437500000e+02
5.683212890625000e+02	9.843476562500000e+02
5.679677734375000e+02	9.870039062500000e+02
5.685561523437500e+02	9.814179687500000e+02
5.685029296875000e+02	9.818203125000000e+02
5.676201171875000e+02	9.877656250000000e+02
5.679326171875000e+02	9.849843750000000e+02
5.685385742187500e+02	9.803984375000000e+02
5.682070312500000e+02	9.829101562500000e+02
5.681396484375000e+02	9.829140625000000e+02
5.686679687500000e+02	9.782656250000000e+02
5.686552734375000e+02	9.778554687500000e+02
5.680224609375000e+02	9.819960937500000e+02
5.683022460937500e+02	9.792304687500000e+02
5.686782226562500e+02	9.758828125000000e+02
5.684404296875000e+02	9.772382812500000e+02
5.681625976562500e+02	9.786328125000000e+02
5.683833007812500e+02	9.761875000000000e+02
5.683706054687500e+02	9.759062500000000e+02
5.678002929687500e+02	9.802187500000000e+02
5.677343750000000e+02	9.807187500000000e+02
5.682133789062500e+02	9.770937500000000e+02
5.681508789062500e+02	9.773554687500000e+02
5.676479492187500e+02	9.805351562500000e+02
5.680224609375000e+02	9.773828125000000e+02
5.686567382812500e+02	9.725820312500000e+02
5.682055664062500e+02	9.759960937500000e+02
5.678906250000000e+02	9.776250000000000e+02
5.682167968750000e+02	9.747617187500000e+02
5.678559570312500e+02	9.774921875000000e+02
5.673784179687500e+02	9.811054687500000e+02
5.678369140625000e+02	9.776328125000000e+02
5.683095703125000e+02	9.740585937500000e+02
5.678271484375000e+02	9.777070312500000e+02
5.679194335937500e+02	9.770117187500000e+02
5.683696289062500e+02	9.736054687500000e+02
5.682373046875000e+02	9.746054687500000e+02
5.677519531250000e+02	9.782773437500000e+02
5.679287109375000e+02	9.761445312500000e+02
5.682514648437500e+02	9.733476562500000e+02
5.678242187500000e+02	9.765781250000000e+02
5.678588867187500e+02	9.763164062500000e+02
5.683212890625000e+02	9.728164062500000e+02
5.684213867187500e+02	9.720585937500000e+02
5.679604492187500e+02	9.750429687500000e+02
5.682944335937500e+02	9.718671875000000e+02
5.684038085937500e+02	9.710390625000000e+02
5.680351562500000e+02	9.733867187500000e+02
5.677431640625000e+02	9.748867187500000e+02
5.682221679687500e+02	9.712617187500000e+02
5.681816406250000e+02	9.715703125000000e+02
5.678081054687500e+02	9.743945312500000e+02
5.680859375000000e+02	9.722929687500000e+02
5.683872070312500e+02	9.697851562500000e+02
5.681787109375000e+02	9.704375000000000e+02
5.679272460937500e+02	9.723437500000000e+02
5.683071289062500e+02	9.694687500000000e+02
5.685156250000000e+02	9.668203125000000e+02
5.678979492187500e+02	9.714062500000000e+02
5.679907226562500e+02	9.707070312500000e+02
5.683237304687500e+02	9.680390625000000e+02
5.681040039062500e+02	9.686953125000000e+02
5.678559570312500e+02	9.705742187500000e+02
5.682675781250000e+02	9.674570312500000e+02
5.684799804687500e+02	9.657695312500000e+02
5.678129882812500e+02	9.697460937500000e+02
5.679326171875000e+02	9.688398437500000e+02
5.686323242187500e+02	9.635468750000000e+02
5.681562500000000e+02	9.669179687500000e+02
5.679145507812500e+02	9.678242187500000e+02
5.683237304687500e+02	9.647304687500000e+02
5.684506835937500e+02	9.636875000000000e+02
5.677861328125000e+02	9.676445312500000e+02
5.679628906250000e+02	9.663046875000000e+02
5.684204101562500e+02	9.628437500000000e+02
5.681762695312500e+02	9.646914062500000e+02
5.678955078125000e+02	9.663554687500000e+02
5.680644531250000e+02	9.643867187500000e+02
5.681240234375000e+02	9.639335937500000e+02
5.677290039062500e+02	9.669257812500000e+02
5.676489257812500e+02	9.675312500000000e+02
5.680493164062500e+02	9.645000000000000e+02
5.679003906250000e+02	9.656289062500000e+02
5.674243164062500e+02	9.692734375000000e+02
5.679438476562500e+02	9.659882812500000e+02
5.683364257812500e+02	9.630000000000000e+02
5.679931640625000e+02	9.649257812500000e+02
5.678525390625000e+02	9.659882812500000e+02
5.682739257812500e+02	9.628007812500000e+02
5.684052734375000e+02	9.618085937500000e+02
5.678090820312500e+02	9.659375000000000e+02
5.680351562500000e+02	9.634492187500000e+02
5.684633789062500e+02	9.602109375000000e+02
5.679707031250000e+02	9.639375000000000e+02
5.678969726562500e+02	9.644960937500000e+02
5.683696289062500e+02	9.600625000000000e+02
5.682744140625000e+02	9.604882812500000e+02
5.679360351562500e+02	9.630468750000000e+02
5.682714843750000e+02	9.605117187500000e+02
5.686909179687500e+02	9.562265625000000e+02
5.681269531250000e+02	9.604531250000000e+02
5.679565429687500e+02	9.610078125000000e+02
5.682983398437500e+02	9.580039062500000e+02
5.682221679687500e+02	9.585781250000000e+02
5.678081054687500e+02	9.617109375000000e+02
5.680581054687500e+02	9.598203125000000e+02
5.682587890625000e+02	9.571914062500000e+02
5.679121093750000e+02	9.597734375000000e+02
5.680151367187500e+02	9.589921875000000e+02
5.685449218750000e+02	9.549843750000000e+02
5.683554687500000e+02	9.554140625000000e+02
5.678842773437500e+02	9.588320312500000e+02
5.679335937500000e+02	9.584570312500000e+02
5.682221679687500e+02	9.562734375000000e+02
5.680541992187500e+02	9.575468750000000e+02
5.677963867187500e+02	9.588437500000000e+02
5.680795898437500e+02	9.561953125000000e+02
5.681333007812500e+02	9.557890625000000e+02
5.678344726562500e+02	9.580507812500000e+02
5.676108398437500e+02	9.597421875000000e+02
5.681240234375000e+02	9.558593750000000e+02
5.679921875000000e+02	9.568593750000000e+02
5.676899414062500e+02	9.591445312500000e+02
5.681801757812500e+02	9.554375000000000e+02
5.683935546875000e+02	9.538203125000000e+02
5.677036132812500e+02	9.590429687500000e+02
5.676757812500000e+02	9.592539062500000e+02
5.680278320312500e+02	9.565898437500000e+02
5.676591796875000e+02	9.593789062500000e+02
5.674101562500000e+02	9.612617187500000e+02
5.677670898437500e+02	9.585625000000000e+02
5.680405273437500e+02	9.570195312500000e+02
5.675400390625000e+02	9.614375000000000e+02
5.678281250000000e+02	9.592578125000000e+02
5.681303710937500e+02	9.569687500000000e+02
5.679692382812500e+02	9.581875000000000e+02
5.676044921875000e+02	9.609492187500000e+02
5.680239257812500e+02	9.577734375000000e+02
5.681572265625000e+02	9.567656250000000e+02
5.675878906250000e+02	9.610742187500000e+02
5.676645507812500e+02	9.604921875000000e+02
5.681054687500000e+02	9.571562500000000e+02
5.679907226562500e+02	9.580273437500000e+02
5.677622070312500e+02	9.597539062500000e+02
5.680405273437500e+02	9.576484375000000e+02
5.684497070312500e+02	9.545117187500000e+02
5.680825195312500e+02	9.561757812500000e+02
5.680668945312500e+02	9.562929687500000e+02
5.686806640625000e+02	9.515234375000000e+02
5.685512695312500e+02	9.514765625000000e+02
5.680136718750000e+02	9.551640625000000e+02
5.682143554687500e+02	9.528710937500000e+02
5.685537109375000e+02	9.503046875000000e+02
5.681333007812500e+02	9.530039062500000e+02
5.676196289062500e+02	9.562187500000000e+02
5.681738281250000e+02	9.520273437500000e+02
5.681865234375000e+02	9.519296875000000e+02
5.679501953125000e+02	9.537187500000000e+02
5.682436523437500e+02	9.514804687500000e+02
5.686782226562500e+02	9.470585937500000e+02
5.683188476562500e+02	9.496953125000000e+02
5.681689453125000e+02	9.497578125000000e+02
5.684799804687500e+02	9.474062500000000e+02
5.682539062500000e+02	9.480664062500000e+02
5.675791015625000e+02	9.530664062500000e+02
5.678588867187500e+02	9.509492187500000e+02
5.681889648437500e+02	9.484531250000000e+02
5.677534179687500e+02	9.517460937500000e+02
5.676005859375000e+02	9.529023437500000e+02
5.681840820312500e+02	9.484882812500000e+02
5.682968750000000e+02	9.476367187500000e+02
5.679033203125000e+02	9.506132812500000e+02
5.682500000000000e+02	9.479687500000000e+02
5.685141601562500e+02	9.448398437500000e+02
5.680605468750000e+02	9.482695312500000e+02
5.678359375000000e+02	9.499687500000000e+02
5.679550781250000e+02	9.484609375000000e+02
5.678725585937500e+02	9.491679687500000e+02
5.675234375000000e+02	9.523359375000000e+02
5.674887695312500e+02	9.525976562500000e+02
5.681977539062500e+02	9.472343750000000e+02
5.679907226562500e+02	9.488007812500000e+02
5.677226562500000e+02	9.508281250000000e+02
5.683403320312500e+02	9.461523437500000e+02
5.688867187500000e+02	9.418085937500000e+02
5.682880859375000e+02	9.453984375000000e+02
5.682485351562500e+02	9.449843750000000e+02
5.687011718750000e+02	9.411171875000000e+02
5.683188476562500e+02	9.430078125000000e+02
5.676733398437500e+02	9.477421875000000e+02
5.682309570312500e+02	9.435234375000000e+02
5.686220703125000e+02	9.402539062500000e+02
5.681381835937500e+02	9.430742187500000e+02
5.682231445312500e+02	9.424296875000000e+02
5.688813476562500e+02	9.363554687500000e+02
5.685957031250000e+02	9.380390625000000e+02
5.680517578125000e+02	9.414179687500000e+02
5.684570312500000e+02	9.375781250000000e+02
5.683925781250000e+02	9.376875000000000e+02
5.677153320312500e+02	9.428125000000000e+02
5.677646484375000e+02	9.424375000000000e+02
5.680668945312500e+02	9.401523437500000e+02
5.678818359375000e+02	9.415507812500000e+02
5.674951171875000e+02	9.444804687500000e+02
5.678271484375000e+02	9.419648437500000e+02
5.680224609375000e+02	9.404882812500000e+02
5.677519531250000e+02	9.425351562500000e+02
5.677124023437500e+02	9.428359375000000e+02
5.681572265625000e+02	9.394687500000000e+02
5.681469726562500e+02	9.395468750000000e+02
5.678115234375000e+02	9.420859375000000e+02
5.678359375000000e+02	9.418984375000000e+02
5.678701171875000e+02	9.416406250000000e+02
5.677202148437500e+02	9.427773437500000e+02
5.675297851562500e+02	9.442148437500000e+02
5.679843750000000e+02	9.407773437500000e+02
5.681342773437500e+02	9.396406250000000e+02
5.678740234375000e+02	9.416132812500000e+02
5.680151367187500e+02	9.405429687500000e+02
5.686005859375000e+02	9.361132812500000e+02
5.683110351562500e+02	9.379687500000000e+02
5.679614257812500e+02	9.397968750000000e+02
5.685712890625000e+02	9.351835937500000e+02
5.684521484375000e+02	9.349765625000000e+02
5.678701171875000e+02	9.393359375000000e+02
5.681103515625000e+02	9.375195312500000e+02
5.685107421875000e+02	9.334414062500000e+02
5.682016601562500e+02	9.356757812500000e+02
5.679921875000000e+02	9.372617187500000e+02
5.684594726562500e+02	9.328242187500000e+02
5.683730468750000e+02	9.332226562500000e+02
5.679262695312500e+02	9.363515625000000e+02
5.681152343750000e+02	9.340195312500000e+02
5.683300781250000e+02	9.323945312500000e+02
5.680063476562500e+02	9.348437500000000e+02
5.679335937500000e+02	9.353945312500000e+02
5.680214843750000e+02	9.341640625000000e+02
5.680161132812500e+02	9.336171875000000e+02
5.676479492187500e+02	9.368476562500000e+02
5.677265625000000e+02	9.367500000000000e+02
5.681762695312500e+02	9.334335937500000e+02
5.680034179687500e+02	9.345312500000000e+02
5.676591796875000e+02	9.368242187500000e+02
5.680620117187500e+02	9.335000000000000e+02
5.683730468750000e+02	9.309179687500000e+02
5.679042968750000e+02	9.344648437500000e+02
5.679716796875000e+02	9.339531250000000e+02
5.684609375000000e+02	9.302539062500000e+02
5.680761718750000e+02	9.324531250000000e+02
5.676503906250000e+02	9.352343750000000e+02
5.679541015625000e+02	9.329335937500000e+02
5.683198242187500e+02	9.301679687500000e+02
5.678803710937500e+02	9.334921875000000e+02
5.678789062500000e+02	9.335039062500000e+02
5.684506835937500e+02	9.291796875000000e+02
5.683125000000000e+02	9.297187500000000e+02
5.680175781250000e+02	9.313046875000000e+02
5.684838867187500e+02	9.277734375000000e+02
5.684252929687500e+02	9.271718750000000e+02
5.681040039062500e+02	9.294960937500000e+02
5.679985351562500e+02	9.302929687500000e+02
5.683593750000000e+02	9.264921875000000e+02
5.680009765625000e+02	9.291210937500000e+02
5.674370117187500e+02	9.333867187500000e+02
5.677812500000000e+02	9.307812500000000e+02
5.678867187500000e+02	9.299843750000000e+02
5.674472656250000e+02	9.341289062500000e+02
5.671064453125000e+02	9.370429687500000e+02
5.677480468750000e+02	9.325039062500000e+02
5.678916015625000e+02	9.322578125000000e+02
5.675893554687500e+02	9.345429687500000e+02
5.677875976562500e+02	9.330429687500000e+02
5.680151367187500e+02	9.313203125000000e+02
5.678193359375000e+02	9.328046875000000e+02
5.675473632812500e+02	9.348593750000000e+02
5.681064453125000e+02	9.306289062500000e+02
5.682778320312500e+02	9.293320312500000e+02
5.679931640625000e+02	9.314882812500000e+02
5.681650390625000e+02	9.301875000000000e+02
5.686186523437500e+02	9.265039062500000e+02
5.683681640625000e+02	9.274960937500000e+02
5.680136718750000e+02	9.297812500000000e+02
5.685678710937500e+02	9.248320312500000e+02
5.688090820312500e+02	9.227734375000000e+02
5.682524414062500e+02	9.260664062500000e+02
5.684189453125000e+02	9.240937500000000e+02
5.688383789062500e+02	9.203984375000000e+02
5.682055664062500e+02	9.241132812500000e+02
5.681040039062500e+02	9.248828125000000e+02
5.685649414062500e+02	9.204101562500000e+02
5.685600585937500e+02	9.202617187500000e+02
5.679794921875000e+02	9.235195312500000e+02
5.679731445312500e+02	9.235703125000000e+02
5.682768554687500e+02	9.212695312500000e+02
5.679057617187500e+02	9.240781250000000e+02
5.678115234375000e+02	9.247929687500000e+02
5.679731445312500e+02	9.228554687500000e+02
5.681127929687500e+02	9.213554687500000e+02
5.675590820312500e+02	9.261562500000000e+02
5.675434570312500e+02	9.268203125000000e+02
5.680922851562500e+02	9.226679687500000e+02
5.678295898437500e+02	9.246562500000000e+02
5.673515625000000e+02	9.282734375000000e+02
5.675092773437500e+02	9.270781250000000e+02
5.678369140625000e+02	9.253515625000000e+02
5.673632812500000e+02	9.293359375000000e+02
5.672846679687500e+02	9.300976562500000e+02
5.678701171875000e+02	9.266523437500000e+02
5.679360351562500e+02	9.261523437500000e+02
5.675942382812500e+02	9.287421875000000e+02
5.679970703125000e+02	9.256914062500000e+02
5.684404296875000e+02	9.223359375000000e+02
5.680493164062500e+02	9.252968750000000e+02
5.680722656250000e+02	9.246445312500000e+02
5.685561523437500e+02	9.203085937500000e+02
5.683159179687500e+02	9.221289062500000e+02
5.676679687500000e+02	9.264453125000000e+02
5.681240234375000e+02	9.224257812500000e+02
5.684077148437500e+02	9.202812500000000e+02
5.679414062500000e+02	9.238085937500000e+02
5.679501953125000e+02	9.237421875000000e+02
5.684560546875000e+02	9.191367187500000e+02
5.685102539062500e+02	9.183476562500000e+02
5.680747070312500e+02	9.214765625000000e+02
5.684902343750000e+02	9.173476562500000e+02
5.687368164062500e+02	9.152695312500000e+02
5.681494140625000e+02	9.187734375000000e+02
5.679868164062500e+02	9.200039062500000e+02
5.683022460937500e+02	9.166523437500000e+02
5.678559570312500e+02	9.198437500000000e+02
5.673696289062500e+02	9.235234375000000e+02
5.673515625000000e+02	9.241835937500000e+02
5.676997070312500e+02	9.221757812500000e+02
5.676542968750000e+02	9.225195312500000e+02
5.674799804687500e+02	9.249726562500000e+02
5.677709960937500e+02	9.227890625000000e+02
5.677724609375000e+02	9.227773437500000e+02
5.673681640625000e+02	9.259843750000000e+02
5.673608398437500e+02	9.270468750000000e+02
5.679462890625000e+02	9.226171875000000e+02
5.677568359375000e+02	9.240507812500000e+02
5.673706054687500e+02	9.280039062500000e+02
5.676606445312500e+02	9.259335937500000e+02
5.680175781250000e+02	9.232343750000000e+02
5.677099609375000e+02	9.255585937500000e+02
5.679946289062500e+02	9.234062500000000e+02
5.686679687500000e+02	9.183125000000000e+02
5.682143554687500e+02	9.214882812500000e+02
5.678115234375000e+02	9.236367187500000e+02
5.685664062500000e+02	9.179218750000000e+02
5.686782226562500e+02	9.166992187500000e+02
5.681113281250000e+02	9.202148437500000e+02
5.682285156250000e+02	9.187617187500000e+02
5.686337890625000e+02	9.151093750000000e+02
5.682182617187500e+02	9.180039062500000e+02
5.677724609375000e+02	9.204726562500000e+02
5.680698242187500e+02	9.182226562500000e+02
5.682460937500000e+02	9.168906250000000e+02
5.680009765625000e+02	9.187460937500000e+02
5.681977539062500e+02	9.169218750000000e+02
5.683442382812500e+02	9.149960937500000e+02
5.680722656250000e+02	9.170546875000000e+02
5.677773437500000e+02	9.192851562500000e+02
5.677241210937500e+02	9.196875000000000e+02
5.681469726562500e+02	9.164882812500000e+02
5.677416992187500e+02	9.195546875000000e+02
5.672460937500000e+02	9.233046875000000e+02
5.674213867187500e+02	9.221640625000000e+02
5.675498046875000e+02	9.221601562500000e+02
5.673950195312500e+02	9.234335937500000e+02
5.679707031250000e+02	9.201250000000000e+02
5.684204101562500e+02	9.167226562500000e+02
5.680961914062500e+02	9.182968750000000e+02
5.676489257812500e+02	9.214101562500000e+02
5.681342773437500e+02	9.177343750000000e+02
5.681000976562500e+02	9.179960937500000e+02
5.675893554687500e+02	9.218593750000000e+02
5.678398437500000e+02	9.199648437500000e+02
5.684243164062500e+02	9.155429687500000e+02
5.679843750000000e+02	9.188710937500000e+02
5.676323242187500e+02	9.215351562500000e+02
5.683134765625000e+02	9.163789062500000e+02
5.684355468750000e+02	9.145781250000000e+02
5.678955078125000e+02	9.183906250000000e+02
5.682841796875000e+02	9.154492187500000e+02
5.685805664062500e+02	9.123046875000000e+02
5.679882812500000e+02	9.165351562500000e+02
5.679541015625000e+02	9.167929687500000e+02
5.682919921875000e+02	9.135859375000000e+02
5.681660156250000e+02	9.140351562500000e+02
5.677773437500000e+02	9.169765625000000e+02
5.677836914062500e+02	9.169296875000000e+02
5.680024414062500e+02	9.152734375000000e+02
5.677241210937500e+02	9.173789062500000e+02
5.676352539062500e+02	9.180507812500000e+02
5.681079101562500e+02	9.144765625000000e+02
5.684433593750000e+02	9.119375000000000e+02
5.681469726562500e+02	9.141796875000000e+02
5.680668945312500e+02	9.146367187500000e+02
5.684228515625000e+02	9.109414062500000e+02
5.680859375000000e+02	9.134882812500000e+02
5.677290039062500e+02	9.161914062500000e+02
5.678764648437500e+02	9.150742187500000e+02
5.682231445312500e+02	9.124492187500000e+02
5.677441406250000e+02	9.160742187500000e+02
5.678154296875000e+02	9.155351562500000e+02
5.684418945312500e+02	9.106914062500000e+02
5.681928710937500e+02	9.115273437500000e+02
5.680224609375000e+02	9.128164062500000e+02
5.684799804687500e+02	9.092929687500000e+02
5.684965820312500e+02	9.080781250000000e+02
5.678891601562500e+02	9.126718750000000e+02
5.678828125000000e+02	9.127226562500000e+02
5.683554687500000e+02	9.082031250000000e+02
5.680175781250000e+02	9.105507812500000e+02
5.676337890625000e+02	9.134531250000000e+02
5.680620117187500e+02	9.102109375000000e+02
5.680874023437500e+02	9.100195312500000e+02
5.676123046875000e+02	9.136171875000000e+02
5.678447265625000e+02	9.118554687500000e+02
5.683608398437500e+02	9.079531250000000e+02
5.681459960937500e+02	9.095781250000000e+02
5.679121093750000e+02	9.113476562500000e+02
5.684023437500000e+02	9.067773437500000e+02
5.683730468750000e+02	9.067070312500000e+02
5.679438476562500e+02	9.099531250000000e+02
5.676899414062500e+02	9.116445312500000e+02
5.680190429687500e+02	9.089453125000000e+02
5.679160156250000e+02	9.101445312500000e+02
5.674990234375000e+02	9.133203125000000e+02
5.676313476562500e+02	9.123203125000000e+02
5.680122070312500e+02	9.094375000000000e+02
5.678662109375000e+02	9.105429687500000e+02
5.677495117187500e+02	9.114257812500000e+02
5.679462890625000e+02	9.099375000000000e+02
5.681738281250000e+02	9.082148437500000e+02
5.678344726562500e+02	9.107812500000000e+02
5.679389648437500e+02	9.099921875000000e+02
5.683530273437500e+02	9.068593750000000e+02
5.679501953125000e+02	9.099062500000000e+02
5.675781250000000e+02	9.127226562500000e+02
5.680239257812500e+02	9.093476562500000e+02
5.679321289062500e+02	9.100429687500000e+02
5.673061523437500e+02	9.147812500000000e+02
5.677988281250000e+02	9.110507812500000e+02
5.683530273437500e+02	9.068593750000000e+02
5.680605468750000e+02	9.090703125000000e+02
5.679008789062500e+02	9.102812500000000e+02
5.686542968750000e+02	9.040117187500000e+02
5.685117187500000e+02	9.045000000000000e+02
5.680810546875000e+02	9.074492187500000e+02
5.682324218750000e+02	9.054609375000000e+02
5.684418945312500e+02	9.038789062500000e+02
5.681459960937500e+02	9.055507812500000e+02
5.679375000000000e+02	9.065429687500000e+02
5.683276367187500e+02	9.035898437500000e+02
5.683706054687500e+02	9.030781250000000e+02
5.679389648437500e+02	9.053789062500000e+02
5.680571289062500e+02	9.044843750000000e+02
5.682451171875000e+02	9.030625000000000e+02
5.680200195312500e+02	9.047656250000000e+02
5.676567382812500e+02	9.073867187500000e+02
5.680659179687500e+02	9.038320312500000e+02
5.682514648437500e+02	9.018632812500000e+02
5.678891601562500e+02	9.046015625000000e+02
5.677763671875000e+02	9.054570312500000e+02
5.679985351562500e+02	9.037734375000000e+02
5.679067382812500e+02	9.044687500000000e+02
5.674570312500000e+02	9.078710937500000e+02
5.677241210937500e+02	9.061640625000000e+02
5.681333007812500e+02	9.039062500000000e+02
5.676640625000000e+02	9.074570312500000e+02
5.677202148437500e+02	9.070351562500000e+02
5.682871093750000e+02	9.027421875000000e+02
5.682578125000000e+02	9.028398437500000e+02
5.678305664062500e+02	9.050468750000000e+02
5.682436523437500e+02	9.019218750000000e+02
5.684990234375000e+02	8.999882812500000e+02
5.679477539062500e+02	9.037187500000000e+02
5.679375000000000e+02	9.030859375000000e+02
5.683251953125000e+02	9.001523437500000e+02
5.680668945312500e+02	9.021054687500000e+02
5.677456054687500e+02	9.045351562500000e+02
5.681342773437500e+02	9.015937500000000e+02
5.682031250000000e+02	9.001054687500000e+02
5.677822265625000e+02	9.031015625000000e+02
5.675805664062500e+02	9.046289062500000e+02
5.680224609375000e+02	9.017070312500000e+02
5.679550781250000e+02	9.026992187500000e+02
5.676630859375000e+02	9.051601562500000e+02
5.678232421875000e+02	9.039492187500000e+02
5.680048828125000e+02	9.025742187500000e+02
5.677495117187500e+02	9.045078125000000e+02
5.676582031250000e+02	9.051992187500000e+02
5.681152343750000e+02	9.017382812500000e+02
5.681357421875000e+02	9.015859375000000e+02
5.677724609375000e+02	9.043320312500000e+02
5.678613281250000e+02	9.036601562500000e+02
5.682548828125000e+02	9.006835937500000e+02
5.679350585937500e+02	9.027851562500000e+02
5.674697265625000e+02	9.059531250000000e+02
5.680151367187500e+02	9.021171875000000e+02
5.680698242187500e+02	9.020820312500000e+02
5.675615234375000e+02	9.059296875000000e+02
5.676552734375000e+02	9.052187500000000e+02
5.682358398437500e+02	9.008281250000000e+02
5.679057617187500e+02	9.033242187500000e+02
5.676416015625000e+02	9.053242187500000e+02
5.682055664062500e+02	9.010546875000000e+02
5.682094726562500e+02	9.010273437500000e+02
5.676259765625000e+02	9.054414062500000e+02
5.677534179687500e+02	9.044765625000000e+02
5.682270507812500e+02	9.008945312500000e+02
5.677978515625000e+02	9.041406250000000e+02
5.677607421875000e+02	9.044218750000000e+02
5.681293945312500e+02	9.010664062500000e+02
5.681865234375000e+02	9.000429687500000e+02
5.678193359375000e+02	9.028242187500000e+02
5.677407226562500e+02	9.034179687500000e+02
5.680190429687500e+02	9.013125000000000e+02
5.679541015625000e+02	9.018007812500000e+02
5.676542968750000e+02	9.040703125000000e+02
5.677954101562500e+02	9.030039062500000e+02
5.681625976562500e+02	9.002265625000000e+02
5.678588867187500e+02	9.025234375000000e+02
5.678017578125000e+02	9.029570312500000e+02
5.682373046875000e+02	8.996601562500000e+02
5.680874023437500e+02	9.007929687500000e+02
5.676162109375000e+02	9.043593750000000e+02
5.677978515625000e+02	9.029843750000000e+02
5.679995117187500e+02	9.014609375000000e+02
5.675449218750000e+02	9.048984375000000e+02
5.673505859375000e+02	9.070625000000000e+02
5.679960937500000e+02	9.026406250000000e+02
5.678232421875000e+02	9.039492187500000e+02
5.674443359375000e+02	9.068164062500000e+02
5.680190429687500e+02	9.024687500000000e+02
5.684213867187500e+02	8.994218750000000e+02
5.680253906250000e+02	9.024179687500000e+02
5.680405273437500e+02	9.023046875000000e+02
5.685004882812500e+02	8.979609375000000e+02
5.683491210937500e+02	8.988125000000000e+02
5.678916015625000e+02	9.022773437500000e+02
5.681801757812500e+02	8.992968750000000e+02
5.683730468750000e+02	8.974804687500000e+02
5.678271484375000e+02	9.016093750000000e+02
5.680341796875000e+02	9.000429687500000e+02
5.684238281250000e+02	8.969101562500000e+02
5.681469726562500e+02	8.980390625000000e+02
5.678398437500000e+02	9.003632812500000e+02
5.680922851562500e+02	8.984531250000000e+02
5.683095703125000e+02	8.968085937500000e+02
5.678789062500000e+02	8.997109375000000e+02
5.675654296875000e+02	9.015351562500000e+02
5.677812500000000e+02	9.002617187500000e+02
5.678828125000000e+02	9.000390625000000e+02
5.675576171875000e+02	9.024960937500000e+02
5.675029296875000e+02	9.029101562500000e+02
5.678779296875000e+02	9.000742187500000e+02
5.678916015625000e+02	9.009375000000000e+02
5.676391601562500e+02	9.030351562500000e+02
5.680556640625000e+02	8.998828125000000e+02
5.682451171875000e+02	8.984492187500000e+02
5.677226562500000e+02	9.020234375000000e+02
5.676274414062500e+02	9.025976562500000e+02
5.681142578125000e+02	8.993125000000000e+02
5.678178710937500e+02	9.016796875000000e+02
5.676376953125000e+02	9.030429687500000e+02
5.680913085937500e+02	8.996132812500000e+02
5.684355468750000e+02	8.969257812500000e+02
5.678242187500000e+02	9.004804687500000e+02
5.681523437500000e+02	8.980000000000000e+02
5.687290039062500e+02	8.936367187500000e+02
5.683071289062500e+02	8.958437500000000e+02
5.681547851562500e+02	8.968281250000000e+02
5.685346679687500e+02	8.931562500000000e+02
5.684038085937500e+02	8.937890625000000e+02
5.678740234375000e+02	8.974218750000000e+02
5.677861328125000e+02	8.973125000000000e+02
5.681406250000000e+02	8.946289062500000e+02
5.678662109375000e+02	8.967070312500000e+02
5.677138671875000e+02	8.978593750000000e+02
5.680087890625000e+02	8.956289062500000e+02
5.682641601562500e+02	8.936953125000000e+02
5.679707031250000e+02	8.959140625000000e+02
5.679399414062500e+02	8.961484375000000e+02
5.683046875000000e+02	8.933867187500000e+02
5.680532226562500e+02	8.947226562500000e+02
5.673925781250000e+02	8.991953125000000e+02
5.676147460937500e+02	8.986093750000000e+02
5.677734375000000e+02	8.974062500000000e+02
5.672968750000000e+02	9.010156250000000e+02
5.674687500000000e+02	9.008046875000000e+02
5.678066406250000e+02	8.983085937500000e+02
5.678676757812500e+02	8.978476562500000e+02
5.676616210937500e+02	8.994062500000000e+02
5.680200195312500e+02	8.966953125000000e+02
5.684189453125000e+02	8.936757812500000e+02
5.680454101562500e+02	8.965039062500000e+02
5.678916015625000e+02	8.976679687500000e+02
5.682143554687500e+02	8.952226562500000e+02
5.680976562500000e+02	8.954570312500000e+02
5.675703125000000e+02	8.991132812500000e+02
5.678178710937500e+02	8.973007812500000e+02
5.683085937500000e+02	8.937148437500000e+02
5.678891601562500e+02	8.965312500000000e+02
5.678510742187500e+02	8.968203125000000e+02
5.686044921875000e+02	8.911210937500000e+02
5.686030273437500e+02	8.909218750000000e+02
5.682094726562500e+02	8.929531250000000e+02
5.684877929687500e+02	8.902382812500000e+02
5.686948242187500e+02	8.881289062500000e+02
5.680913085937500e+02	8.921289062500000e+02
5.678422851562500e+02	8.934257812500000e+02
5.682651367187500e+02	8.902265625000000e+02
5.681279296875000e+02	8.912656250000000e+02
5.677646484375000e+02	8.938632812500000e+02
5.677822265625000e+02	8.933750000000000e+02
5.682182617187500e+02	8.895117187500000e+02
5.679833984375000e+02	8.912070312500000e+02
5.676655273437500e+02	8.936093750000000e+02
5.681611328125000e+02	8.898593750000000e+02
5.682578125000000e+02	8.891289062500000e+02
5.676923828125000e+02	8.934062500000000e+02
5.677138671875000e+02	8.932460937500000e+02
5.680888671875000e+02	8.904062500000000e+02
5.678041992187500e+02	8.925625000000000e+02
5.672856445312500e+02	8.964843750000000e+02
5.677734375000000e+02	8.932343750000000e+02
5.681533203125000e+02	8.910742187500000e+02
5.676083984375000e+02	8.951953125000000e+02
5.677812500000000e+02	8.938867187500000e+02
5.682832031250000e+02	8.900898437500000e+02
5.679565429687500e+02	8.925625000000000e+02
5.676035156250000e+02	8.952343750000000e+02
5.681025390625000e+02	8.914570312500000e+02
5.684355468750000e+02	8.887500000000000e+02
5.678208007812500e+02	8.924375000000000e+02
5.679589843750000e+02	8.913906250000000e+02
5.684721679687500e+02	8.875078125000000e+02
5.681303710937500e+02	8.900937500000000e+02
5.678217773437500e+02	8.918867187500000e+02
5.681230468750000e+02	8.889960937500000e+02
5.682651367187500e+02	8.879218750000000e+02
5.678525390625000e+02	8.910429687500000e+02
5.679970703125000e+02	8.899492187500000e+02
5.682602539062500e+02	8.879570312500000e+02
5.682221679687500e+02	8.875546875000000e+02
5.680405273437500e+02	8.884687500000000e+02
5.681967773437500e+02	8.872851562500000e+02
5.683476562500000e+02	8.859570312500000e+02
5.679819335937500e+02	8.877578125000000e+02
5.676655273437500e+02	8.901484375000000e+02
5.678598632812500e+02	8.886796875000000e+02
5.679360351562500e+02	8.881015625000000e+02
5.674799804687500e+02	8.915976562500000e+02
5.677036132812500e+02	8.910195312500000e+02
5.682373046875000e+02	8.869804687500000e+02
5.678916015625000e+02	8.895976562500000e+02
5.675751953125000e+02	8.919882812500000e+02
5.681889648437500e+02	8.873476562500000e+02
5.681596679687500e+02	8.875468750000000e+02
5.676796875000000e+02	8.905898437500000e+02
5.679516601562500e+02	8.881718750000000e+02
5.681850585937500e+02	8.862187500000000e+02
5.676669921875000e+02	8.901406250000000e+02
5.674409179687500e+02	8.921250000000000e+02
5.682744140625000e+02	8.866992187500000e+02
5.680913085937500e+02	8.879375000000000e+02
5.675625000000000e+02	8.915585937500000e+02
5.678369140625000e+02	8.898203125000000e+02
5.681840820312500e+02	8.873828125000000e+02
5.677939453125000e+02	8.903359375000000e+02
5.677788085937500e+02	8.904492187500000e+02
5.680595703125000e+02	8.877773437500000e+02
5.679833984375000e+02	8.881445312500000e+02
5.676225585937500e+02	8.914648437500000e+02
5.676655273437500e+02	8.913046875000000e+02
5.681660156250000e+02	8.875195312500000e+02
5.680288085937500e+02	8.885585937500000e+02
5.678178710937500e+02	8.901523437500000e+02
5.680278320312500e+02	8.877656250000000e+02
5.684340820312500e+02	8.843359375000000e+02
5.678930664062500e+02	8.884296875000000e+02
5.677163085937500e+02	8.897656250000000e+02
5.681279296875000e+02	8.866523437500000e+02
5.680263671875000e+02	8.874218750000000e+02
5.676450195312500e+02	8.903046875000000e+02
5.677709960937500e+02	8.893515625000000e+02
5.681523437500000e+02	8.864687500000000e+02
5.677036132812500e+02	8.898632812500000e+02
5.675258789062500e+02	8.912070312500000e+02
5.682832031250000e+02	8.854765625000000e+02
5.682133789062500e+02	8.860039062500000e+02
5.678383789062500e+02	8.888437500000000e+02
5.682119140625000e+02	8.860156250000000e+02
5.684086914062500e+02	8.835429687500000e+02
5.679272460937500e+02	8.870195312500000e+02
5.679121093750000e+02	8.871328125000000e+02
5.684140625000000e+02	8.833359375000000e+02
5.682880859375000e+02	8.838281250000000e+02
5.677519531250000e+02	8.871914062500000e+02
5.680874023437500e+02	8.846523437500000e+02
5.682421875000000e+02	8.834804687500000e+02
5.678344726562500e+02	8.865664062500000e+02
5.679042968750000e+02	8.860390625000000e+02
5.681689453125000e+02	8.840351562500000e+02
5.679565429687500e+02	8.849726562500000e+02
5.677153320312500e+02	8.866289062500000e+02
5.679169921875000e+02	8.847890625000000e+02
5.679755859375000e+02	8.843476562500000e+02
5.678764648437500e+02	8.854531250000000e+02
5.677280273437500e+02	8.866171875000000e+02
5.678740234375000e+02	8.854960937500000e+02
5.680415039062500e+02	8.847500000000000e+02
5.676123046875000e+02	8.882500000000000e+02
5.677368164062500e+02	8.873046875000000e+02
5.682094726562500e+02	8.837304687500000e+02
5.678525390625000e+02	8.864296875000000e+02
5.674101562500000e+02	8.897773437500000e+02
5.680493164062500e+02	8.849414062500000e+02
5.681738281250000e+02	8.840000000000000e+02
5.676933593750000e+02	8.876367187500000e+02
5.676987304687500e+02	8.875937500000000e+02
5.682333984375000e+02	8.835507812500000e+02
5.679819335937500e+02	8.854531250000000e+02
5.676972656250000e+02	8.876054687500000e+02
5.682055664062500e+02	8.837578125000000e+02
5.682133789062500e+02	8.836171875000000e+02
5.677480468750000e+02	8.864687500000000e+02
5.681049804687500e+02	8.833671875000000e+02
5.684497070312500e+02	8.807617187500000e+02
5.681279296875000e+02	8.831953125000000e+02
5.680913085937500e+02	8.829687500000000e+02
5.683452148437500e+02	8.803984375000000e+02
5.683769531250000e+02	8.801562500000000e+02
5.679326171875000e+02	8.831015625000000e+02
5.680683593750000e+02	8.813398437500000e+02
5.685395507812500e+02	8.777734375000000e+02
5.682055664062500e+02	8.800898437500000e+02
5.678320312500000e+02	8.819726562500000e+02
5.681562500000000e+02	8.795195312500000e+02
5.682080078125000e+02	8.791289062500000e+02
5.677343750000000e+02	8.827109375000000e+02
5.678979492187500e+02	8.814726562500000e+02
5.683515625000000e+02	8.780429687500000e+02
5.680913085937500e+02	8.794687500000000e+02
5.675234375000000e+02	8.831562500000000e+02
5.679399414062500e+02	8.800039062500000e+02
5.681992187500000e+02	8.780429687500000e+02
5.676606445312500e+02	8.821171875000000e+02
5.675117187500000e+02	8.833906250000000e+02
5.680810546875000e+02	8.797968750000000e+02
5.680659179687500e+02	8.802031250000000e+02
5.676386718750000e+02	8.834335937500000e+02
5.680351562500000e+02	8.803906250000000e+02
5.682373046875000e+02	8.780468750000000e+02
5.677773437500000e+02	8.812343750000000e+02
5.677480468750000e+02	8.814570312500000e+02
5.682968750000000e+02	8.773046875000000e+02
5.681865234375000e+02	8.781367187500000e+02
5.677978515625000e+02	8.810781250000000e+02
5.682729492187500e+02	8.774843750000000e+02
5.684990234375000e+02	8.752070312500000e+02
5.679003906250000e+02	8.791523437500000e+02
5.678549804687500e+02	8.794921875000000e+02
5.682998046875000e+02	8.761289062500000e+02
5.681308593750000e+02	8.774062500000000e+02
5.675917968750000e+02	8.811718750000000e+02
5.678779296875000e+02	8.789218750000000e+02
5.681279296875000e+02	8.770117187500000e+02
5.678305664062500e+02	8.794296875000000e+02
5.675957031250000e+02	8.814570312500000e+02
5.678979492187500e+02	8.791679687500000e+02
5.680708007812500e+02	8.778593750000000e+02
5.678496093750000e+02	8.795351562500000e+02
5.680058593750000e+02	8.783515625000000e+02
5.682578125000000e+02	8.754609375000000e+02
5.680429687500000e+02	8.769179687500000e+02
5.676899414062500e+02	8.795898437500000e+02
5.680732421875000e+02	8.766914062500000e+02
5.681826171875000e+02	8.758632812500000e+02
5.675561523437500e+02	8.806015625000000e+02
5.675537109375000e+02	8.806210937500000e+02
5.680810546875000e+02	8.766328125000000e+02
5.677709960937500e+02	8.789765625000000e+02
5.675600585937500e+02	8.811601562500000e+02
5.682294921875000e+02	8.763867187500000e+02
5.681943359375000e+02	8.757929687500000e+02
5.675512695312500e+02	8.806406250000000e+02
5.678154296875000e+02	8.786406250000000e+02
5.681586914062500e+02	8.760429687500000e+02
5.676503906250000e+02	8.798906250000000e+02
5.673198242187500e+02	8.833945312500000e+02
5.679160156250000e+02	8.790312500000000e+02
5.680415039062500e+02	8.780820312500000e+02
5.674887695312500e+02	8.822656250000000e+02
5.677036132812500e+02	8.806406250000000e+02
5.681381835937500e+02	8.773515625000000e+02
5.678652343750000e+02	8.794179687500000e+02
5.675258789062500e+02	8.822343750000000e+02
5.680541992187500e+02	8.787421875000000e+02
5.682158203125000e+02	8.769531250000000e+02
5.679462890625000e+02	8.788046875000000e+02
5.680683593750000e+02	8.778789062500000e+02
5.683378906250000e+02	8.758398437500000e+02
5.682094726562500e+02	8.768125000000000e+02
5.676503906250000e+02	8.804140625000000e+02
5.681000976562500e+02	8.764882812500000e+02
5.680380859375000e+02	8.769570312500000e+02
5.676250000000000e+02	8.800820312500000e+02
5.676235351562500e+02	8.801132812500000e+02
5.681499023437500e+02	8.766132812500000e+02
5.680888671875000e+02	8.769687500000000e+02
5.675854492187500e+02	8.806328125000000e+02
5.678232421875000e+02	8.787304687500000e+02
5.681469726562500e+02	8.764453125000000e+02
5.677661132812500e+02	8.795820312500000e+02
5.675688476562500e+02	8.816601562500000e+02
5.680571289062500e+02	8.779648437500000e+02
5.678930664062500e+02	8.792070312500000e+02
5.673022460937500e+02	8.836757812500000e+02
5.676708984375000e+02	8.808867187500000e+02
5.680024414062500e+02	8.783789062500000e+02
5.675434570312500e+02	8.826914062500000e+02
5.676669921875000e+02	8.820703125000000e+02
5.684467773437500e+02	8.761679687500000e+02
5.682753906250000e+02	8.771914062500000e+02
5.679780273437500e+02	8.785625000000000e+02
5.683784179687500e+02	8.755351562500000e+02
5.685322265625000e+02	8.735117187500000e+02
5.680478515625000e+02	8.768828125000000e+02
5.678320312500000e+02	8.785156250000000e+02
5.682041015625000e+02	8.756992187500000e+02
5.682070312500000e+02	8.748632812500000e+02
5.678740234375000e+02	8.770468750000000e+02
5.678662109375000e+02	8.771054687500000e+02
5.682934570312500e+02	8.738710937500000e+02
5.681079101562500e+02	8.752773437500000e+02
5.677216796875000e+02	8.781992187500000e+02
5.680961914062500e+02	8.753632812500000e+02
5.681064453125000e+02	8.751796875000000e+02
5.676210937500000e+02	8.784804687500000e+02
5.676694335937500e+02	8.783632812500000e+02
5.681191406250000e+02	8.751914062500000e+02
5.676171875000000e+02	8.789882812500000e+02
5.672475585937500e+02	8.817851562500000e+02
5.678549804687500e+02	8.771875000000000e+02
5.680659179687500e+02	8.762226562500000e+02
5.674536132812500e+02	8.813789062500000e+02
5.675917968750000e+02	8.803320312500000e+02
5.681508789062500e+02	8.761015625000000e+02
5.680263671875000e+02	8.770468750000000e+02
5.678994140625000e+02	8.780039062500000e+02
5.683925781250000e+02	8.742734375000000e+02
5.683920898437500e+02	8.731445312500000e+02
5.676640625000000e+02	8.786328125000000e+02
5.679833984375000e+02	8.762187500000000e+02
5.684458007812500e+02	8.727187500000000e+02
5.681025390625000e+02	8.749804687500000e+02
5.679106445312500e+02	8.756171875000000e+02
5.683950195312500e+02	8.719492187500000e+02
5.682895507812500e+02	8.727500000000000e+02
