2.741127929687500e+02	9.754492187500000e+02
2.743847656250000e+02	9.744921875000000e+02
2.744785156250000e+02	9.742539062500000e+02
2.745322265625000e+02	9.744765625000000e+02
2.747036132812500e+02	9.737500000000000e+02
2.748002929687500e+02	9.735078125000000e+02
2.747265625000000e+02	9.740917968750000e+02
2.749257812500000e+02	9.730800781250000e+02
2.750463867187500e+02	9.727109375000000e+02
2.751162109375000e+02	9.721582031250000e+02
2.750034179687500e+02	9.730507812500000e+02
2.749970703125000e+02	9.731015625000000e+02
2.751381835937500e+02	9.719843750000000e+02
2.750986328125000e+02	9.722988281250000e+02
2.751713867187500e+02	9.714921875000000e+02
2.752841796875000e+02	9.696777343750000e+02
2.752192382812500e+02	9.701914062500000e+02
2.751215820312500e+02	9.709648437500000e+02
2.753261718750000e+02	9.693437500000000e+02
2.751547851562500e+02	9.707011718750000e+02
2.753833007812500e+02	9.684746093750000e+02
2.753144531250000e+02	9.682851562500000e+02
2.752929687500000e+02	9.684550781250000e+02
2.754902343750000e+02	9.668496093750000e+02
2.754482421875000e+02	9.660742187500000e+02
2.753959960937500e+02	9.664863281250000e+02
2.754770507812500e+02	9.652167968750000e+02
2.755698242187500e+02	9.639589843750000e+02
2.754736328125000e+02	9.643847656250000e+02
2.754531250000000e+02	9.637304687500000e+02
2.756372070312500e+02	9.621484375000000e+02
2.755776367187500e+02	9.615878906250000e+02
2.755029296875000e+02	9.619296875000000e+02
2.757036132812500e+02	9.594394531250000e+02
2.754975585937500e+02	9.606289062500000e+02
2.755610351562500e+02	9.594140625000000e+02
2.757187500000000e+02	9.575371093750000e+02
2.757197265625000e+02	9.570058593750000e+02
2.756791992187500e+02	9.561933593750000e+02
2.756879882812500e+02	9.555820312500000e+02
2.759970703125000e+02	9.523808593750000e+02
2.757934570312500e+02	9.529609375000000e+02
2.758217773437500e+02	9.517343750000000e+02
2.758828125000000e+02	9.503671875000000e+02
2.758154296875000e+02	9.500214843750000e+02
2.757773437500000e+02	9.494843750000000e+02
2.758701171875000e+02	9.477460937500000e+02
2.759589843750000e+02	9.460781250000000e+02
2.759716796875000e+02	9.449882812500000e+02
2.760297851562500e+02	9.435019531250000e+02
2.760200195312500e+02	9.424062500000000e+02
2.759526367187500e+02	9.418300781250000e+02
2.759272460937500e+02	9.409843750000000e+02
2.758369140625000e+02	9.406718750000000e+02
2.759980468750000e+02	9.384511718750000e+02
2.757998046875000e+02	9.390566406250000e+02
2.757480468750000e+02	9.383320312500000e+02
2.757695312500000e+02	9.373457031250000e+02
2.756743164062500e+02	9.374082031250000e+02
2.757402343750000e+02	9.360898437500000e+02
2.757553710937500e+02	9.350683593750000e+02
2.757045898437500e+02	9.348027343750000e+02
2.758417968750000e+02	9.329804687500000e+02
2.756425781250000e+02	9.334648437500000e+02
2.756655273437500e+02	9.326347656250000e+02
2.756538085937500e+02	9.321601562500000e+02
2.757148437500000e+02	9.306503906250000e+02
2.755800781250000e+02	9.312363281250000e+02
2.756132812500000e+02	9.301777343750000e+02
2.758139648437500e+02	9.278339843750000e+02
2.755219726562500e+02	9.297285156250000e+02
2.757036132812500e+02	9.271582031250000e+02
2.757617187500000e+02	9.262363281250000e+02
2.757338867187500e+02	9.257617187500000e+02
2.756528320312500e+02	9.253320312500000e+02
2.757568359375000e+02	9.238847656250000e+02
2.757392578125000e+02	9.233945312500000e+02
2.757299804687500e+02	9.223359375000000e+02
2.756435546875000e+02	9.224335937500000e+02
2.758315429687500e+02	9.202968750000000e+02
2.757172851562500e+02	9.201308593750000e+02
2.756220703125000e+02	9.201894531250000e+02
2.758217773437500e+02	9.179804687500000e+02
2.757656250000000e+02	9.174394531250000e+02
2.757456054687500e+02	9.167578125000000e+02
2.757529296875000e+02	9.159472656250000e+02
2.757617187500000e+02	9.151464843750000e+02
2.755927734375000e+02	9.153515625000000e+02
2.756108398437500e+02	9.147910156250000e+02
2.756083984375000e+02	9.140742187500000e+02
2.755498046875000e+02	9.138242187500000e+02
2.755698242187500e+02	9.132246093750000e+02
2.755205078125000e+02	9.128417968750000e+02
2.755371093750000e+02	9.123300781250000e+02
2.756918945312500e+02	9.102890625000000e+02
2.755434570312500e+02	9.111289062500000e+02
2.755419921875000e+02	9.100937500000000e+02
2.755371093750000e+02	9.100253906250000e+02
2.755815429687500e+02	9.085410156250000e+02
2.755434570312500e+02	9.088046875000000e+02
2.754443359375000e+02	9.084550781250000e+02
2.756816406250000e+02	9.065781250000000e+02
2.754453125000000e+02	9.073339843750000e+02
2.754213867187500e+02	9.074804687500000e+02
2.755507812500000e+02	9.055351562500000e+02
2.754736328125000e+02	9.059160156250000e+02
2.756933593750000e+02	9.034648437500000e+02
2.756284179687500e+02	9.035371093750000e+02
2.757583007812500e+02	9.014199218750000e+02
2.756894531250000e+02	9.014609375000000e+02
2.756132812500000e+02	9.013535156250000e+02
2.758164062500000e+02	8.987597656250000e+02
2.757504882812500e+02	8.986738281250000e+02
2.756245117187500e+02	8.989550781250000e+02
2.757236328125000e+02	8.971230468750000e+02
2.756552734375000e+02	8.971601562500000e+02
2.755791015625000e+02	8.970097656250000e+02
2.755229492187500e+02	8.966582031250000e+02
2.756689453125000e+02	8.951464843750000e+02
2.756386718750000e+02	8.944453125000000e+02
2.756704101562500e+02	8.937324218750000e+02
2.757036132812500e+02	8.925683593750000e+02
2.757099609375000e+02	8.917832031250000e+02
2.756083984375000e+02	8.920820312500000e+02
2.757934570312500e+02	8.895468750000000e+02
2.758876953125000e+02	8.881093750000000e+02
2.757963867187500e+02	8.879941406250000e+02
2.757949218750000e+02	8.871484375000000e+02
2.757846679687500e+02	8.861601562500000e+02
2.757099609375000e+02	8.858925781250000e+02
2.755380859375000e+02	8.866855468750000e+02
2.756435546875000e+02	8.849687500000000e+02
2.755649414062500e+02	8.850488281250000e+02
2.757197265625000e+02	8.832128906250000e+02
2.755483398437500e+02	8.837734375000000e+02
2.756372070312500e+02	8.827148437500000e+02
2.756108398437500e+02	8.817910156250000e+02
2.756718750000000e+02	8.809941406250000e+02
2.756245117187500e+02	8.805097656250000e+02
2.756157226562500e+02	8.798691406250000e+02
2.756562500000000e+02	8.791054687500000e+02
2.756689453125000e+02	8.779550781250000e+02
2.756513671875000e+02	8.776953125000000e+02
2.755546875000000e+02	8.776015625000000e+02
2.756079101562500e+02	8.765937500000000e+02
2.755078125000000e+02	8.768203125000000e+02
2.756337890625000e+02	8.750703125000000e+02
2.756245117187500e+02	8.747441406250000e+02
2.755854492187500e+02	8.741113281250000e+02
2.756083984375000e+02	8.736132812500000e+02
2.756958007812500e+02	8.718710937500000e+02
2.756933593750000e+02	8.714296875000000e+02
2.757197265625000e+02	8.705292968750000e+02
2.757416992187500e+02	8.693085937500000e+02
2.756870117187500e+02	8.691132812500000e+02
2.755063476562500e+02	8.699140625000000e+02
2.754990234375000e+02	8.690937500000000e+02
2.756372070312500e+02	8.677265625000000e+02
2.754516601562500e+02	8.683359375000000e+02
2.754101562500000e+02	8.683710937500000e+02
2.753706054687500e+02	8.680937500000000e+02
2.755307617187500e+02	8.662597656250000e+02
2.755039062500000e+02	8.664531250000000e+02
2.754873046875000e+02	8.654511718750000e+02
2.754936523437500e+02	8.654023437500000e+02
2.754912109375000e+02	8.645175781250000e+02
2.754418945312500e+02	8.646582031250000e+02
2.754848632812500e+02	8.636699218750000e+02
2.753603515625000e+02	8.641523437500000e+02
2.752968750000000e+02	8.646542968750000e+02
2.753364257812500e+02	8.635253906250000e+02
2.752373046875000e+02	8.639726562500000e+02
2.753271484375000e+02	8.632617187500000e+02
2.752739257812500e+02	8.636835937500000e+02
2.753310546875000e+02	8.623730468750000e+02
2.754062500000000e+02	8.614843750000000e+02
2.754936523437500e+02	8.607929687500000e+02
2.753911132812500e+02	8.607636718750000e+02
2.754965820312500e+02	8.596132812500000e+02
2.756108398437500e+02	8.582675781250000e+02
2.754467773437500e+02	8.588535156250000e+02
2.754428710937500e+02	8.585292968750000e+02
2.754975585937500e+02	8.573007812500000e+02
2.753325195312500e+02	8.586074218750000e+02
2.753911132812500e+02	8.572636718750000e+02
2.755063476562500e+02	8.560781250000000e+02
2.755014648437500e+02	8.559062500000000e+02
2.754355468750000e+02	8.554863281250000e+02
2.755791015625000e+02	8.543300781250000e+02
2.757109375000000e+02	8.521542968750000e+02
2.756870117187500e+02	8.519648437500000e+02
2.756401367187500e+02	8.515585937500000e+02
2.757099609375000e+02	8.501035156250000e+02
2.755356445312500e+02	8.511074218750000e+02
2.754545898437500e+02	8.507226562500000e+02
2.755253906250000e+02	8.501191406250000e+02
2.754975585937500e+02	8.492304687500000e+02
2.753374023437500e+02	8.504980468750000e+02
2.754902343750000e+02	8.485527343750000e+02
2.756347656250000e+02	8.469921875000000e+02
2.755649414062500e+02	8.470214843750000e+02
2.755395507812500e+02	8.465917968750000e+02
2.756616210937500e+02	8.448925781250000e+02
2.755664062500000e+02	8.452246093750000e+02
2.754482421875000e+02	8.452578125000000e+02
2.755190429687500e+02	8.444472656250000e+02
2.754785156250000e+02	8.439707031250000e+02
2.754189453125000e+02	8.440859375000000e+02
2.754863281250000e+02	8.432597656250000e+02
2.755483398437500e+02	8.419101562500000e+02
2.754482421875000e+02	8.426601562500000e+02
2.755244140625000e+02	8.409472656250000e+02
2.755078125000000e+02	8.410781250000000e+02
2.754506835937500e+02	8.405898437500000e+02
2.756362304687500e+02	8.389101562500000e+02
2.755664062500000e+02	8.386230468750000e+02
2.755053710937500e+02	8.387890625000000e+02
2.754199218750000e+02	8.385000000000000e+02
2.755029296875000e+02	8.376562500000000e+02
2.754453125000000e+02	8.375878906250000e+02
2.754086914062500e+02	8.372500000000000e+02
2.754951171875000e+02	8.365468750000000e+02
2.753745117187500e+02	8.363671875000000e+02
2.754291992187500e+02	8.359355468750000e+02
2.756093750000000e+02	8.339843750000000e+02
2.755610351562500e+02	8.337382812500000e+02
2.756079101562500e+02	8.327578125000000e+02
2.755903320312500e+02	8.323554687500000e+02
2.754965820312500e+02	8.322578125000000e+02
2.754594726562500e+02	8.322343750000000e+02
2.754873046875000e+02	8.313652343750000e+02
2.754887695312500e+02	8.308496093750000e+02
2.754697265625000e+02	8.307500000000000e+02
2.753398437500000e+02	8.308769531250000e+02
2.755029296875000e+02	8.295859375000000e+02
2.755219726562500e+02	8.285957031250000e+02
2.755063476562500e+02	8.284062500000000e+02
2.754785156250000e+02	8.279980468750000e+02
2.756386718750000e+02	8.262070312500000e+02
2.755561523437500e+02	8.262734375000000e+02
2.754965820312500e+02	8.261796875000000e+02
2.755864257812500e+02	8.247714843750000e+02
2.755444335937500e+02	8.246445312500000e+02
2.754262695312500e+02	8.249511718750000e+02
2.754555664062500e+02	8.241953125000000e+02
2.754658203125000e+02	8.239453125000000e+02
2.754775390625000e+02	8.228691406250000e+02
2.754658203125000e+02	8.229609375000000e+02
2.755053710937500e+02	8.217070312500000e+02
2.753745117187500e+02	8.225312500000000e+02
2.753818359375000e+02	8.220761718750000e+02
2.753945312500000e+02	8.212207031250000e+02
2.753896484375000e+02	8.212597656250000e+02
2.753881835937500e+02	8.206855468750000e+02
2.753769531250000e+02	8.202070312500000e+02
2.753540039062500e+02	8.203906250000000e+02
2.754023437500000e+02	8.193984375000000e+02
2.754633789062500e+02	8.183671875000000e+02
2.754570312500000e+02	8.184179687500000e+02
2.755546875000000e+02	8.165742187500000e+02
2.755219726562500e+02	8.167519531250000e+02
2.753730468750000e+02	8.169882812500000e+02
2.754658203125000e+02	8.160429687500000e+02
2.755776367187500e+02	8.146542968750000e+02
2.754580078125000e+02	8.149531250000000e+02
2.754047851562500e+02	8.151015625000000e+02
2.754326171875000e+02	8.140019531250000e+02
2.754965820312500e+02	8.134960937500000e+02
2.753554687500000e+02	8.138398437500000e+02
2.754111328125000e+02	8.130195312500000e+02
2.755444335937500e+02	8.117968750000000e+02
2.754023437500000e+02	8.119335937500000e+02
2.753173828125000e+02	8.126054687500000e+02
2.754863281250000e+02	8.106582031250000e+02
2.754213867187500e+02	8.106289062500000e+02
2.755419921875000e+02	8.096562500000000e+02
2.755014648437500e+02	8.088437500000000e+02
2.755830078125000e+02	8.081972656250000e+02
2.754838867187500e+02	8.078925781250000e+02
2.757148437500000e+02	8.059394531250000e+02
2.756274414062500e+02	8.055410156250000e+02
2.755991210937500e+02	8.053671875000000e+02
2.755053710937500e+02	8.053554687500000e+02
2.754848632812500e+02	8.049707031250000e+02
2.755727539062500e+02	8.036660156250000e+02
2.755092773437500e+02	8.037695312500000e+02
2.755458984375000e+02	8.027265625000000e+02
2.755380859375000e+02	8.023457031250000e+02
2.755688476562500e+02	8.013925781250000e+02
2.753754882812500e+02	8.025859375000000e+02
2.753691406250000e+02	8.018203125000000e+02
2.753681640625000e+02	8.018281250000000e+02
2.753032226562500e+02	8.019238281250000e+02
2.753046875000000e+02	8.011777343750000e+02
2.754340820312500e+02	8.001542968750000e+02
2.753945312500000e+02	8.002792968750000e+02
2.753706054687500e+02	7.995039062500000e+02
2.755561523437500e+02	7.980351562500000e+02
2.756220703125000e+02	7.967988281250000e+02
2.755156250000000e+02	7.971992187500000e+02
2.754672851562500e+02	7.968476562500000e+02
2.755444335937500e+02	7.958203125000000e+02
2.754965820312500e+02	7.955898437500000e+02
2.755053710937500e+02	7.949765625000000e+02
2.754404296875000e+02	7.950917968750000e+02
2.755546875000000e+02	7.934335937500000e+02
2.755292968750000e+02	7.934042968750000e+02
2.754135742187500e+02	7.933984375000000e+02
2.755039062500000e+02	7.926835937500000e+02
2.756005859375000e+02	7.908281250000000e+02
2.754760742187500e+02	7.917519531250000e+02
2.753237304687500e+02	7.919687500000000e+02
2.756499023437500e+02	7.892187500000000e+02
2.754047851562500e+02	7.905507812500000e+02
2.753945312500000e+02	7.900878906250000e+02
2.754482421875000e+02	7.896015625000000e+02
2.753911132812500e+02	7.889628906250000e+02
2.753032226562500e+02	7.896582031250000e+02
2.752905273437500e+02	7.897597656250000e+02
2.755219726562500e+02	7.868808593750000e+02
2.754277343750000e+02	7.875214843750000e+02
2.754150390625000e+02	7.871796875000000e+02
2.753847656250000e+02	7.867089843750000e+02
2.753818359375000e+02	7.867324218750000e+02
2.753134765625000e+02	7.867304687500000e+02
2.752817382812500e+02	7.863710937500000e+02
2.755244140625000e+02	7.844511718750000e+02
2.753325195312500e+02	7.855097656250000e+02
2.753222656250000e+02	7.848945312500000e+02
2.754291992187500e+02	7.840488281250000e+02
2.753618164062500e+02	7.841210937500000e+02
2.754326171875000e+02	7.828691406250000e+02
2.754125976562500e+02	7.830273437500000e+02
2.753144531250000e+02	7.830507812500000e+02
2.754125976562500e+02	7.818750000000000e+02
2.752739257812500e+02	7.829726562500000e+02
2.753530273437500e+02	7.818652343750000e+02
2.752919921875000e+02	7.816777343750000e+02
2.753007812500000e+02	7.816074218750000e+02
2.753793945312500e+02	7.809863281250000e+02
2.752207031250000e+02	7.813398437500000e+02
2.752817382812500e+02	7.806054687500000e+02
2.751406250000000e+02	7.817226562500000e+02
2.751928710937500e+02	7.813105468750000e+02
2.753691406250000e+02	7.799140625000000e+02
2.753657226562500e+02	7.790820312500000e+02
2.752573242187500e+02	7.796464843750000e+02
2.753144531250000e+02	7.791953125000000e+02
2.753857421875000e+02	7.783769531250000e+02
2.753046875000000e+02	7.781152343750000e+02
2.754228515625000e+02	7.771796875000000e+02
2.754912109375000e+02	7.764082031250000e+02
2.752856445312500e+02	7.771152343750000e+02
2.752548828125000e+02	7.773574218750000e+02
2.752968750000000e+02	7.770253906250000e+02
2.751962890625000e+02	7.770253906250000e+02
2.751582031250000e+02	7.769707031250000e+02
2.752739257812500e+02	7.760546875000000e+02
2.754799804687500e+02	7.744238281250000e+02
2.753515625000000e+02	7.751660156250000e+02
2.753808593750000e+02	7.740566406250000e+02
2.755253906250000e+02	7.729121093750000e+02
2.753310546875000e+02	7.737792968750000e+02
2.752626953125000e+02	7.738398437500000e+02
2.753818359375000e+02	7.728964843750000e+02
2.754545898437500e+02	7.720273437500000e+02
2.754555664062500e+02	7.711601562500000e+02
2.753603515625000e+02	7.719140625000000e+02
2.754975585937500e+02	7.699648437500000e+02
2.753945312500000e+02	7.704863281250000e+02
2.755029296875000e+02	7.693554687500000e+02
2.754355468750000e+02	7.690097656250000e+02
2.753500976562500e+02	7.696855468750000e+02
2.753286132812500e+02	7.692695312500000e+02
2.752827148437500e+02	7.690664062500000e+02
2.751000976562500e+02	7.705136718750000e+02
2.752817382812500e+02	7.690742187500000e+02
2.751835937500000e+02	7.698515625000000e+02
2.751850585937500e+02	7.692109375000000e+02
2.753212890625000e+02	7.676093750000000e+02
2.754428710937500e+02	7.666464843750000e+02
2.753173828125000e+02	7.676406250000000e+02
2.752651367187500e+02	7.672578125000000e+02
2.754545898437500e+02	7.654023437500000e+02
2.753413085937500e+02	7.662988281250000e+02
2.753173828125000e+02	7.659218750000000e+02
2.754062500000000e+02	7.646328125000000e+02
2.754775390625000e+02	7.640683593750000e+02
2.753730468750000e+02	7.642226562500000e+02
2.755737304687500e+02	7.621503906250000e+02
2.755830078125000e+02	7.616347656250000e+02
2.754086914062500e+02	7.623046875000000e+02
2.754965820312500e+02	7.614414062500000e+02
2.756274414062500e+02	7.594199218750000e+02
2.756210937500000e+02	7.592402343750000e+02
2.754990234375000e+02	7.592851562500000e+02
2.755981445312500e+02	7.580390625000000e+02
2.755102539062500e+02	7.580429687500000e+02
2.754912109375000e+02	7.577753906250000e+02
2.755483398437500e+02	7.565898437500000e+02
2.755444335937500e+02	7.563046875000000e+02
2.755317382812500e+02	7.555644531250000e+02
2.755283203125000e+02	7.553417968750000e+02
2.755498046875000e+02	7.542695312500000e+02
2.755117187500000e+02	7.543398437500000e+02
2.754418945312500e+02	7.539707031250000e+02
2.754506835937500e+02	7.539023437500000e+02
2.755561523437500e+02	7.520390625000000e+02
2.755664062500000e+02	7.518339843750000e+02
2.755244140625000e+02	7.512011718750000e+02
2.754760742187500e+02	7.513964843750000e+02
2.755371093750000e+02	7.500097656250000e+02
2.753706054687500e+02	7.510781250000000e+02
2.753872070312500e+02	7.505488281250000e+02
2.753754882812500e+02	7.498828125000000e+02
2.753603515625000e+02	7.500039062500000e+02
2.753134765625000e+02	7.500390625000000e+02
2.752573242187500e+02	7.496660156250000e+02
2.752675781250000e+02	7.495859375000000e+02
2.753564453125000e+02	7.488828125000000e+02
2.752436523437500e+02	7.492714843750000e+02
2.752778320312500e+02	7.483515625000000e+02
2.754697265625000e+02	7.468320312500000e+02
2.754418945312500e+02	7.469902343750000e+02
2.752690429687500e+02	7.472695312500000e+02
2.753071289062500e+02	7.469667968750000e+02
2.752001953125000e+02	7.478144531250000e+02
2.751367187500000e+02	7.483164062500000e+02
2.752309570312500e+02	7.465429687500000e+02
2.754135742187500e+02	7.449726562500000e+02
2.753554687500000e+02	7.454335937500000e+02
2.755395507812500e+02	7.436816406250000e+02
2.756298828125000e+02	7.421074218750000e+02
2.754404296875000e+02	7.433769531250000e+02
2.754252929687500e+02	7.425722656250000e+02
2.754316406250000e+02	7.425214843750000e+02
2.752167968750000e+02	7.432812500000000e+02
2.751875000000000e+02	7.433007812500000e+02
2.751596679687500e+02	7.435214843750000e+02
2.752729492187500e+02	7.426250000000000e+02
2.752739257812500e+02	7.426171875000000e+02
2.753056640625000e+02	7.417558593750000e+02
2.753793945312500e+02	7.406308593750000e+02
2.754682617187500e+02	7.399257812500000e+02
2.754887695312500e+02	7.391777343750000e+02
2.755039062500000e+02	7.384921875000000e+02
2.755307617187500e+02	7.377753906250000e+02
2.753666992187500e+02	7.384257812500000e+02
2.752573242187500e+02	7.392910156250000e+02
2.752382812500000e+02	7.387089843750000e+02
2.750439453125000e+02	7.398281250000000e+02
2.751279296875000e+02	7.391640625000000e+02
2.751889648437500e+02	7.386796875000000e+02
2.751938476562500e+02	7.386425781250000e+02
2.753247070312500e+02	7.376054687500000e+02
2.752763671875000e+02	7.379882812500000e+02
2.753437500000000e+02	7.365097656250000e+02
2.753754882812500e+02	7.360468750000000e+02
2.753110351562500e+02	7.365585937500000e+02
2.752866210937500e+02	7.361855468750000e+02
2.752153320312500e+02	7.361640625000000e+02
2.752778320312500e+02	7.356679687500000e+02
2.751484375000000e+02	7.366933593750000e+02
2.751025390625000e+02	7.370566406250000e+02
2.752285156250000e+02	7.360585937500000e+02
2.751342773437500e+02	7.364257812500000e+02
2.750922851562500e+02	7.359843750000000e+02
2.752446289062500e+02	7.347792968750000e+02
2.752412109375000e+02	7.348066406250000e+02
2.752792968750000e+02	7.345039062500000e+02
2.753818359375000e+02	7.336933593750000e+02
2.753769531250000e+02	7.328085937500000e+02
2.754189453125000e+02	7.322460937500000e+02
2.753911132812500e+02	7.324667968750000e+02
2.753706054687500e+02	7.315820312500000e+02
2.753984375000000e+02	7.312558593750000e+02
2.753896484375000e+02	7.313261718750000e+02
2.753022460937500e+02	7.309042968750000e+02
2.753364257812500e+02	7.305917968750000e+02
2.753657226562500e+02	7.303593750000000e+02
2.754047851562500e+02	7.293789062500000e+02
2.754672851562500e+02	7.284023437500000e+02
2.753681640625000e+02	7.291875000000000e+02
2.752890625000000e+02	7.287050781250000e+02
2.754658203125000e+02	7.272617187500000e+02
2.753793945312500e+02	7.279472656250000e+02
2.752500000000000e+02	7.279238281250000e+02
2.753374023437500e+02	7.271269531250000e+02
2.753857421875000e+02	7.267441406250000e+02
2.753491210937500e+02	7.264902343750000e+02
2.753808593750000e+02	7.256308593750000e+02
2.754165039062500e+02	7.253476562500000e+02
2.755356445312500e+02	7.237128906250000e+02
2.755664062500000e+02	7.230097656250000e+02
2.755473632812500e+02	7.226328125000000e+02
2.755776367187500e+02	7.217636718750000e+02
2.756474609375000e+02	7.205195312500000e+02
2.753261718750000e+02	7.226015625000000e+02
2.752089843750000e+02	7.231308593750000e+02
2.752500000000000e+02	7.220527343750000e+02
2.751088867187500e+02	7.231699218750000e+02
2.749501953125000e+02	7.244257812500000e+02
2.750249023437500e+02	7.238339843750000e+02
2.751176757812500e+02	7.230996093750000e+02
2.751176757812500e+02	7.230996093750000e+02
2.751230468750000e+02	7.230585937500000e+02
2.752802734375000e+02	7.218125000000000e+02
2.753427734375000e+02	7.213183593750000e+02
2.753017578125000e+02	7.210332031250000e+02
2.752626953125000e+02	7.208007812500000e+02
2.753374023437500e+02	7.202089843750000e+02
2.752294921875000e+02	7.210625000000000e+02
2.752016601562500e+02	7.206738281250000e+02
2.753588867187500e+02	7.188867187500000e+02
2.753500976562500e+02	7.189550781250000e+02
2.752763671875000e+02	7.195390625000000e+02
2.752929687500000e+02	7.186738281250000e+02
2.752587890625000e+02	7.185253906250000e+02
2.752309570312500e+02	7.187460937500000e+02
2.753017578125000e+02	7.181855468750000e+02
2.753364257812500e+02	7.174277343750000e+02
2.752460937500000e+02	7.174707031250000e+02
2.753769531250000e+02	7.164335937500000e+02
2.753452148437500e+02	7.166855468750000e+02
2.752666015625000e+02	7.164062500000000e+02
2.753437500000000e+02	7.155449218750000e+02
2.752207031250000e+02	7.165195312500000e+02
2.751152343750000e+02	7.173535156250000e+02
2.752666015625000e+02	7.161562500000000e+02
2.751899414062500e+02	7.156523437500000e+02
2.751445312500000e+02	7.159707031250000e+02
2.752207031250000e+02	7.153671875000000e+02
2.752128906250000e+02	7.154277343750000e+02
2.751293945312500e+02	7.160898437500000e+02
2.752778320312500e+02	7.149140625000000e+02
2.752778320312500e+02	7.145351562500000e+02
2.751230468750000e+02	7.149882812500000e+02
2.752080078125000e+02	7.143144531250000e+02
2.752563476562500e+02	7.139316406250000e+02
2.752436523437500e+02	7.140332031250000e+02
2.752890625000000e+02	7.136738281250000e+02
2.753222656250000e+02	7.124062500000000e+02
2.753081054687500e+02	7.123710937500000e+02
2.753452148437500e+02	7.120761718750000e+02
2.753745117187500e+02	7.115078125000000e+02
2.754912109375000e+02	7.097675781250000e+02
2.753945312500000e+02	7.105332031250000e+02
2.753691406250000e+02	7.101445312500000e+02
2.754492187500000e+02	7.089453125000000e+02
2.754506835937500e+02	7.089335937500000e+02
2.753681640625000e+02	7.085156250000000e+02
2.753579101562500e+02	7.085156250000000e+02
2.754531250000000e+02	7.076562500000000e+02
2.754062500000000e+02	7.069804687500000e+02
2.753935546875000e+02	7.070800781250000e+02
2.754379882812500e+02	7.061855468750000e+02
2.753588867187500e+02	7.062031250000000e+02
2.755610351562500e+02	7.046015625000000e+02
2.755039062500000e+02	7.040898437500000e+02
2.754086914062500e+02	7.046562500000000e+02
2.754165039062500e+02	7.039453125000000e+02
2.753515625000000e+02	7.039550781250000e+02
2.752675781250000e+02	7.046210937500000e+02
2.752753906250000e+02	7.041796875000000e+02
2.753017578125000e+02	7.031933593750000e+02
2.752778320312500e+02	7.033828125000000e+02
2.753618164062500e+02	7.027187500000000e+02
2.753500976562500e+02	7.023300781250000e+02
2.753056640625000e+02	7.020097656250000e+02
2.751518554687500e+02	7.032285156250000e+02
2.752207031250000e+02	7.026835937500000e+02
2.752089843750000e+02	7.027753906250000e+02
2.749829101562500e+02	7.039570312500000e+02
2.751152343750000e+02	7.023652343750000e+02
2.752294921875000e+02	7.014609375000000e+02
2.751025390625000e+02	7.024667968750000e+02
2.749970703125000e+02	7.033007812500000e+02
2.752485351562500e+02	7.013105468750000e+02
2.751611328125000e+02	7.020019531250000e+02
2.752285156250000e+02	7.014687500000000e+02
2.754262695312500e+02	6.999042968750000e+02
2.753691406250000e+02	6.994531250000000e+02
2.753247070312500e+02	6.995546875000000e+02
2.753872070312500e+02	6.990605468750000e+02
2.754428710937500e+02	6.978027343750000e+02
2.753159179687500e+02	6.984726562500000e+02
2.753144531250000e+02	6.984843750000000e+02
2.752802734375000e+02	6.980625000000000e+02
2.752817382812500e+02	6.975898437500000e+02
2.751875000000000e+02	6.983359375000000e+02
2.752119140625000e+02	6.981425781250000e+02
2.753325195312500e+02	6.971894531250000e+02
2.753364257812500e+02	6.961894531250000e+02
2.753935546875000e+02	6.955488281250000e+02
2.753500976562500e+02	6.958925781250000e+02
2.754262695312500e+02	6.945371093750000e+02
2.753334960937500e+02	6.948730468750000e+02
2.753388671875000e+02	6.948300781250000e+02
2.753999023437500e+02	6.937597656250000e+02
2.754619140625000e+02	6.927031250000000e+02
2.753945312500000e+02	6.932363281250000e+02
2.754038085937500e+02	6.923242187500000e+02
2.755473632812500e+02	6.908750000000000e+02
2.755371093750000e+02	6.905566406250000e+02
2.753554687500000e+02	6.912421875000000e+02
2.754990234375000e+02	6.900234375000000e+02
2.754682617187500e+02	6.891953125000000e+02
2.752016601562500e+02	6.913066406250000e+02
2.752221679687500e+02	6.911445312500000e+02
2.754531250000000e+02	6.883710937500000e+02
2.752104492187500e+02	6.900800781250000e+02
2.751865234375000e+02	6.902695312500000e+02
2.752548828125000e+02	6.897285156250000e+02
2.751264648437500e+02	6.907460937500000e+02
2.751938476562500e+02	6.891425781250000e+02
2.753081054687500e+02	6.881562500000000e+02
2.752373046875000e+02	6.887148437500000e+02
2.751850585937500e+02	6.891289062500000e+02
2.752309570312500e+02	6.887656250000000e+02
2.752509765625000e+02	6.878964843750000e+02
2.752573242187500e+02	6.874042968750000e+02
2.752128906250000e+02	6.877558593750000e+02
2.752827148437500e+02	6.872031250000000e+02
2.752612304687500e+02	6.873750000000000e+02
2.750375976562500e+02	6.888515625000000e+02
2.752866210937500e+02	6.860214843750000e+02
2.753183593750000e+02	6.857695312500000e+02
2.753032226562500e+02	6.858886718750000e+02
2.753627929687500e+02	6.854179687500000e+02
2.753310546875000e+02	6.847050781250000e+02
2.753222656250000e+02	6.845859375000000e+02
2.753461914062500e+02	6.843964843750000e+02
2.752929687500000e+02	6.842753906250000e+02
2.753159179687500e+02	6.834843750000000e+02
2.752524414062500e+02	6.839863281250000e+02
2.751621093750000e+02	6.847011718750000e+02
2.752089843750000e+02	6.843300781250000e+02
2.753007812500000e+02	6.825332031250000e+02
2.753784179687500e+02	6.818339843750000e+02
2.753784179687500e+02	6.818339843750000e+02
2.753857421875000e+02	6.813574218750000e+02
2.754736328125000e+02	6.799277343750000e+02
2.752993164062500e+02	6.813066406250000e+02
2.753388671875000e+02	6.805136718750000e+02
2.755205078125000e+02	6.784042968750000e+02
2.752968750000000e+02	6.801738281250000e+02
2.752421875000000e+02	6.801035156250000e+02
2.752856445312500e+02	6.791113281250000e+02
2.753564453125000e+02	6.785507812500000e+02
2.753364257812500e+02	6.787089843750000e+02
2.753627929687500e+02	6.777890625000000e+02
2.754379882812500e+02	6.767519531250000e+02
2.755078125000000e+02	6.761992187500000e+02
2.752866210937500e+02	6.770722656250000e+02
2.754047851562500e+02	6.758632812500000e+02
2.755498046875000e+02	6.745898437500000e+02
2.753603515625000e+02	6.750585937500000e+02
2.753159179687500e+02	6.754101562500000e+02
2.755126953125000e+02	6.732656250000000e+02
2.754238281250000e+02	6.734042968750000e+02
2.755253906250000e+02	6.725996093750000e+02
2.754965820312500e+02	6.717812500000000e+02
2.755356445312500e+02	6.713652343750000e+02
2.754521484375000e+02	6.711054687500000e+02
2.755585937500000e+02	6.700312500000000e+02
2.755649414062500e+02	6.692480468750000e+02
2.756054687500000e+02	6.685078125000000e+02
2.753784179687500e+02	6.694902343750000e+02
2.754326171875000e+02	6.687246093750000e+02
2.755053710937500e+02	6.677695312500000e+02
2.754326171875000e+02	6.675683593750000e+02
2.753198242187500e+02	6.684609375000000e+02
2.752919921875000e+02	6.678847656250000e+02
2.752763671875000e+02	6.676523437500000e+02
2.751723632812500e+02	6.684765625000000e+02
2.751660156250000e+02	6.685253906250000e+02
2.751674804687500e+02	6.685136718750000e+02
2.750976562500000e+02	6.690664062500000e+02
2.751699218750000e+02	6.678046875000000e+02
2.751635742187500e+02	6.673925781250000e+02
2.751787109375000e+02	6.672734375000000e+02
2.749677734375000e+02	6.689433593750000e+02
2.750112304687500e+02	6.685996093750000e+02
2.750961914062500e+02	6.679257812500000e+02
2.751137695312500e+02	6.677871093750000e+02
2.750747070312500e+02	6.680976562500000e+02
2.751201171875000e+02	6.677363281250000e+02
2.750883789062500e+02	6.679882812500000e+02
2.751176757812500e+02	6.677558593750000e+02
2.752089843750000e+02	6.670332031250000e+02
2.751494140625000e+02	6.675058593750000e+02
2.751103515625000e+02	6.678144531250000e+02
2.749804687500000e+02	6.688417968750000e+02
2.751357421875000e+02	6.676132812500000e+02
2.750756835937500e+02	6.680898437500000e+02
2.749755859375000e+02	6.688808593750000e+02
2.750722656250000e+02	6.681152343750000e+02
2.751230468750000e+02	6.677148437500000e+02
2.750429687500000e+02	6.674062500000000e+02
2.751738281250000e+02	6.661601562500000e+02
2.751455078125000e+02	6.663847656250000e+02
2.751611328125000e+02	6.662597656250000e+02
2.751850585937500e+02	6.660703125000000e+02
2.751391601562500e+02	6.664335937500000e+02
2.750961914062500e+02	6.667734375000000e+02
2.751596679687500e+02	6.662714843750000e+02
2.751215820312500e+02	6.665742187500000e+02
2.752348632812500e+02	6.656757812500000e+02
2.751748046875000e+02	6.652734375000000e+02
2.751533203125000e+02	6.651699218750000e+02
2.751762695312500e+02	6.649882812500000e+02
2.753271484375000e+02	6.637929687500000e+02
2.754252929687500e+02	6.630175781250000e+02
2.752397460937500e+02	6.639199218750000e+02
2.753081054687500e+02	6.627929687500000e+02
2.752983398437500e+02	6.628691406250000e+02
2.750795898437500e+02	6.646015625000000e+02
2.751621093750000e+02	6.639472656250000e+02
2.751518554687500e+02	6.637128906250000e+02
2.750976562500000e+02	6.633007812500000e+02
2.750390625000000e+02	6.637656250000000e+02
2.753046875000000e+02	6.616621093750000e+02
2.753720703125000e+02	6.611289062500000e+02
2.752690429687500e+02	6.619453125000000e+02
2.753349609375000e+02	6.610683593750000e+02
2.754492187500000e+02	6.593671875000000e+02
2.753515625000000e+02	6.601386718750000e+02
2.752841796875000e+02	6.604433593750000e+02
2.754165039062500e+02	6.584726562500000e+02
2.753720703125000e+02	6.588242187500000e+02
2.753452148437500e+02	6.589550781250000e+02
2.751279296875000e+02	6.596054687500000e+02
2.752626953125000e+02	6.585390625000000e+02
2.752524414062500e+02	6.586191406250000e+02
2.752602539062500e+02	6.585566406250000e+02
2.752919921875000e+02	6.580761718750000e+02
2.753754882812500e+02	6.564921875000000e+02
2.753286132812500e+02	6.568632812500000e+02
2.752905273437500e+02	6.571660156250000e+02
2.752548828125000e+02	6.566308593750000e+02
2.752104492187500e+02	6.566464843750000e+02
2.752919921875000e+02	6.560019531250000e+02
2.752602539062500e+02	6.562519531250000e+02
2.753793945312500e+02	6.550175781250000e+02
2.753842773437500e+02	6.541152343750000e+02
2.752993164062500e+02	6.547871093750000e+02
2.754277343750000e+02	6.537089843750000e+02
2.755307617187500e+02	6.518027343750000e+02
2.754418945312500e+02	6.525058593750000e+02
2.753618164062500e+02	6.524296875000000e+02
2.754672851562500e+02	6.511523437500000e+02
2.754101562500000e+02	6.516054687500000e+02
2.751547851562500e+02	6.524941406250000e+02
2.752167968750000e+02	6.519843750000000e+02
2.752739257812500e+02	6.515312500000000e+02
2.751787109375000e+02	6.522851562500000e+02
2.751777343750000e+02	6.522929687500000e+02
2.754609375000000e+02	6.490859375000000e+02
2.753007812500000e+02	6.501660156250000e+02
2.754580078125000e+02	6.489218750000000e+02
2.755893554687500e+02	6.470664062500000e+02
2.756093750000000e+02	6.465703125000000e+02
2.754975585937500e+02	6.466796875000000e+02
2.755180664062500e+02	6.461386718750000e+02
2.754086914062500e+02	6.461640625000000e+02
2.753374023437500e+02	6.464160156250000e+02
2.751875000000000e+02	6.476015625000000e+02
2.752407226562500e+02	6.467832031250000e+02
2.751977539062500e+02	6.463691406250000e+02
2.751240234375000e+02	6.469531250000000e+02
2.752802734375000e+02	6.457148437500000e+02
2.753183593750000e+02	6.454140625000000e+02
2.752104492187500e+02	6.462675781250000e+02
2.751835937500000e+02	6.456406250000000e+02
2.752412109375000e+02	6.448730468750000e+02
2.751928710937500e+02	6.452558593750000e+02
2.751557617187500e+02	6.455488281250000e+02
2.751264648437500e+02	6.457812500000000e+02
2.750683593750000e+02	6.462402343750000e+02
2.749692382812500e+02	6.470253906250000e+02
2.749843750000000e+02	6.469062500000000e+02
2.749194335937500e+02	6.474199218750000e+02
2.750913085937500e+02	6.460585937500000e+02
2.752827148437500e+02	6.445429687500000e+02
2.751914062500000e+02	6.452675781250000e+02
2.753300781250000e+02	6.436640625000000e+02
2.753500976562500e+02	6.428574218750000e+02
2.753017578125000e+02	6.432402343750000e+02
2.752700195312500e+02	6.434921875000000e+02
2.753808593750000e+02	6.419433593750000e+02
2.752309570312500e+02	6.426484375000000e+02
2.751875000000000e+02	6.429921875000000e+02
2.753286132812500e+02	6.418750000000000e+02
2.753056640625000e+02	6.418027343750000e+02
2.752128906250000e+02	6.416347656250000e+02
2.752827148437500e+02	6.410820312500000e+02
2.754746093750000e+02	6.395644531250000e+02
2.753881835937500e+02	6.396816406250000e+02
2.752841796875000e+02	6.399199218750000e+02
2.753681640625000e+02	6.392539062500000e+02
2.753388671875000e+02	6.392128906250000e+02
2.752714843750000e+02	6.388671875000000e+02
2.751582031250000e+02	6.397636718750000e+02
2.752944335937500e+02	6.386855468750000e+02
2.751430664062500e+02	6.398828125000000e+02
2.752016601562500e+02	6.390644531250000e+02
2.752944335937500e+02	6.375332031250000e+02
2.753144531250000e+02	6.373750000000000e+02
2.753374023437500e+02	6.371933593750000e+02
2.753818359375000e+02	6.365488281250000e+02
2.753247070312500e+02	6.361406250000000e+02
2.752792968750000e+02	6.365000000000000e+02
2.753413085937500e+02	6.360097656250000e+02
2.750454101562500e+02	6.375976562500000e+02
2.751088867187500e+02	6.366972656250000e+02
2.749985351562500e+02	6.375703125000000e+02
2.748510742187500e+02	6.387382812500000e+02
2.748608398437500e+02	6.391835937500000e+02
2.748510742187500e+02	6.398906250000000e+02
2.749345703125000e+02	6.392285156250000e+02
2.750644531250000e+02	6.382011718750000e+02
2.752065429687500e+02	6.370761718750000e+02
2.753081054687500e+02	6.362734375000000e+02
2.752792968750000e+02	6.365000000000000e+02
2.753261718750000e+02	6.350820312500000e+02
2.753881835937500e+02	6.344863281250000e+02
2.752739257812500e+02	6.353906250000000e+02
2.752397460937500e+02	6.352207031250000e+02
2.753159179687500e+02	6.339023437500000e+02
2.751264648437500e+02	6.354023437500000e+02
2.751010742187500e+02	6.356035156250000e+02
2.752446289062500e+02	6.344667968750000e+02
2.752373046875000e+02	6.345234375000000e+02
2.752080078125000e+02	6.344199218750000e+02
2.752094726562500e+02	6.335917968750000e+02
2.754331054687500e+02	6.318222656250000e+02
2.753515625000000e+02	6.324667968750000e+02
2.751635742187500e+02	6.335371093750000e+02
2.752548828125000e+02	6.320800781250000e+02
2.752001953125000e+02	6.325136718750000e+02
2.751040039062500e+02	6.332753906250000e+02
2.752421875000000e+02	6.321816406250000e+02
2.753046875000000e+02	6.316855468750000e+02
2.753476562500000e+02	6.308417968750000e+02
2.753657226562500e+02	6.300507812500000e+02
2.754760742187500e+02	6.291777343750000e+02
2.754555664062500e+02	6.286679687500000e+02
2.753959960937500e+02	6.286582031250000e+02
2.754404296875000e+02	6.282871093750000e+02
2.752563476562500e+02	6.286113281250000e+02
2.751674804687500e+02	6.293144531250000e+02
2.749423828125000e+02	6.310976562500000e+02
2.749868164062500e+02	6.307460937500000e+02
2.749448242187500e+02	6.310781250000000e+02
2.748369140625000e+02	6.319316406250000e+02
2.748710937500000e+02	6.316621093750000e+02
2.750654296875000e+02	6.303730468750000e+02
2.751611328125000e+02	6.299511718750000e+02
2.751787109375000e+02	6.292265625000000e+02
2.751708984375000e+02	6.292890625000000e+02
2.752524414062500e+02	6.286425781250000e+02
2.751699218750000e+02	6.292968750000000e+02
2.752119140625000e+02	6.289628906250000e+02
2.753374023437500e+02	6.279707031250000e+02
2.751547851562500e+02	6.284277343750000e+02
2.750527343750000e+02	6.290683593750000e+02
2.751494140625000e+02	6.283027343750000e+02
2.752246093750000e+02	6.277070312500000e+02
2.752421875000000e+02	6.275683593750000e+02
2.752563476562500e+02	6.274550781250000e+02
2.753374023437500e+02	6.263339843750000e+02
2.752714843750000e+02	6.261835937500000e+02
2.751938476562500e+02	6.267988281250000e+02
2.752993164062500e+02	6.259628906250000e+02
2.753959960937500e+02	6.250488281250000e+02
2.751611328125000e+02	6.259042968750000e+02
2.751621093750000e+02	6.258964843750000e+02
2.752001953125000e+02	6.255957031250000e+02
2.751533203125000e+02	6.259667968750000e+02
2.750859375000000e+02	6.265000000000000e+02
2.752285156250000e+02	6.253710937500000e+02
2.752446289062500e+02	6.249511718750000e+02
2.753579101562500e+02	6.231953125000000e+02
2.754062500000000e+02	6.228125000000000e+02
2.754008789062500e+02	6.228554687500000e+02
2.753959960937500e+02	6.218652343750000e+02
2.753134765625000e+02	6.223945312500000e+02
2.754174804687500e+02	6.215703125000000e+02
2.752690429687500e+02	6.216562500000000e+02
2.752880859375000e+02	6.214433593750000e+02
2.752509765625000e+02	6.217363281250000e+02
2.753032226562500e+02	6.213222656250000e+02
2.752128906250000e+02	6.210078125000000e+02
2.752675781250000e+02	6.204492187500000e+02
2.751445312500000e+02	6.214238281250000e+02
2.752866210937500e+02	6.202988281250000e+02
2.752729492187500e+02	6.204062500000000e+02
2.751811523437500e+02	6.203144531250000e+02
2.752270507812500e+02	6.196152343750000e+02
2.752475585937500e+02	6.194531250000000e+02
2.750302734375000e+02	6.211738281250000e+02
2.750668945312500e+02	6.208828125000000e+02
2.752827148437500e+02	6.191738281250000e+02
2.753222656250000e+02	6.188613281250000e+02
2.752817382812500e+02	6.183437500000000e+02
2.752983398437500e+02	6.178984375000000e+02
2.754482421875000e+02	6.167128906250000e+02
2.753911132812500e+02	6.167441406250000e+02
2.754379882812500e+02	6.156406250000000e+02
2.755253906250000e+02	6.149492187500000e+02
2.753769531250000e+02	6.151152343750000e+02
2.754047851562500e+02	6.147500000000000e+02
2.753784179687500e+02	6.147285156250000e+02
2.752001953125000e+02	6.152167968750000e+02
2.750756835937500e+02	6.162031250000000e+02
2.750302734375000e+02	6.165625000000000e+02
2.751850585937500e+02	6.153359375000000e+02
2.751953125000000e+02	6.152558593750000e+02
2.751977539062500e+02	6.152363281250000e+02
2.753618164062500e+02	6.137695312500000e+02
2.753007812500000e+02	6.132675781250000e+02
2.751508789062500e+02	6.144550781250000e+02
2.752094726562500e+02	6.139902343750000e+02
2.753261718750000e+02	6.130664062500000e+02
2.751264648437500e+02	6.142070312500000e+02
2.750908203125000e+02	6.137753906250000e+02
