6.339091796875000e+02	3.915289453125000e+04
6.343173828125000e+02	3.915391406250000e+04
6.342949218750000e+02	3.915423437500000e+04
6.341572265625000e+02	3.915527734375000e+04
6.338710937500000e+02	3.915744140625000e+04
6.337695312500000e+02	3.915871093750000e+04
6.334501953125000e+02	3.916177343750000e+04
6.334121093750000e+02	3.916300781250000e+04
6.334179687500000e+02	3.916392578125000e+04
6.334960937500000e+02	3.916430078125000e+04
6.338398437500000e+02	3.916247265625000e+04
6.342216796875000e+02	3.916055468750000e+04
6.345087890625000e+02	3.915838281250000e+04
6.346435546875000e+02	3.915736328125000e+04
6.346855468750000e+02	3.915658203125000e+04
6.346054687500000e+02	3.915649609375000e+04
6.344521484375000e+02	3.915765234375000e+04
6.343115234375000e+02	3.915871875000000e+04
6.341279296875000e+02	3.916010546875000e+04
6.340810546875000e+02	3.916046093750000e+04
6.341718750000000e+02	3.915977343750000e+04
6.343408203125000e+02	3.915849609375000e+04
6.345078125000000e+02	3.915723437500000e+04
6.347138671875000e+02	3.915567578125000e+04
6.350136718750000e+02	3.915271093750000e+04
6.350898437500000e+02	3.915157031250000e+04
6.352246093750000e+02	3.914950390625000e+04
6.351757812500000e+02	3.914884375000000e+04
6.349921875000000e+02	3.914918359375000e+04
6.347197265625000e+02	3.915049609375000e+04
6.346572265625000e+02	3.915033593750000e+04
6.344287109375000e+02	3.915206640625000e+04
6.344189453125000e+02	3.915132031250000e+04
6.344394531250000e+02	3.915082812500000e+04
6.345712890625000e+02	3.914983203125000e+04
6.346904296875000e+02	3.914892968750000e+04
6.349482421875000e+02	3.914650390625000e+04
6.352421875000000e+02	3.914360546875000e+04
6.351533203125000e+02	3.914316015625000e+04
6.353466796875000e+02	3.914072265625000e+04
6.353193359375000e+02	3.913981250000000e+04
6.353652343750000e+02	3.913826953125000e+04
6.351845703125000e+02	3.913842578125000e+04
6.352724609375000e+02	3.913662890625000e+04
6.351777343750000e+02	3.913625000000000e+04
6.351464843750000e+02	3.913544140625000e+04
6.352812500000000e+02	3.913343750000000e+04
6.353144531250000e+02	3.913209765625000e+04
6.353515625000000e+02	3.913061328125000e+04
6.354902343750000e+02	3.912837109375000e+04
6.356406250000000e+02	3.912593750000000e+04
6.357099609375000e+02	3.912377734375000e+04
6.357988281250000e+02	3.912151171875000e+04
6.357773437500000e+02	3.911998046875000e+04
6.356757812500000e+02	3.911902734375000e+04
6.356152343750000e+02	3.911795703125000e+04
6.355966796875000e+02	3.911640234375000e+04
6.355214843750000e+02	3.911555468750000e+04
6.354033203125000e+02	3.911506640625000e+04
6.355644531250000e+02	3.911246484375000e+04
6.355537109375000e+02	3.911102343750000e+04
6.356855468750000e+02	3.910861328125000e+04
6.356914062500000e+02	3.910712109375000e+04
6.357197265625000e+02	3.910512500000000e+04
6.356679687500000e+02	3.910399609375000e+04
6.356953125000000e+02	3.910217187500000e+04
6.355927734375000e+02	3.910128906250000e+04
6.355712890625000e+02	3.910002343750000e+04
6.356376953125000e+02	3.909798828125000e+04
6.356591796875000e+02	3.909621875000000e+04
6.357431640625000e+02	3.909411328125000e+04
6.360791015625000e+02	3.908975000000000e+04
6.363681640625000e+02	3.908565625000000e+04
6.363935546875000e+02	3.908316015625000e+04
6.365058593750000e+02	3.907987500000000e+04
6.365175781250000e+02	3.907729296875000e+04
6.363623046875000e+02	3.907595312500000e+04
6.360498046875000e+02	3.907587890625000e+04
6.359462890625000e+02	3.907446484375000e+04
6.356728515625000e+02	3.907466796875000e+04
6.356279296875000e+02	3.907328906250000e+04
6.357685546875000e+02	3.907073437500000e+04
6.359257812500000e+02	3.906769921875000e+04
6.362050781250000e+02	3.906385156250000e+04
6.365332031250000e+02	3.905916796875000e+04
6.368671875000000e+02	3.905412500000000e+04
6.369345703125000e+02	3.905076171875000e+04
6.370205078125000e+02	3.904708984375000e+04
6.369931640625000e+02	3.904411718750000e+04
6.366884765625000e+02	3.904339843750000e+04
6.364121093750000e+02	3.904259765625000e+04
6.362343750000000e+02	3.904142578125000e+04
6.359277343750000e+02	3.904145703125000e+04
6.357851562500000e+02	3.904065625000000e+04
6.360878906250000e+02	3.903641015625000e+04
6.362421875000000e+02	3.903329687500000e+04
6.362216796875000e+02	3.903128906250000e+04
6.365791015625000e+02	3.902628125000000e+04
6.367998046875000e+02	3.902207031250000e+04
6.367246093750000e+02	3.901975000000000e+04
6.368173828125000e+02	3.901625781250000e+04
6.367148437500000e+02	3.901412109375000e+04
6.364238281250000e+02	3.901355859375000e+04
6.362841796875000e+02	3.901207421875000e+04
6.361914062500000e+02	3.901043359375000e+04
6.361542968750000e+02	3.900847265625000e+04
6.361796875000000e+02	3.900609765625000e+04
6.363916015625000e+02	3.900231640625000e+04
6.366044921875000e+02	3.899833984375000e+04
6.367929687500000e+02	3.899432812500000e+04
6.369296875000000e+02	3.899036328125000e+04
6.369472656250000e+02	3.898726953125000e+04
6.370371093750000e+02	3.898351171875000e+04
6.369384765625000e+02	3.898104687500000e+04
6.366279296875000e+02	3.898040234375000e+04
6.364072265625000e+02	3.897923828125000e+04
6.363652343750000e+02	3.897706250000000e+04
6.361767578125000e+02	3.897609765625000e+04
6.361376953125000e+02	3.897415234375000e+04
6.363222656250000e+02	3.897057421875000e+04
6.364257812500000e+02	3.896748828125000e+04
6.365000000000000e+02	3.896451171875000e+04
6.366064453125000e+02	3.896116796875000e+04
6.367548828125000e+02	3.895732421875000e+04
6.366396484375000e+02	3.895547265625000e+04
6.366523437500000e+02	3.895267187500000e+04
6.366699218750000e+02	3.894972656250000e+04
6.364609375000000e+02	3.894866796875000e+04
6.364023437500000e+02	3.894655468750000e+04
6.364609375000000e+02	3.894359765625000e+04
6.365117187500000e+02	3.894064843750000e+04
6.365810546875000e+02	3.893760937500000e+04
6.368066406250000e+02	3.893330859375000e+04
6.369101562500000e+02	3.892961328125000e+04
6.369531250000000e+02	3.892632421875000e+04
6.371171875000000e+02	3.892194531250000e+04
6.370195312500000e+02	3.891949609375000e+04
6.367919921875000e+02	3.891811328125000e+04
6.368134765625000e+02	3.891495312500000e+04
6.366210937500000e+02	3.891353125000000e+04
6.364716796875000e+02	3.891189843750000e+04
6.366132812500000e+02	3.890827343750000e+04
6.367841796875000e+02	3.890429296875000e+04
6.369531250000000e+02	3.890012109375000e+04
6.371298828125000e+02	3.889574609375000e+04
6.372148437500000e+02	3.889193750000000e+04
6.371669921875000e+02	3.888894140625000e+04
6.371679687500000e+02	3.888558203125000e+04
6.370732421875000e+02	3.888301171875000e+04
6.368222656250000e+02	3.888168359375000e+04
6.366562500000000e+02	3.887997656250000e+04
6.366748046875000e+02	3.887696875000000e+04
6.367207031250000e+02	3.887391406250000e+04
6.367617187500000e+02	3.887073437500000e+04
6.369150390625000e+02	3.886678515625000e+04
6.368603515625000e+02	3.886416015625000e+04
6.370390625000000e+02	3.885983203125000e+04
6.370644531250000e+02	3.885653906250000e+04
6.369365234375000e+02	3.885428125000000e+04
6.368222656250000e+02	3.885208203125000e+04
6.368085937500000e+02	3.884922265625000e+04
6.367373046875000e+02	3.884684765625000e+04
6.365429687500000e+02	3.884551562500000e+04
6.366914062500000e+02	3.884172656250000e+04
6.366855468750000e+02	3.883896093750000e+04
6.367333984375000e+02	3.883591796875000e+04
6.370332031250000e+02	3.883071093750000e+04
6.370878906250000e+02	3.882728125000000e+04
6.372382812500000e+02	3.882289453125000e+04
6.372714843750000e+02	3.881926953125000e+04
6.373232421875000e+02	3.881546093750000e+04
6.371513671875000e+02	3.881330078125000e+04
6.368173828125000e+02	3.881249218750000e+04
6.368847656250000e+02	3.880894531250000e+04
6.367158203125000e+02	3.880726953125000e+04
6.366914062500000e+02	3.880457812500000e+04
6.368193359375000e+02	3.880080468750000e+04
6.368349609375000e+02	3.879783593750000e+04
6.370292968750000e+02	3.879340625000000e+04
6.371679687500000e+02	3.878919140625000e+04
6.373916015625000e+02	3.878421093750000e+04
6.372851562500000e+02	3.878153125000000e+04
6.370449218750000e+02	3.877989843750000e+04
6.370615234375000e+02	3.877649609375000e+04
6.366513671875000e+02	3.877650000000000e+04
6.363896484375000e+02	3.877556640625000e+04
6.365263671875000e+02	3.877201562500000e+04
6.362802734375000e+02	3.877142578125000e+04
6.363769531250000e+02	3.876830078125000e+04
6.366943359375000e+02	3.876347265625000e+04
6.369101562500000e+02	3.875911328125000e+04
6.369804687500000e+02	3.875568750000000e+04
6.372509765625000e+02	3.875045312500000e+04
6.374335937500000e+02	3.874573828125000e+04
6.371640625000000e+02	3.874427734375000e+04
6.370996093750000e+02	3.874136718750000e+04
6.370400390625000e+02	3.873852734375000e+04
6.365380859375000e+02	3.873926171875000e+04
6.363515625000000e+02	3.873787109375000e+04
6.362636718750000e+02	3.873609765625000e+04
6.362353515625000e+02	3.873400781250000e+04
6.363242187500000e+02	3.873105078125000e+04
6.365380859375000e+02	3.872708203125000e+04
6.368632812500000e+02	3.872206640625000e+04
6.371201171875000e+02	3.871723437500000e+04
6.373642578125000e+02	3.871219921875000e+04
6.375302734375000e+02	3.870745703125000e+04
6.374365234375000e+02	3.870452734375000e+04
6.373232421875000e+02	3.870172656250000e+04
6.370527343750000e+02	3.870025781250000e+04
6.366572265625000e+02	3.870001562500000e+04
6.364570312500000e+02	3.869866406250000e+04
6.362548828125000e+02	3.869765625000000e+04
6.360644531250000e+02	3.869679296875000e+04
6.363017578125000e+02	3.869283984375000e+04
6.365156250000000e+02	3.868895703125000e+04
6.368027343750000e+02	3.868426953125000e+04
6.369472656250000e+02	3.868033984375000e+04
6.372109375000000e+02	3.867532812500000e+04
6.373476562500000e+02	3.867094140625000e+04
6.372363281250000e+02	3.866830078125000e+04
6.371933593750000e+02	3.866518750000000e+04
6.369892578125000e+02	3.866340234375000e+04
6.367744140625000e+02	3.866181640625000e+04
6.365078125000000e+02	3.866102343750000e+04
6.364355468750000e+02	3.865886718750000e+04
6.364658203125000e+02	3.865609765625000e+04
6.366474609375000e+02	3.865223046875000e+04
6.368417968750000e+02	3.864810546875000e+04
6.369873046875000e+02	3.864400390625000e+04
6.371962890625000e+02	3.863938281250000e+04
6.372900390625000e+02	3.863533984375000e+04
6.370732421875000e+02	3.863358203125000e+04
6.370019531250000e+02	3.863083203125000e+04
6.368339843750000e+02	3.862893750000000e+04
6.364160156250000e+02	3.862925000000000e+04
6.362128906250000e+02	3.862814453125000e+04
6.362480468750000e+02	3.862561328125000e+04
6.362460937500000e+02	3.862337109375000e+04
6.365771484375000e+02	3.861851562500000e+04
6.369238281250000e+02	3.861332812500000e+04
6.369902343750000e+02	3.860995703125000e+04
6.371132812500000e+02	3.860592578125000e+04
6.373710937500000e+02	3.860066406250000e+04
6.372421875000000e+02	3.859819921875000e+04
6.370732421875000e+02	3.859603515625000e+04
6.371601562500000e+02	3.859208593750000e+04
6.367363281250000e+02	3.859211328125000e+04
6.365185546875000e+02	3.859082421875000e+04
6.365605468750000e+02	3.858786718750000e+04
6.365029296875000e+02	3.858558984375000e+04
6.365898437500000e+02	3.858240234375000e+04
6.368974609375000e+02	3.857745703125000e+04
6.372587890625000e+02	3.857167578125000e+04
6.374628906250000e+02	3.856686718750000e+04
6.374550781250000e+02	3.856333984375000e+04
6.375000000000000e+02	3.855932812500000e+04
6.372480468750000e+02	3.855754687500000e+04
6.370751953125000e+02	3.855539453125000e+04
6.368847656250000e+02	3.855354687500000e+04
6.365761718750000e+02	3.855283984375000e+04
6.363769531250000e+02	3.855166015625000e+04
6.365029296875000e+02	3.854821484375000e+04
6.366787109375000e+02	3.854439453125000e+04
6.369765625000000e+02	3.853926562500000e+04
6.373017578125000e+02	3.853382812500000e+04
6.375273437500000e+02	3.852868359375000e+04
6.374628906250000e+02	3.852554687500000e+04
6.374794921875000e+02	3.852177343750000e+04
6.374130859375000e+02	3.851862500000000e+04
6.370410156250000e+02	3.851783203125000e+04
6.369521484375000e+02	3.851515234375000e+04
6.368222656250000e+02	3.851305859375000e+04
6.366318359375000e+02	3.851156250000000e+04
6.366650390625000e+02	3.850851953125000e+04
6.368154296875000e+02	3.850461718750000e+04
6.368212890625000e+02	3.850178515625000e+04
6.369990234375000e+02	3.849739843750000e+04
6.373935546875000e+02	3.849131250000000e+04
6.373896484375000e+02	3.848790625000000e+04
6.371171875000000e+02	3.848646875000000e+04
6.370537109375000e+02	3.848355078125000e+04
6.368173828125000e+02	3.848218750000000e+04
6.364794921875000e+02	3.848175390625000e+04
6.364628906250000e+02	3.847927734375000e+04
6.365332031250000e+02	3.847619140625000e+04
6.364667968750000e+02	3.847408984375000e+04
6.367060546875000e+02	3.846972656250000e+04
6.370986328125000e+02	3.846403125000000e+04
6.371787109375000e+02	3.846027343750000e+04
6.374160156250000e+02	3.845512890625000e+04
6.376298828125000e+02	3.844996484375000e+04
6.374541015625000e+02	3.844750390625000e+04
6.371660156250000e+02	3.844605859375000e+04
6.370117187500000e+02	3.844382812500000e+04
6.367666015625000e+02	3.844251953125000e+04
6.365312500000000e+02	3.844133593750000e+04
6.365224609375000e+02	3.843872265625000e+04
6.363750000000000e+02	3.843734765625000e+04
6.364833984375000e+02	3.843402734375000e+04
6.366640625000000e+02	3.843012890625000e+04
6.369912109375000e+02	3.842490625000000e+04
6.372587890625000e+02	3.841983984375000e+04
6.374853515625000e+02	3.841475000000000e+04
6.375468750000000e+02	3.841067578125000e+04
6.372333984375000e+02	3.840938281250000e+04
6.371787109375000e+02	3.840629687500000e+04
6.371005859375000e+02	3.840350781250000e+04
6.365722656250000e+02	3.840438671875000e+04
6.364208984375000e+02	3.840265625000000e+04
6.364277343750000e+02	3.840008984375000e+04
6.364335937500000e+02	3.839759375000000e+04
6.366894531250000e+02	3.839316406250000e+04
6.370449218750000e+02	3.838764843750000e+04
6.371054687500000e+02	3.838416406250000e+04
6.373115234375000e+02	3.837933203125000e+04
6.374541015625000e+02	3.837480078125000e+04
6.372470703125000e+02	3.837280468750000e+04
6.370917968750000e+02	3.837051953125000e+04
6.367919921875000e+02	3.836957421875000e+04
6.366054687500000e+02	3.836793359375000e+04
6.363945312500000e+02	3.836687890625000e+04
6.363398437500000e+02	3.836480078125000e+04
6.364882812500000e+02	3.836125000000000e+04
6.364638671875000e+02	3.835893359375000e+04
6.367207031250000e+02	3.835439843750000e+04
6.368417968750000e+02	3.835081640625000e+04
6.370488281250000e+02	3.834627343750000e+04
6.370449218750000e+02	3.834326562500000e+04
6.370585937500000e+02	3.833997265625000e+04
6.369277343750000e+02	3.833771484375000e+04
6.367275390625000e+02	3.833621093750000e+04
6.365791015625000e+02	3.833446093750000e+04
6.365302734375000e+02	3.833218750000000e+04
6.365556640625000e+02	3.832929296875000e+04
6.367500000000000e+02	3.832518359375000e+04
6.369589843750000e+02	3.832082812500000e+04
6.371152343750000e+02	3.831658984375000e+04
6.373164062500000e+02	3.831182031250000e+04
6.372060546875000e+02	3.830930078125000e+04
6.371494140625000e+02	3.830630859375000e+04
6.370136718750000e+02	3.830400781250000e+04
6.368056640625000e+02	3.830245703125000e+04
6.366005859375000e+02	3.830100781250000e+04
6.365175781250000e+02	3.829897265625000e+04
6.365634765625000e+02	3.829598437500000e+04
6.364375000000000e+02	3.829429687500000e+04
6.364960937500000e+02	3.829136328125000e+04
6.367675781250000e+02	3.828674609375000e+04
6.368935546875000e+02	3.828296484375000e+04
6.370371093750000e+02	3.827894140625000e+04
6.370908203125000e+02	3.827533203125000e+04
6.370078125000000e+02	3.827279296875000e+04
6.369550781250000e+02	3.827003125000000e+04
6.367353515625000e+02	3.826866796875000e+04
6.368339843750000e+02	3.826494531250000e+04
6.366269531250000e+02	3.826366015625000e+04
6.366982421875000e+02	3.826033203125000e+04
6.366972656250000e+02	3.825757421875000e+04
6.367148437500000e+02	3.825471484375000e+04
6.369736328125000e+02	3.824982812500000e+04
6.370136718750000e+02	3.824658593750000e+04
6.369345703125000e+02	3.824408203125000e+04
6.371337890625000e+02	3.823941015625000e+04
6.369443359375000e+02	3.823767187500000e+04
6.367226562500000e+02	3.823633593750000e+04
6.366445312500000e+02	3.823392578125000e+04
6.364580078125000e+02	3.823267968750000e+04
6.363642578125000e+02	3.823085156250000e+04
6.362880859375000e+02	3.822898828125000e+04
6.363906250000000e+02	3.822584765625000e+04
6.364365234375000e+02	3.822307031250000e+04
6.366396484375000e+02	3.821901953125000e+04
6.368378906250000e+02	3.821490234375000e+04
6.369199218750000e+02	3.821140625000000e+04
6.369179687500000e+02	3.820844140625000e+04
6.367451171875000e+02	3.820666406250000e+04
6.367617187500000e+02	3.820371093750000e+04
6.365703125000000e+02	3.820226953125000e+04
6.364824218750000e+02	3.820026953125000e+04
6.364707031250000e+02	3.819782812500000e+04
6.363496093750000e+02	3.819626562500000e+04
6.364208984375000e+02	3.819325000000000e+04
6.365078125000000e+02	3.819010156250000e+04
6.365810546875000e+02	3.818700781250000e+04
6.366748046875000e+02	3.818371875000000e+04
6.366865234375000e+02	3.818088281250000e+04
6.368388671875000e+02	3.817690234375000e+04
6.366777343750000e+02	3.817533984375000e+04
6.365966796875000e+02	3.817307812500000e+04
6.365068359375000e+02	3.817111718750000e+04
6.363437500000000e+02	3.816981250000000e+04
6.363789062500000e+02	3.816707031250000e+04
6.363203125000000e+02	3.816510546875000e+04
6.362666015625000e+02	3.816314453125000e+04
6.364062500000000e+02	3.815976171875000e+04
6.365263671875000e+02	3.815643750000000e+04
6.365390625000000e+02	3.815380078125000e+04
6.366005859375000e+02	3.815078125000000e+04
6.368466796875000e+02	3.814619531250000e+04
6.367792968750000e+02	3.814385156250000e+04
6.367480468750000e+02	3.814124609375000e+04
6.367626953125000e+02	3.813823437500000e+04
6.364912109375000e+02	3.813754687500000e+04
6.363935546875000e+02	3.813558203125000e+04
6.363945312500000e+02	3.813309765625000e+04
6.362304687500000e+02	3.813197265625000e+04
6.362792968750000e+02	3.812927343750000e+04
6.364921875000000e+02	3.812537500000000e+04
6.365712890625000e+02	3.812232421875000e+04
6.366718750000000e+02	3.811898437500000e+04
6.368134765625000e+02	3.811506250000000e+04
6.368330078125000e+02	3.811214843750000e+04
6.368320312500000e+02	3.810914062500000e+04
6.367871093750000e+02	3.810665234375000e+04
6.367294921875000e+02	3.810406640625000e+04
6.365351562500000e+02	3.810283203125000e+04
6.364843750000000e+02	3.810051171875000e+04
6.365000000000000e+02	3.809776953125000e+04
6.365693359375000e+02	3.809473046875000e+04
6.366093750000000e+02	3.809187109375000e+04
6.368730468750000e+02	3.808710937500000e+04
6.368671875000000e+02	3.808430468750000e+04
6.369228515625000e+02	3.808085937500000e+04
6.370654296875000e+02	3.807676562500000e+04
6.369970703125000e+02	3.807415625000000e+04
6.369208984375000e+02	3.807154687500000e+04
6.366533203125000e+02	3.807061718750000e+04
6.364667968750000e+02	3.806913671875000e+04
6.362656250000000e+02	3.806814453125000e+04
6.361035156250000e+02	3.806704296875000e+04
6.361796875000000e+02	3.806430078125000e+04
6.360898437500000e+02	3.806287109375000e+04
6.362890625000000e+02	3.805922656250000e+04
6.364160156250000e+02	3.805597656250000e+04
6.365253906250000e+02	3.805271875000000e+04
6.365800781250000e+02	3.804976562500000e+04
6.366386718750000e+02	3.804672656250000e+04
6.367236328125000e+02	3.804335937500000e+04
6.365410156250000e+02	3.804196875000000e+04
6.365917968750000e+02	3.803894921875000e+04
6.365000000000000e+02	3.803695703125000e+04
6.362548828125000e+02	3.803625781250000e+04
6.362851562500000e+02	3.803366015625000e+04
6.363916015625000e+02	3.803056640625000e+04
6.363183593750000e+02	3.802873046875000e+04
6.364531250000000e+02	3.802534375000000e+04
6.365751953125000e+02	3.802198046875000e+04
6.366064453125000e+02	3.801916796875000e+04
6.367041015625000e+02	3.801564843750000e+04
6.366943359375000e+02	3.801301171875000e+04
6.366064453125000e+02	3.801089453125000e+04
6.365390625000000e+02	3.800867578125000e+04
6.363945312500000e+02	3.800723046875000e+04
6.362656250000000e+02	3.800573828125000e+04
6.361337890625000e+02	3.800442187500000e+04
6.362734375000000e+02	3.800117187500000e+04
6.363476562500000e+02	3.799834375000000e+04
6.364638671875000e+02	3.799508984375000e+04
6.367929687500000e+02	3.799013281250000e+04
6.367949218750000e+02	3.798728906250000e+04
6.369365234375000e+02	3.798338281250000e+04
6.370771484375000e+02	3.797919921875000e+04
6.369931640625000e+02	3.797671093750000e+04
6.367812500000000e+02	3.797522656250000e+04
6.368095703125000e+02	3.797197265625000e+04
6.366025390625000e+02	3.797079687500000e+04
6.362734375000000e+02	3.797050000000000e+04
6.361259765625000e+02	3.796923828125000e+04
6.361972656250000e+02	3.796650390625000e+04
6.361025390625000e+02	3.796505859375000e+04
6.362646484375000e+02	3.796165234375000e+04
6.363476562500000e+02	3.795884375000000e+04
6.362880859375000e+02	3.795698828125000e+04
6.362597656250000e+02	3.795489843750000e+04
6.363691406250000e+02	3.795174218750000e+04
6.362626953125000e+02	3.795022265625000e+04
6.361416015625000e+02	3.794880859375000e+04
6.363017578125000e+02	3.794537890625000e+04
6.363330078125000e+02	3.794285156250000e+04
6.364541015625000e+02	3.793961718750000e+04
6.365937500000000e+02	3.793605859375000e+04
6.366572265625000e+02	3.793287500000000e+04
6.368125000000000e+02	3.792903906250000e+04
6.367861328125000e+02	3.792634765625000e+04
6.367441406250000e+02	3.792383593750000e+04
6.366308593750000e+02	3.792182031250000e+04
6.366201171875000e+02	3.791914843750000e+04
6.364697265625000e+02	3.791765625000000e+04
6.362353515625000e+02	3.791686718750000e+04
6.362431640625000e+02	3.791446093750000e+04
6.364199218750000e+02	3.791085937500000e+04
6.363466796875000e+02	3.790900000000000e+04
6.366103515625000e+02	3.790451171875000e+04
6.367294921875000e+02	3.790105859375000e+04
6.369306640625000e+02	3.789678515625000e+04
6.370712890625000e+02	3.789265625000000e+04
6.370615234375000e+02	3.788960546875000e+04
6.369228515625000e+02	3.788747656250000e+04
6.366474609375000e+02	3.788651953125000e+04
6.364833984375000e+02	3.788494921875000e+04
6.362275390625000e+02	3.788428515625000e+04
6.359941406250000e+02	3.788380859375000e+04
6.360712890625000e+02	3.788114453125000e+04
6.360234375000000e+02	3.787946093750000e+04
6.360078125000000e+02	3.787758593750000e+04
6.362695312500000e+02	3.787358984375000e+04
6.365019531250000e+02	3.786954296875000e+04
6.365839843750000e+02	3.786645312500000e+04
6.365136718750000e+02	3.786442578125000e+04
6.366054687500000e+02	3.786115234375000e+04
6.363154296875000e+02	3.786064062500000e+04
6.361298828125000e+02	3.785970312500000e+04
6.360732421875000e+02	3.785796875000000e+04
6.359433593750000e+02	3.785680859375000e+04
6.357753906250000e+02	3.785619531250000e+04
6.358222656250000e+02	3.785412500000000e+04
6.359765625000000e+02	3.785111328125000e+04
6.360429687500000e+02	3.784878906250000e+04
6.363818359375000e+02	3.784414843750000e+04
6.366523437500000e+02	3.783971093750000e+04
6.366113281250000e+02	3.783741796875000e+04
6.365517578125000e+02	3.783523046875000e+04
6.366484375000000e+02	3.783183203125000e+04
6.364248046875000e+02	3.783084765625000e+04
6.362021484375000e+02	3.783005468750000e+04
6.361865234375000e+02	3.782786718750000e+04
6.361113281250000e+02	3.782628125000000e+04
6.360244140625000e+02	3.782485937500000e+04
6.361972656250000e+02	3.782141015625000e+04
6.363535156250000e+02	3.781807421875000e+04
6.363515625000000e+02	3.781580078125000e+04
6.365126953125000e+02	3.781221093750000e+04
6.364951171875000e+02	3.780976562500000e+04
6.363427734375000e+02	3.780839062500000e+04
6.364648437500000e+02	3.780502734375000e+04
6.361914062500000e+02	3.780470703125000e+04
6.360078125000000e+02	3.780383593750000e+04
6.358798828125000e+02	3.780281250000000e+04
6.358535156250000e+02	3.780101953125000e+04
6.357402343750000e+02	3.780017578125000e+04
6.358134765625000e+02	3.779783984375000e+04
6.360068359375000e+02	3.779463281250000e+04
6.361171875000000e+02	3.779189062500000e+04
6.361386718750000e+02	3.778959765625000e+04
6.363789062500000e+02	3.778564062500000e+04
6.363115234375000e+02	3.778384375000000e+04
6.361884765625000e+02	3.778244531250000e+04
6.361601562500000e+02	3.778041796875000e+04
6.359863281250000e+02	3.777959375000000e+04
6.359023437500000e+02	3.777828515625000e+04
6.359941406250000e+02	3.777566015625000e+04
6.360390625000000e+02	3.777332812500000e+04
6.358955078125000e+02	3.777246093750000e+04
6.361416015625000e+02	3.776869140625000e+04
6.362773437500000e+02	3.776550000000000e+04
6.363867187500000e+02	3.776247656250000e+04
6.366738281250000e+02	3.775785156250000e+04
6.366787109375000e+02	3.775515234375000e+04
6.365634765625000e+02	3.775334375000000e+04
6.365595703125000e+02	3.775068750000000e+04
6.365312500000000e+02	3.774821875000000e+04
6.362265625000000e+02	3.774801171875000e+04
6.361787109375000e+02	3.774601953125000e+04
6.360937500000000e+02	3.774446093750000e+04
6.359765625000000e+02	3.774331640625000e+04
6.361132812500000e+02	3.774021093750000e+04
6.363603515625000e+02	3.773623828125000e+04
6.364423828125000e+02	3.773335546875000e+04
6.365029296875000e+02	3.773046484375000e+04
6.365341796875000e+02	3.772762890625000e+04
6.365126953125000e+02	3.772521093750000e+04
6.363115234375000e+02	3.772421875000000e+04
6.362568359375000e+02	3.772220312500000e+04
6.361386718750000e+02	3.772081640625000e+04
6.358798828125000e+02	3.772063281250000e+04
6.359423828125000e+02	3.771829296875000e+04
6.359726562500000e+02	3.771605468750000e+04
6.359853515625000e+02	3.771409375000000e+04
6.362119140625000e+02	3.771040234375000e+04
6.362900390625000e+02	3.770765625000000e+04
6.363203125000000e+02	3.770512109375000e+04
6.363486328125000e+02	3.770257812500000e+04
6.364970703125000e+02	3.769904296875000e+04
6.364619140625000e+02	3.769681640625000e+04
6.364238281250000e+02	3.769461328125000e+04
6.363994140625000e+02	3.769232031250000e+04
6.361083984375000e+02	3.769212890625000e+04
6.359589843750000e+02	3.769110546875000e+04
6.360439453125000e+02	3.768846875000000e+04
6.359511718750000e+02	3.768717968750000e+04
6.360498046875000e+02	3.768440234375000e+04
6.360957031250000e+02	3.768207812500000e+04
6.362734375000000e+02	3.767864062500000e+04
6.361894531250000e+02	3.767707031250000e+04
6.362333984375000e+02	3.767449609375000e+04
6.360869140625000e+02	3.767344921875000e+04
6.362519531250000e+02	3.766999609375000e+04
6.362949218750000e+02	3.766746875000000e+04
6.365478515625000e+02	3.766323437500000e+04
6.362978515625000e+02	3.766258984375000e+04
6.359677734375000e+02	3.766278125000000e+04
6.355683593750000e+02	3.766369921875000e+04
6.357294921875000e+02	3.766099609375000e+04
6.359765625000000e+02	3.765734765625000e+04
6.361025390625000e+02	3.765467578125000e+04
6.362099609375000e+02	3.765176171875000e+04
6.359667968750000e+02	3.765142187500000e+04
6.361923828125000e+02	3.764766015625000e+04
6.362841796875000e+02	3.764487109375000e+04
6.362392578125000e+02	3.764294531250000e+04
6.362421875000000e+02	3.764064062500000e+04
6.360224609375000e+02	3.764010156250000e+04
6.359189453125000e+02	3.763887500000000e+04
6.359121093750000e+02	3.763686718750000e+04
6.356630859375000e+02	3.763701562500000e+04
6.356279296875000e+02	3.763553906250000e+04
6.357226562500000e+02	3.763337890625000e+04
6.359443359375000e+02	3.762989453125000e+04
6.360576171875000e+02	3.762729687500000e+04
6.364667968750000e+02	3.762210546875000e+04
6.364580078125000e+02	3.761978125000000e+04
6.362988281250000e+02	3.761853515625000e+04
6.363457031250000e+02	3.761578906250000e+04
6.362988281250000e+02	3.761377734375000e+04
6.361572265625000e+02	3.761254296875000e+04
6.360556640625000e+02	3.761113281250000e+04
6.361279296875000e+02	3.760850781250000e+04
6.360449218750000e+02	3.760697656250000e+04
6.359794921875000e+02	3.760548046875000e+04
6.360683593750000e+02	3.760283984375000e+04
6.359980468750000e+02	3.760139453125000e+04
6.359062500000000e+02	3.759999609375000e+04
6.362041015625000e+02	3.759585937500000e+04
6.362812500000000e+02	3.759317578125000e+04
6.362216796875000e+02	3.759135937500000e+04
6.362441406250000e+02	3.758893359375000e+04
6.362519531250000e+02	3.758662890625000e+04
6.361962890625000e+02	3.758476171875000e+04
6.359101562500000e+02	3.758480859375000e+04
6.360068359375000e+02	3.758197656250000e+04
6.357626953125000e+02	3.758198046875000e+04
6.355703125000000e+02	3.758170312500000e+04
6.360400390625000e+02	3.757655468750000e+04
6.359296875000000e+02	3.757552343750000e+04
6.358496093750000e+02	3.757417578125000e+04
6.359003906250000e+02	3.757205468750000e+04
6.361083984375000e+02	3.756848828125000e+04
6.364833984375000e+02	3.756363671875000e+04
6.369687500000000e+02	3.755753515625000e+04
6.369892578125000e+02	3.755437890625000e+04
6.362802734375000e+02	3.755681640625000e+04
6.356533203125000e+02	3.755910546875000e+04
6.356474609375000e+02	3.755725781250000e+04
6.354560546875000e+02	3.755719921875000e+04
6.354111328125000e+02	3.755617187500000e+04
6.358486328125000e+02	3.755146484375000e+04
6.358544921875000e+02	3.754969140625000e+04
6.362939453125000e+02	3.754459375000000e+04
6.369472656250000e+02	3.753736328125000e+04
6.371455078125000e+02	3.753303515625000e+04
6.370117187500000e+02	3.753085937500000e+04
6.366308593750000e+02	3.753053125000000e+04
6.363437500000000e+02	3.752996093750000e+04
6.356484375000000e+02	3.753280468750000e+04
6.351445312500000e+02	3.753498437500000e+04
6.348740234375000e+02	3.753573437500000e+04
6.349736328125000e+02	3.753424609375000e+04
6.352187500000000e+02	3.753169921875000e+04
6.359208984375000e+02	3.752515234375000e+04
6.365517578125000e+02	3.751874609375000e+04
6.370009765625000e+02	3.751284765625000e+04
6.370742187500000e+02	3.750936328125000e+04
6.368574218750000e+02	3.750787890625000e+04
6.364619140625000e+02	3.750780859375000e+04
6.360986328125000e+02	3.750795312500000e+04
6.356396484375000e+02	3.750930859375000e+04
6.354228515625000e+02	3.750916796875000e+04
6.354492187500000e+02	3.750767187500000e+04
6.355156250000000e+02	3.750587500000000e+04
6.356933593750000e+02	3.750309765625000e+04
6.358662109375000e+02	3.750007421875000e+04
6.359853515625000e+02	3.749755468750000e+04
6.360664062500000e+02	3.749495703125000e+04
6.362207031250000e+02	3.749175000000000e+04
6.363222656250000e+02	3.748880078125000e+04
6.364003906250000e+02	3.748588281250000e+04
6.365537109375000e+02	3.748231640625000e+04
6.364990234375000e+02	3.748015234375000e+04
6.364023437500000e+02	3.747830468750000e+04
6.361152343750000e+02	3.747803906250000e+04
6.358681640625000e+02	3.747775390625000e+04
6.355253906250000e+02	3.747841796875000e+04
6.354189453125000e+02	3.747780078125000e+04
6.354277343750000e+02	3.747641406250000e+04
6.356093750000000e+02	3.747364843750000e+04
6.358740234375000e+02	3.747005859375000e+04
6.362382812500000e+02	3.746562500000000e+04
6.364746093750000e+02	3.746163281250000e+04
6.365673828125000e+02	3.745847656250000e+04
6.367275390625000e+02	3.745467187500000e+04
6.366005859375000e+02	3.745288281250000e+04
6.360585937500000e+02	3.745434375000000e+04
6.356679687500000e+02	3.745520703125000e+04
6.353916015625000e+02	3.745548437500000e+04
6.351503906250000e+02	3.745599609375000e+04
6.353212890625000e+02	3.745363281250000e+04
6.357138671875000e+02	3.744940625000000e+04
6.359677734375000e+02	3.744603906250000e+04
6.364169921875000e+02	3.744066406250000e+04
6.366562500000000e+02	3.743654687500000e+04
6.364755859375000e+02	3.743529687500000e+04
6.364628906250000e+02	3.743276953125000e+04
6.362851562500000e+02	3.743164453125000e+04
6.358417968750000e+02	3.743273437500000e+04
6.356298828125000e+02	3.743242968750000e+04
6.355136718750000e+02	3.743165234375000e+04
6.354404296875000e+02	3.743071484375000e+04
6.357138671875000e+02	3.742728906250000e+04
6.360917968750000e+02	3.742287500000000e+04
6.363935546875000e+02	3.741858203125000e+04
6.364042968750000e+02	3.741617187500000e+04
6.365966796875000e+02	3.741224218750000e+04
6.364697265625000e+02	3.741064843750000e+04
6.360273437500000e+02	3.741150000000000e+04
6.358896484375000e+02	3.741040234375000e+04
6.357148437500000e+02	3.740985937500000e+04
6.355996093750000e+02	3.740897265625000e+04
6.355302734375000e+02	3.740795703125000e+04
6.356904296875000e+02	3.740534765625000e+04
6.358291015625000e+02	3.740261718750000e+04
6.360361328125000e+02	3.739939453125000e+04
6.361201171875000e+02	3.739671484375000e+04
6.362675781250000e+02	3.739353515625000e+04
6.361972656250000e+02	3.739187109375000e+04
6.361416015625000e+02	3.739006640625000e+04
6.360996093750000e+02	3.738823046875000e+04
6.359267578125000e+02	3.738749609375000e+04
6.357861328125000e+02	3.738653125000000e+04
6.359130859375000e+02	3.738387500000000e+04
6.357910156250000e+02	3.738290625000000e+04
6.355166015625000e+02	3.738337500000000e+04
6.355087890625000e+02	3.738177734375000e+04
6.355664062500000e+02	3.737997265625000e+04
6.356181640625000e+02	3.737819921875000e+04
6.358466796875000e+02	3.737478906250000e+04
6.360429687500000e+02	3.737167187500000e+04
6.361191406250000e+02	3.736905078125000e+04
6.360869140625000e+02	3.736725390625000e+04
6.361230468750000e+02	3.736490234375000e+04
6.359082031250000e+02	3.736447265625000e+04
6.357998046875000e+02	3.736328515625000e+04
6.356093750000000e+02	3.736308593750000e+04
6.355126953125000e+02	3.736210546875000e+04
6.355634765625000e+02	3.736033203125000e+04
6.356445312500000e+02	3.735833593750000e+04
6.357451171875000e+02	3.735585546875000e+04
6.359335937500000e+02	3.735288281250000e+04
6.361093750000000e+02	3.734964843750000e+04
6.360732421875000e+02	3.734792187500000e+04
6.359902343750000e+02	3.734653906250000e+04
6.361464843750000e+02	3.734326562500000e+04
6.357500000000000e+02	3.734423437500000e+04
6.357480468750000e+02	3.734251953125000e+04
6.357080078125000e+02	3.734098046875000e+04
6.355117187500000e+02	3.734099609375000e+04
6.353955078125000e+02	3.734040625000000e+04
6.355830078125000e+02	3.733754296875000e+04
6.357832031250000e+02	3.733460546875000e+04
6.359794921875000e+02	3.733150390625000e+04
6.363369140625000e+02	3.732685546875000e+04
6.363984375000000e+02	3.732414062500000e+04
6.361953125000000e+02	3.732329296875000e+04
6.361445312500000e+02	3.732139062500000e+04
6.359208984375000e+02	3.732096484375000e+04
6.357578125000000e+02	3.732029296875000e+04
6.356298828125000e+02	3.731951562500000e+04
6.355869140625000e+02	3.731832031250000e+04
6.356347656250000e+02	3.731627734375000e+04
6.356142578125000e+02	3.731498046875000e+04
6.356503906250000e+02	3.731324609375000e+04
6.356611328125000e+02	3.731144531250000e+04
6.356865234375000e+02	3.730978515625000e+04
6.359062500000000e+02	3.730646484375000e+04
6.358505859375000e+02	3.730512109375000e+04
6.358535156250000e+02	3.730325390625000e+04
6.359335937500000e+02	3.730095312500000e+04
6.358925781250000e+02	3.729923437500000e+04
6.357265625000000e+02	3.729876953125000e+04
6.356630859375000e+02	3.729742187500000e+04
6.355839843750000e+02	3.729655078125000e+04
6.355205078125000e+02	3.729542187500000e+04
6.354453125000000e+02	3.729456250000000e+04
6.355830078125000e+02	3.729218359375000e+04
6.358408203125000e+02	3.728882812500000e+04
6.359902343750000e+02	3.728580468750000e+04
6.363115234375000e+02	3.728149218750000e+04
6.363984375000000e+02	3.727859375000000e+04
6.363105468750000e+02	3.727686718750000e+04
6.361074218750000e+02	3.727607421875000e+04
6.359140625000000e+02	3.727542187500000e+04
6.357324218750000e+02	3.727489062500000e+04
6.355644531250000e+02	3.727443359375000e+04
6.355263671875000e+02	3.727313671875000e+04
6.357314453125000e+02	3.727020312500000e+04
6.358046875000000e+02	3.726799218750000e+04
6.358515625000000e+02	3.726591015625000e+04
6.360781250000000e+02	3.726231250000000e+04
6.361972656250000e+02	3.725948046875000e+04
6.360136718750000e+02	3.725877734375000e+04
6.359697265625000e+02	3.725701562500000e+04
6.358427734375000e+02	3.725600000000000e+04
6.356611328125000e+02	3.725567968750000e+04
6.354287109375000e+02	3.725567187500000e+04
6.354414062500000e+02	3.725421484375000e+04
6.355126953125000e+02	3.725237890625000e+04
6.352421875000000e+02	3.725310546875000e+04
6.354355468750000e+02	3.725042578125000e+04
6.356572265625000e+02	3.724751171875000e+04
6.356738281250000e+02	3.724574609375000e+04
6.359589843750000e+02	3.724204296875000e+04
6.359902343750000e+02	3.723992187500000e+04
6.360449218750000e+02	3.723759375000000e+04
6.359013671875000e+02	3.723671093750000e+04
6.358339843750000e+02	3.723525390625000e+04
6.358183593750000e+02	3.723366796875000e+04
6.358105468750000e+02	3.723182031250000e+04
6.359257812500000e+02	3.722929296875000e+04
6.358759765625000e+02	3.722776562500000e+04
6.358759765625000e+02	3.722592187500000e+04
6.360195312500000e+02	3.722305468750000e+04
6.358710937500000e+02	3.722212109375000e+04
6.357900390625000e+02	3.722092968750000e+04
6.359892578125000e+02	3.721761718750000e+04
6.359882812500000e+02	3.721569531250000e+04
6.360625000000000e+02	3.721321093750000e+04
6.361406250000000e+02	3.721062890625000e+04
6.362050781250000e+02	3.720796093750000e+04
6.359941406250000e+02	3.720737890625000e+04
6.357783203125000e+02	3.720703515625000e+04
6.356503906250000e+02	3.720628515625000e+04
6.354970703125000e+02	3.720581250000000e+04
6.356054687500000e+02	3.720344531250000e+04
6.357236328125000e+02	3.720112109375000e+04
6.356230468750000e+02	3.720032812500000e+04
6.355996093750000e+02	3.719884765625000e+04
6.358330078125000e+02	3.719563671875000e+04
6.358759765625000e+02	3.719351562500000e+04
6.356904296875000e+02	3.719325390625000e+04
6.357861328125000e+02	3.719068750000000e+04
6.356523437500000e+02	3.719010546875000e+04
6.356865234375000e+02	3.718817578125000e+04
6.356318359375000e+02	3.718697265625000e+04
6.355849609375000e+02	3.718587890625000e+04
6.355371093750000e+02	3.718464843750000e+04
6.354902343750000e+02	3.718353515625000e+04
6.357451171875000e+02	3.718024609375000e+04
6.358701171875000e+02	3.717766015625000e+04
6.359755859375000e+02	3.717508203125000e+04
6.362929687500000e+02	3.717069531250000e+04
6.363349609375000e+02	3.716819921875000e+04
6.362509765625000e+02	3.716651953125000e+04
6.362480468750000e+02	3.716419921875000e+04
6.360839843750000e+02	3.716321484375000e+04
6.359599609375000e+02	3.716205859375000e+04
6.358496093750000e+02	3.716098828125000e+04
6.359863281250000e+02	3.715802343750000e+04
6.357900390625000e+02	3.715770312500000e+04
6.358134765625000e+02	3.715562109375000e+04
6.359218750000000e+02	3.715310546875000e+04
6.357666015625000e+02	3.715243750000000e+04
6.357753906250000e+02	3.715057812500000e+04
6.358574218750000e+02	3.714826562500000e+04
6.357900390625000e+02	3.714699218750000e+04
6.357187500000000e+02	3.714583593750000e+04
6.359677734375000e+02	3.714217187500000e+04
6.357792968750000e+02	3.714187109375000e+04
6.355830078125000e+02	3.714147265625000e+04
6.357753906250000e+02	3.713846875000000e+04
6.357265625000000e+02	3.713715234375000e+04
6.355664062500000e+02	3.713673046875000e+04
6.356992187500000e+02	3.713428125000000e+04
6.356435546875000e+02	3.713300781250000e+04
6.354628906250000e+02	3.713286718750000e+04
6.356591796875000e+02	3.713001562500000e+04
6.359550781250000e+02	3.712610156250000e+04
6.359687500000000e+02	3.712429687500000e+04
6.360625000000000e+02	3.712150781250000e+04
6.361582031250000e+02	3.711880078125000e+04
6.359287109375000e+02	3.711846093750000e+04
6.358408203125000e+02	3.711721875000000e+04
6.357265625000000e+02	3.711617578125000e+04
6.355830078125000e+02	3.711566796875000e+04
6.356347656250000e+02	3.711372265625000e+04
6.356230468750000e+02	3.711220312500000e+04
6.357744140625000e+02	3.710960156250000e+04
6.359687500000000e+02	3.710639843750000e+04
6.359853515625000e+02	3.710453125000000e+04
6.360078125000000e+02	3.710225781250000e+04
6.361533203125000e+02	3.709917187500000e+04
6.360605468750000e+02	3.709782031250000e+04
6.360224609375000e+02	3.709607812500000e+04
6.357705078125000e+02	3.709592187500000e+04
6.356152343750000e+02	3.709536328125000e+04
6.354492187500000e+02	3.709502343750000e+04
6.353398437500000e+02	3.709450781250000e+04
6.353427734375000e+02	3.709325000000000e+04
6.353574218750000e+02	3.709192187500000e+04
6.355703125000000e+02	3.708909375000000e+04
6.356777343750000e+02	3.708679687500000e+04
6.358554687500000e+02	3.708383984375000e+04
6.357753906250000e+02	3.708276562500000e+04
6.356347656250000e+02	3.708205078125000e+04
6.357324218750000e+02	3.707982031250000e+04
6.355029296875000e+02	3.707979687500000e+04
6.354013671875000e+02	3.707917578125000e+04
6.351708984375000e+02	3.707964453125000e+04
6.352255859375000e+02	3.707809765625000e+04
6.352265625000000e+02	3.707704687500000e+04
6.352792968750000e+02	3.707557421875000e+04
6.355869140625000e+02	3.707205468750000e+04
6.356777343750000e+02	3.706998437500000e+04
6.357607421875000e+02	3.706773828125000e+04
6.358808593750000e+02	3.706513281250000e+04
6.360332031250000e+02	3.706217578125000e+04
6.359638671875000e+02	3.706083203125000e+04
