7.028315429687500e+02	1.454447656250000e+04
7.029096679687500e+02	1.454638671875000e+04
7.030102539062500e+02	1.454602343750000e+04
7.031054687500000e+02	1.454601953125000e+04
7.030302734375000e+02	1.454660546875000e+04
7.030771484375000e+02	1.454701562500000e+04
7.031030273437500e+02	1.454719140625000e+04
7.030336914062500e+02	1.454773046875000e+04
7.029716796875000e+02	1.454915234375000e+04
7.029780273437500e+02	1.454931250000000e+04
7.029184570312500e+02	1.455030078125000e+04
7.028925781250000e+02	1.455112890625000e+04
7.030385742187500e+02	1.455043750000000e+04
7.029521484375000e+02	1.455182031250000e+04
7.030522460937500e+02	1.455104296875000e+04
7.032260742187500e+02	1.455076562500000e+04
7.032890625000000e+02	1.455036328125000e+04
7.033261718750000e+02	1.455007421875000e+04
7.031591796875000e+02	1.455137109375000e+04
7.034291992187500e+02	1.454927734375000e+04
7.032641601562500e+02	1.455055468750000e+04
7.032026367187500e+02	1.455113671875000e+04
7.033149414062500e+02	1.455131250000000e+04
7.031069335937500e+02	1.455292578125000e+04
7.032343750000000e+02	1.455193750000000e+04
7.032988281250000e+02	1.455143750000000e+04
7.032050781250000e+02	1.455216796875000e+04
7.033413085937500e+02	1.455182031250000e+04
7.033984375000000e+02	1.455182031250000e+04
7.035195312500000e+02	1.455087890625000e+04
7.035122070312500e+02	1.455093750000000e+04
7.034204101562500e+02	1.455074609375000e+04
7.034428710937500e+02	1.455032031250000e+04
7.034379882812500e+02	1.455035937500000e+04
7.035234375000000e+02	1.454969531250000e+04
7.035419921875000e+02	1.454955468750000e+04
7.034663085937500e+02	1.455014062500000e+04
7.035195312500000e+02	1.454972656250000e+04
7.034653320312500e+02	1.455014843750000e+04
7.035620117187500e+02	1.454939843750000e+04
7.036127929687500e+02	1.454900390625000e+04
7.034687500000000e+02	1.454911718750000e+04
7.034565429687500e+02	1.454906250000000e+04
7.034204101562500e+02	1.454934375000000e+04
7.036240234375000e+02	1.454776562500000e+04
7.034653320312500e+02	1.454899609375000e+04
7.036323242187500e+02	1.454769921875000e+04
7.036215820312500e+02	1.454778515625000e+04
7.035444335937500e+02	1.454806640625000e+04
7.036435546875000e+02	1.454645703125000e+04
7.038632812500000e+02	1.454475390625000e+04
7.038198242187500e+02	1.454487890625000e+04
7.037700195312500e+02	1.454432421875000e+04
7.037641601562500e+02	1.454436718750000e+04
7.036250000000000e+02	1.454471484375000e+04
7.034912109375000e+02	1.454533203125000e+04
7.034838867187500e+02	1.454539062500000e+04
7.034814453125000e+02	1.454541015625000e+04
7.034067382812500e+02	1.454598828125000e+04
7.036596679687500e+02	1.454402734375000e+04
7.037255859375000e+02	1.454324218750000e+04
7.037231445312500e+02	1.454238281250000e+04
7.038496093750000e+02	1.454140234375000e+04
7.039736328125000e+02	1.453978906250000e+04
7.038281250000000e+02	1.454041406250000e+04
7.039399414062500e+02	1.453883593750000e+04
7.039287109375000e+02	1.453848437500000e+04
7.036943359375000e+02	1.453950000000000e+04
7.035112304687500e+02	1.454056640625000e+04
7.035024414062500e+02	1.454063281250000e+04
7.035410156250000e+02	1.454033203125000e+04
7.037416992187500e+02	1.453877734375000e+04
7.039462890625000e+02	1.453628906250000e+04
7.039335937500000e+02	1.453613671875000e+04
7.040527343750000e+02	1.453426953125000e+04
7.041928710937500e+02	1.453257421875000e+04
7.041728515625000e+02	1.453187109375000e+04
7.041455078125000e+02	1.453103515625000e+04
7.040786132812500e+02	1.453061328125000e+04
7.039707031250000e+02	1.453073437500000e+04
7.037529296875000e+02	1.453177343750000e+04
7.038110351562500e+02	1.453075390625000e+04
7.037241210937500e+02	1.453084375000000e+04
7.036669921875000e+02	1.453128515625000e+04
7.038247070312500e+02	1.452939062500000e+04
7.040292968750000e+02	1.452732421875000e+04
7.041347656250000e+02	1.452585546875000e+04
7.041557617187500e+02	1.452494140625000e+04
7.043554687500000e+02	1.452242578125000e+04
7.042919921875000e+02	1.452182812500000e+04
7.042534179687500e+02	1.452101562500000e+04
7.040551757812500e+02	1.452156640625000e+04
7.039833984375000e+02	1.452130468750000e+04
7.039091796875000e+02	1.452133593750000e+04
7.038769531250000e+02	1.452066406250000e+04
7.038681640625000e+02	1.452050390625000e+04
7.037441406250000e+02	1.452054296875000e+04
7.039658203125000e+02	1.451859375000000e+04
7.040068359375000e+02	1.451745703125000e+04
7.040712890625000e+02	1.451645312500000e+04
7.042041015625000e+02	1.451443750000000e+04
7.042397460937500e+02	1.451325781250000e+04
7.041977539062500e+02	1.451266015625000e+04
7.042524414062500e+02	1.451129687500000e+04
7.043081054687500e+02	1.450996093750000e+04
7.041308593750000e+02	1.451039453125000e+04
7.040751953125000e+02	1.450969531250000e+04
7.041992187500000e+02	1.450797656250000e+04
7.042260742187500e+02	1.450688671875000e+04
7.040454101562500e+02	1.450741015625000e+04
7.041083984375000e+02	1.450595703125000e+04
7.041171875000000e+02	1.450492187500000e+04
7.041074218750000e+02	1.450420312500000e+04
7.041865234375000e+02	1.450281640625000e+04
7.042202148437500e+02	1.450163281250000e+04
7.041704101562500e+02	1.450094921875000e+04
7.042314453125000e+02	1.449961328125000e+04
7.042075195312500e+02	1.449885546875000e+04
7.039116210937500e+02	1.450039843750000e+04
7.040600585937500e+02	1.449826171875000e+04
7.041445312500000e+02	1.449697656250000e+04
7.039038085937500e+02	1.449823828125000e+04
7.039970703125000e+02	1.449644531250000e+04
7.041025390625000e+02	1.449518359375000e+04
7.040278320312500e+02	1.449505078125000e+04
7.040390625000000e+02	1.449387109375000e+04
7.041372070312500e+02	1.449246484375000e+04
7.041542968750000e+02	1.449153515625000e+04
7.041010742187500e+02	1.449102343750000e+04
7.042475585937500e+02	1.448885937500000e+04
7.041743164062500e+02	1.448859375000000e+04
7.040810546875000e+02	1.448847656250000e+04
7.041123046875000e+02	1.448747656250000e+04
7.040947265625000e+02	1.448660937500000e+04
7.040278320312500e+02	1.448645703125000e+04
7.040888671875000e+02	1.448535546875000e+04
7.041508789062500e+02	1.448373828125000e+04
7.041743164062500e+02	1.448282812500000e+04
7.040976562500000e+02	1.448260156250000e+04
7.042934570312500e+02	1.448018359375000e+04
7.041591796875000e+02	1.448019531250000e+04
7.042363281250000e+02	1.447855078125000e+04
7.042299804687500e+02	1.447767578125000e+04
7.040068359375000e+02	1.447848437500000e+04
7.041767578125000e+02	1.447641406250000e+04
7.040986328125000e+02	1.447605468750000e+04
7.041123046875000e+02	1.447504687500000e+04
7.041108398437500e+02	1.447428125000000e+04
7.041284179687500e+02	1.447336718750000e+04
7.042114257812500e+02	1.447171875000000e+04
7.042314453125000e+02	1.447059765625000e+04
7.042460937500000e+02	1.446960546875000e+04
7.042597656250000e+02	1.446851562500000e+04
7.040751953125000e+02	1.446904687500000e+04
7.040913085937500e+02	1.446804296875000e+04
7.040688476562500e+02	1.446720703125000e+04
7.039760742187500e+02	1.446725781250000e+04
7.039882812500000e+02	1.446653125000000e+04
7.040502929687500e+02	1.446514843750000e+04
7.041606445312500e+02	1.446368750000000e+04
7.040454101562500e+02	1.446378515625000e+04
7.043081054687500e+02	1.446069921875000e+04
7.043388671875000e+02	1.445955468750000e+04
7.043217773437500e+02	1.445862109375000e+04
7.044604492187500e+02	1.445641406250000e+04
7.043837890625000e+02	1.445579296875000e+04
7.042783203125000e+02	1.445543750000000e+04
7.042089843750000e+02	1.445488671875000e+04
7.039028320312500e+02	1.445635937500000e+04
7.038447265625000e+02	1.445611328125000e+04
7.039013671875000e+02	1.445502734375000e+04
7.040141601562500e+02	1.445364843750000e+04
7.039038085937500e+02	1.445383203125000e+04
7.041494140625000e+02	1.445144531250000e+04
7.043540039062500e+02	1.444878906250000e+04
7.042758789062500e+02	1.444841015625000e+04
7.044545898437500e+02	1.444595703125000e+04
7.044780273437500e+02	1.444457812500000e+04
7.044169921875000e+02	1.444381640625000e+04
7.043564453125000e+02	1.444304687500000e+04
7.041381835937500e+02	1.444358984375000e+04
7.040913085937500e+02	1.444294921875000e+04
7.039311523437500e+02	1.444347656250000e+04
7.039414062500000e+02	1.444268359375000e+04
7.040083007812500e+02	1.444136718750000e+04
7.041293945312500e+02	1.443994531250000e+04
7.042919921875000e+02	1.443765625000000e+04
7.043491210937500e+02	1.443627343750000e+04
7.043105468750000e+02	1.443550000000000e+04
7.043750000000000e+02	1.443391015625000e+04
7.043203125000000e+02	1.443320703125000e+04
7.041938476562500e+02	1.443307421875000e+04
7.039809570312500e+02	1.443386328125000e+04
7.038964843750000e+02	1.443380859375000e+04
7.039252929687500e+02	1.443274218750000e+04
7.039438476562500e+02	1.443228906250000e+04
7.039438476562500e+02	1.443134765625000e+04
7.039794921875000e+02	1.443073437500000e+04
7.039199218750000e+02	1.443016796875000e+04
7.041074218750000e+02	1.442827343750000e+04
7.039199218750000e+02	1.442901562500000e+04
7.040776367187500e+02	1.442691015625000e+04
7.041147460937500e+02	1.442601171875000e+04
7.040639648437500e+02	1.442558984375000e+04
7.039101562500000e+02	1.442575390625000e+04
7.038593750000000e+02	1.442587500000000e+04
7.038271484375000e+02	1.442512109375000e+04
7.036152343750000e+02	1.442676562500000e+04
7.037128906250000e+02	1.442531640625000e+04
7.039013671875000e+02	1.442339453125000e+04
7.037539062500000e+02	1.442453906250000e+04
7.039921875000000e+02	1.442160156250000e+04
7.040776367187500e+02	1.442072656250000e+04
7.040664062500000e+02	1.441980468750000e+04
7.041752929687500e+02	1.441822656250000e+04
7.043105468750000e+02	1.441633984375000e+04
7.042089843750000e+02	1.441612109375000e+04
7.040600585937500e+02	1.441637890625000e+04
7.042880859375000e+02	1.441347656250000e+04
7.042363281250000e+02	1.441293750000000e+04
7.040864257812500e+02	1.441312890625000e+04
7.040898437500000e+02	1.441241406250000e+04
7.039262695312500e+02	1.441282031250000e+04
7.039189453125000e+02	1.441212500000000e+04
7.038706054687500e+02	1.441210156250000e+04
7.039697265625000e+02	1.441055859375000e+04
7.039213867187500e+02	1.441055468750000e+04
7.041196289062500e+02	1.440797265625000e+04
7.042534179687500e+02	1.440630468750000e+04
7.040366210937500e+02	1.440708203125000e+04
7.039970703125000e+02	1.440650781250000e+04
7.041259765625000e+02	1.440460546875000e+04
7.040083007812500e+02	1.440497656250000e+04
7.039277343750000e+02	1.440474218750000e+04
7.039223632812500e+02	1.440425781250000e+04
7.038012695312500e+02	1.440457031250000e+04
7.037265625000000e+02	1.440460546875000e+04
7.038457031250000e+02	1.440307031250000e+04
7.038842773437500e+02	1.440269140625000e+04
7.037207031250000e+02	1.440289062500000e+04
7.038793945312500e+02	1.440166015625000e+04
7.040751953125000e+02	1.439921484375000e+04
7.041049804687500e+02	1.439848046875000e+04
7.041430664062500e+02	1.439730468750000e+04
7.039995117187500e+02	1.439745312500000e+04
7.040913085937500e+02	1.439607421875000e+04
7.041396484375000e+02	1.439502734375000e+04
7.040576171875000e+02	1.439455468750000e+04
7.039311523437500e+02	1.439488281250000e+04
7.038149414062500e+02	1.439524218750000e+04
7.039013671875000e+02	1.439385546875000e+04
7.039150390625000e+02	1.439330859375000e+04
7.039770507812500e+02	1.439205468750000e+04
7.041542968750000e+02	1.439023828125000e+04
7.042104492187500e+02	1.438871093750000e+04
7.042944335937500e+02	1.438715625000000e+04
7.043095703125000e+02	1.438607812500000e+04
7.041518554687500e+02	1.438629687500000e+04
7.041630859375000e+02	1.438530468750000e+04
7.040761718750000e+02	1.438514062500000e+04
7.040502929687500e+02	1.438425000000000e+04
7.038940429687500e+02	1.438483203125000e+04
7.040219726562500e+02	1.438325390625000e+04
7.040551757812500e+02	1.438213671875000e+04
7.039062500000000e+02	1.438278906250000e+04
7.040380859375000e+02	1.438082421875000e+04
7.040244140625000e+02	1.438032421875000e+04
7.041293945312500e+02	1.437887890625000e+04
7.040971679687500e+02	1.437805859375000e+04
7.041728515625000e+02	1.437667578125000e+04
7.040786132812500e+02	1.437671484375000e+04
7.039038085937500e+02	1.437725390625000e+04
7.039897460937500e+02	1.437578906250000e+04
7.039511718750000e+02	1.437573437500000e+04
7.039150390625000e+02	1.437488281250000e+04
7.040971679687500e+02	1.437315625000000e+04
7.040639648437500e+02	1.437255468750000e+04
7.040415039062500e+02	1.437186718750000e+04
7.040849609375000e+02	1.437092187500000e+04
7.039536132812500e+02	1.437110156250000e+04
7.038681640625000e+02	1.437088671875000e+04
7.038891601562500e+02	1.437044921875000e+04
7.038530273437500e+02	1.436974609375000e+04
7.039472656250000e+02	1.436884765625000e+04
7.037700195312500e+02	1.436925781250000e+04
7.039262695312500e+02	1.436785546875000e+04
7.039858398437500e+02	1.436655468750000e+04
7.040971679687500e+02	1.436525390625000e+04
7.042299804687500e+02	1.436319140625000e+04
7.041494140625000e+02	1.436287500000000e+04
7.041704101562500e+02	1.436179296875000e+04
7.041904296875000e+02	1.436079687500000e+04
7.039326171875000e+02	1.436204296875000e+04
7.036347656250000e+02	1.436341015625000e+04
7.037553710937500e+02	1.436226562500000e+04
7.037368164062500e+02	1.436228515625000e+04
7.038134765625000e+02	1.436066015625000e+04
7.041098632812500e+02	1.435836328125000e+04
7.042919921875000e+02	1.435583593750000e+04
7.041083984375000e+02	1.435644531250000e+04
7.043613281250000e+02	1.435360156250000e+04
7.043823242187500e+02	1.435243359375000e+04
7.042114257812500e+02	1.435262500000000e+04
7.042421875000000e+02	1.435135937500000e+04
7.043452148437500e+02	1.434953515625000e+04
7.040576171875000e+02	1.435069531250000e+04
7.038852539062500e+02	1.435104687500000e+04
7.039116210937500e+02	1.435061328125000e+04
7.036274414062500e+02	1.435172656250000e+04
7.036547851562500e+02	1.435151562500000e+04
7.038852539062500e+02	1.434955859375000e+04
7.040688476562500e+02	1.434714843750000e+04
7.041865234375000e+02	1.434573437500000e+04
7.042524414062500e+02	1.434432421875000e+04
7.041679687500000e+02	1.434401562500000e+04
7.039843750000000e+02	1.434434375000000e+04
7.037988281250000e+02	1.434513671875000e+04
7.035927734375000e+02	1.434623046875000e+04
7.034838867187500e+02	1.434707421875000e+04
7.034550781250000e+02	1.434729687500000e+04
7.035161132812500e+02	1.434682421875000e+04
7.036210937500000e+02	1.434542187500000e+04
7.039301757812500e+02	1.434246093750000e+04
7.039038085937500e+02	1.434266406250000e+04
7.039599609375000e+02	1.434114062500000e+04
7.040625000000000e+02	1.433998828125000e+04
7.044160156250000e+02	1.433638671875000e+04
7.045361328125000e+02	1.433430078125000e+04
7.043984375000000e+02	1.433406640625000e+04
7.043525390625000e+02	1.433326953125000e+04
7.041220703125000e+02	1.433405468750000e+04
7.037119140625000e+02	1.433610156250000e+04
7.036733398437500e+02	1.433638281250000e+04
7.037441406250000e+02	1.433509765625000e+04
7.037788085937500e+02	1.433441015625000e+04
7.039472656250000e+02	1.433291796875000e+04
7.042211914062500e+02	1.432982812500000e+04
7.043515625000000e+02	1.432799609375000e+04
7.043168945312500e+02	1.432721875000000e+04
7.044121093750000e+02	1.432534765625000e+04
7.041977539062500e+02	1.432585546875000e+04
7.040156250000000e+02	1.432626562500000e+04
7.039980468750000e+02	1.432579296875000e+04
7.038173828125000e+02	1.432606250000000e+04
7.035878906250000e+02	1.432782031250000e+04
7.034863281250000e+02	1.432835546875000e+04
7.034404296875000e+02	1.432780859375000e+04
7.035034179687500e+02	1.432732031250000e+04
7.037851562500000e+02	1.432513671875000e+04
7.040019531250000e+02	1.432345312500000e+04
7.039335937500000e+02	1.432316796875000e+04
7.039609375000000e+02	1.432260156250000e+04
7.039199218750000e+02	1.432178515625000e+04
7.039375000000000e+02	1.432131250000000e+04
7.038779296875000e+02	1.432095703125000e+04
7.039003906250000e+02	1.432034375000000e+04
7.037451171875000e+02	1.432083593750000e+04
7.037241210937500e+02	1.432093750000000e+04
7.038964843750000e+02	1.431850781250000e+04
7.039277343750000e+02	1.431826562500000e+04
7.039140625000000e+02	1.431749218750000e+04
7.041074218750000e+02	1.431571875000000e+04
7.041645507812500e+02	1.431418359375000e+04
7.040776367187500e+02	1.431418750000000e+04
7.042387695312500e+02	1.431214453125000e+04
7.042587890625000e+02	1.431098046875000e+04
7.040415039062500e+02	1.431162109375000e+04
7.040043945312500e+02	1.431096093750000e+04
7.040649414062500e+02	1.430990234375000e+04
7.038730468750000e+02	1.431061718750000e+04
7.038779296875000e+02	1.430982421875000e+04
7.039956054687500e+02	1.430851562500000e+04
7.040317382812500e+02	1.430726953125000e+04
7.039907226562500e+02	1.430710546875000e+04
7.039287109375000e+02	1.430673046875000e+04
7.038012695312500e+02	1.430708984375000e+04
7.035654296875000e+02	1.430839453125000e+04
7.035903320312500e+02	1.430820312500000e+04
7.036782226562500e+02	1.430751953125000e+04
7.037045898437500e+02	1.430622265625000e+04
7.038583984375000e+02	1.430496484375000e+04
7.039199218750000e+02	1.430421484375000e+04
7.039946289062500e+02	1.430275781250000e+04
7.040800781250000e+02	1.430161328125000e+04
7.039511718750000e+02	1.430194140625000e+04
7.040839843750000e+02	1.429990625000000e+04
7.039907226562500e+02	1.430014453125000e+04
7.039213867187500e+02	1.429986718750000e+04
7.037504882812500e+02	1.430054687500000e+04
7.039770507812500e+02	1.429828515625000e+04
7.038554687500000e+02	1.429866015625000e+04
7.037963867187500e+02	1.429852734375000e+04
7.038222656250000e+02	1.429791015625000e+04
7.040302734375000e+02	1.429556250000000e+04
7.040761718750000e+02	1.429476562500000e+04
7.042089843750000e+02	1.429298046875000e+04
7.042500000000000e+02	1.429155468750000e+04
7.042934570312500e+02	1.429023046875000e+04
7.042001953125000e+02	1.428994921875000e+04
7.041049804687500e+02	1.428972265625000e+04
7.039497070312500e+02	1.429017187500000e+04
7.036782226562500e+02	1.429137500000000e+04
7.037070312500000e+02	1.429115234375000e+04
7.036372070312500e+02	1.429104296875000e+04
7.036748046875000e+02	1.429025000000000e+04
7.038544921875000e+02	1.428885546875000e+04
7.038842773437500e+02	1.428801562500000e+04
7.039497070312500e+02	1.428696484375000e+04
7.038964843750000e+02	1.428666796875000e+04
7.039067382812500e+02	1.428614453125000e+04
7.039624023437500e+02	1.428487500000000e+04
7.038417968750000e+02	1.428549609375000e+04
7.038383789062500e+02	1.428457812500000e+04
7.036313476562500e+02	1.428597265625000e+04
7.036484375000000e+02	1.428571484375000e+04
7.037949218750000e+02	1.428355078125000e+04
7.037988281250000e+02	1.428352343750000e+04
7.037827148437500e+02	1.428331250000000e+04
7.040244140625000e+02	1.428062109375000e+04
7.040180664062500e+02	1.428020703125000e+04
7.040390625000000e+02	1.427935156250000e+04
7.041455078125000e+02	1.427764843750000e+04
7.039907226562500e+02	1.427817578125000e+04
7.038779296875000e+02	1.427829687500000e+04
7.039809570312500e+02	1.427667968750000e+04
7.038852539062500e+02	1.427708593750000e+04
7.037006835937500e+02	1.427763671875000e+04
7.037612304687500e+02	1.427689453125000e+04
7.038544921875000e+02	1.427581640625000e+04
7.037973632812500e+02	1.427546093750000e+04
7.038818359375000e+02	1.427472656250000e+04
7.040429687500000e+02	1.427240625000000e+04
7.040068359375000e+02	1.427230468750000e+04
7.039536132812500e+02	1.427194531250000e+04
7.041098632812500e+02	1.426993750000000e+04
7.038964843750000e+02	1.427108984375000e+04
7.038496093750000e+02	1.427044531250000e+04
7.039077148437500e+02	1.426984375000000e+04
7.037207031250000e+02	1.427029296875000e+04
7.036943359375000e+02	1.427049609375000e+04
7.037241210937500e+02	1.426982421875000e+04
7.036538085937500e+02	1.426966015625000e+04
7.037490234375000e+02	1.426891796875000e+04
7.038989257812500e+02	1.426717187500000e+04
7.041293945312500e+02	1.426481640625000e+04
7.040864257812500e+02	1.426424609375000e+04
7.042314453125000e+02	1.426242968750000e+04
7.042612304687500e+02	1.426132031250000e+04
7.041083984375000e+02	1.426151953125000e+04
7.041791992187500e+02	1.425987890625000e+04
7.040839843750000e+02	1.425986328125000e+04
7.039174804687500e+02	1.426054687500000e+04
7.038803710937500e+02	1.425983203125000e+04
7.039335937500000e+02	1.425912500000000e+04
7.039077148437500e+02	1.425846484375000e+04
7.038310546875000e+02	1.425864453125000e+04
7.040664062500000e+02	1.425608203125000e+04
7.041132812500000e+02	1.425498437500000e+04
7.039199218750000e+02	1.425589453125000e+04
7.039658203125000e+02	1.425455468750000e+04
7.039882812500000e+02	1.425379296875000e+04
7.039809570312500e+02	1.425328515625000e+04
7.039360351562500e+02	1.425260546875000e+04
7.039785156250000e+02	1.425204687500000e+04
7.039091796875000e+02	1.425153515625000e+04
7.038037109375000e+02	1.425220703125000e+04
7.039785156250000e+02	1.424984765625000e+04
7.040131835937500e+02	1.424930468750000e+04
7.039228515625000e+02	1.424912109375000e+04
7.042661132812500e+02	1.424576953125000e+04
7.041308593750000e+02	1.424606250000000e+04
7.039091796875000e+02	1.424692187500000e+04
7.039809570312500e+02	1.424544531250000e+04
7.038715820312500e+02	1.424601953125000e+04
7.037153320312500e+02	1.424612109375000e+04
7.036459960937500e+02	1.424666015625000e+04
7.036997070312500e+02	1.424601171875000e+04
7.036870117187500e+02	1.424519140625000e+04
7.037080078125000e+02	1.424502734375000e+04
7.039262695312500e+02	1.424322656250000e+04
7.038344726562500e+02	1.424289062500000e+04
7.039897460937500e+02	1.424162109375000e+04
7.040688476562500e+02	1.423991796875000e+04
7.039868164062500e+02	1.423998828125000e+04
7.039897460937500e+02	1.423937890625000e+04
7.040517578125000e+02	1.423785156250000e+04
7.039584960937500e+02	1.423800781250000e+04
7.039423828125000e+02	1.423744140625000e+04
7.039101562500000e+02	1.423691796875000e+04
7.039633789062500e+02	1.423612890625000e+04
7.037626953125000e+02	1.423675781250000e+04
7.039794921875000e+02	1.423484765625000e+04
7.041025390625000e+02	1.423292578125000e+04
7.040058593750000e+02	1.423313281250000e+04
7.041035156250000e+02	1.423157812500000e+04
7.040947265625000e+02	1.423072656250000e+04
7.040107421875000e+02	1.423066796875000e+04
7.039375000000000e+02	1.423056250000000e+04
7.038471679687500e+02	1.423044921875000e+04
7.038359375000000e+02	1.423019921875000e+04
7.038286132812500e+02	1.422962500000000e+04
7.038037109375000e+02	1.422929296875000e+04
7.038730468750000e+02	1.422852343750000e+04
7.039091796875000e+02	1.422732031250000e+04
7.040439453125000e+02	1.422598437500000e+04
7.039497070312500e+02	1.422585546875000e+04
7.039672851562500e+02	1.422490234375000e+04
7.039931640625000e+02	1.422434765625000e+04
7.037290039062500e+02	1.422526171875000e+04
7.037343750000000e+02	1.422522265625000e+04
7.037241210937500e+02	1.422456640625000e+04
7.037343750000000e+02	1.422407031250000e+04
7.036425781250000e+02	1.422478125000000e+04
7.038061523437500e+02	1.422292187500000e+04
7.039770507812500e+02	1.422103125000000e+04
7.039350585937500e+02	1.422095703125000e+04
7.040502929687500e+02	1.421930859375000e+04
7.040688476562500e+02	1.421839062500000e+04
7.041035156250000e+02	1.421744921875000e+04
7.040566406250000e+02	1.421695703125000e+04
7.040092773437500e+02	1.421642187500000e+04
7.038666992187500e+02	1.421700390625000e+04
7.038520507812500e+02	1.421623828125000e+04
7.037602539062500e+02	1.421680078125000e+04
7.037255859375000e+02	1.421606250000000e+04
7.037207031250000e+02	1.421610156250000e+04
7.038022460937500e+02	1.421508984375000e+04
7.039399414062500e+02	1.421324609375000e+04
7.039091796875000e+02	1.421317187500000e+04
7.040541992187500e+02	1.421120703125000e+04
7.040639648437500e+02	1.421048437500000e+04
7.040463867187500e+02	1.421003515625000e+04
7.039062500000000e+02	1.421005078125000e+04
7.039414062500000e+02	1.420937890625000e+04
7.036757812500000e+02	1.421068750000000e+04
7.036884765625000e+02	1.421058984375000e+04
7.037192382812500e+02	1.420938281250000e+04
7.036435546875000e+02	1.420978125000000e+04
7.036870117187500e+02	1.420944531250000e+04
7.037812500000000e+02	1.420816796875000e+04
7.037973632812500e+02	1.420743359375000e+04
7.038046875000000e+02	1.420737890625000e+04
7.039487304687500e+02	1.420525781250000e+04
7.039599609375000e+02	1.420502343750000e+04
7.038183593750000e+02	1.420501171875000e+04
7.039882812500000e+02	1.420364843750000e+04
7.039682617187500e+02	1.420267187500000e+04
7.037666015625000e+02	1.420411328125000e+04
7.037402343750000e+02	1.420326953125000e+04
7.037368164062500e+02	1.420329687500000e+04
7.036352539062500e+02	1.420374609375000e+04
7.037587890625000e+02	1.420196875000000e+04
7.039921875000000e+02	1.420016015625000e+04
7.038779296875000e+02	1.420024609375000e+04
7.039389648437500e+02	1.419941796875000e+04
7.040390625000000e+02	1.419771875000000e+04
7.038496093750000e+02	1.419881250000000e+04
7.038393554687500e+02	1.419788671875000e+04
7.039326171875000e+02	1.419710156250000e+04
7.038554687500000e+02	1.419660937500000e+04
7.037080078125000e+02	1.419775390625000e+04
7.037626953125000e+02	1.419640625000000e+04
7.038149414062500e+02	1.419577343750000e+04
7.037934570312500e+02	1.419549609375000e+04
7.038295898437500e+02	1.419450000000000e+04
7.039897460937500e+02	1.419296484375000e+04
7.040268554687500e+02	1.419182031250000e+04
7.040786132812500e+02	1.419080859375000e+04
7.040600585937500e+02	1.419036718750000e+04
7.041186523437500e+02	1.418880078125000e+04
7.041347656250000e+02	1.418794140625000e+04
7.040888671875000e+02	1.418757031250000e+04
7.038149414062500e+02	1.418885546875000e+04
7.038979492187500e+02	1.418753906250000e+04
7.038295898437500e+02	1.418758203125000e+04
7.037739257812500e+02	1.418755468750000e+04
7.038657226562500e+02	1.418615234375000e+04
7.039584960937500e+02	1.418519921875000e+04
7.038691406250000e+02	1.418497265625000e+04
7.038891601562500e+02	1.418448046875000e+04
7.040639648437500e+02	1.418230859375000e+04
7.040405273437500e+02	1.418188281250000e+04
7.038608398437500e+02	1.418273046875000e+04
7.039648437500000e+02	1.418096093750000e+04
7.039721679687500e+02	1.418067187500000e+04
7.036684570312500e+02	1.418191406250000e+04
7.038369140625000e+02	1.418060937500000e+04
7.037949218750000e+02	1.418024218750000e+04
7.036425781250000e+02	1.418096484375000e+04
7.038061523437500e+02	1.417952734375000e+04
7.038447265625000e+02	1.417824218750000e+04
7.039165039062500e+02	1.417768750000000e+04
7.038706054687500e+02	1.417697265625000e+04
7.039921875000000e+02	1.417586718750000e+04
7.039301757812500e+02	1.417527734375000e+04
7.038061523437500e+02	1.417607031250000e+04
7.039721679687500e+02	1.417379296875000e+04
7.037988281250000e+02	1.417503515625000e+04
7.035854492187500e+02	1.417564062500000e+04
7.036835937500000e+02	1.417487890625000e+04
7.037675781250000e+02	1.417423046875000e+04
7.036845703125000e+02	1.417403125000000e+04
7.037192382812500e+02	1.417345312500000e+04
7.038579101562500e+02	1.417237500000000e+04
7.037812500000000e+02	1.417198437500000e+04
7.036684570312500e+02	1.417269140625000e+04
7.037963867187500e+02	1.417148828125000e+04
7.037392578125000e+02	1.417099218750000e+04
7.036992187500000e+02	1.417130078125000e+04
7.037055664062500e+02	1.417081250000000e+04
7.036176757812500e+02	1.417078125000000e+04
7.037666015625000e+02	1.416962890625000e+04
7.037724609375000e+02	1.416939453125000e+04
7.038793945312500e+02	1.416759765625000e+04
7.037700195312500e+02	1.416844531250000e+04
7.039287109375000e+02	1.416633593750000e+04
7.038666992187500e+02	1.416654296875000e+04
7.037426757812500e+02	1.416668750000000e+04
7.038818359375000e+02	1.416527343750000e+04
7.037626953125000e+02	1.416575390625000e+04
7.036401367187500e+02	1.416599609375000e+04
7.036997070312500e+02	1.416553125000000e+04
7.037666015625000e+02	1.416449218750000e+04
7.036152343750000e+02	1.416503515625000e+04
7.036572265625000e+02	1.416471093750000e+04
7.036748046875000e+02	1.416457421875000e+04
7.036674804687500e+02	1.416368750000000e+04
7.036240234375000e+02	1.416381640625000e+04
7.038310546875000e+02	1.416221093750000e+04
7.037490234375000e+02	1.416233984375000e+04
7.036040039062500e+02	1.416281250000000e+04
7.037231445312500e+02	1.416189062500000e+04
7.037529296875000e+02	1.416142968750000e+04
7.037626953125000e+02	1.416042968750000e+04
7.038012695312500e+02	1.416013281250000e+04
7.039472656250000e+02	1.415837109375000e+04
7.037700195312500e+02	1.415922265625000e+04
7.039140625000000e+02	1.415749609375000e+04
7.038916015625000e+02	1.415712500000000e+04
7.037343750000000e+02	1.415769921875000e+04
7.036870117187500e+02	1.415756250000000e+04
7.037353515625000e+02	1.415718750000000e+04
7.035805664062500e+02	1.415757031250000e+04
7.035209960937500e+02	1.415769531250000e+04
7.036176757812500e+02	1.415694531250000e+04
7.035917968750000e+02	1.415714843750000e+04
7.034951171875000e+02	1.415789843750000e+04
7.036611328125000e+02	1.415658984375000e+04
7.036733398437500e+02	1.415535937500000e+04
7.037402343750000e+02	1.415483984375000e+04
7.038593750000000e+02	1.415391406250000e+04
7.038989257812500e+02	1.415268750000000e+04
7.038149414062500e+02	1.415310937500000e+04
7.039448242187500e+02	1.415132812500000e+04
7.037377929687500e+02	1.415255468750000e+04
7.038793945312500e+02	1.415072265625000e+04
7.038261718750000e+02	1.415071484375000e+04
7.038818359375000e+02	1.414978125000000e+04
7.037885742187500e+02	1.414985546875000e+04
7.038803710937500e+02	1.414878906250000e+04
7.039794921875000e+02	1.414722265625000e+04
7.039770507812500e+02	1.414680078125000e+04
7.041542968750000e+02	1.414471093750000e+04
7.041879882812500e+02	1.414344531250000e+04
7.039697265625000e+02	1.414437890625000e+04
7.039335937500000e+02	1.414411718750000e+04
7.040664062500000e+02	1.414208203125000e+04
7.038061523437500e+02	1.414378515625000e+04
7.037241210937500e+02	1.414343750000000e+04
7.038037109375000e+02	1.414282031250000e+04
7.037006835937500e+02	1.414275781250000e+04
7.035791015625000e+02	1.414341015625000e+04
7.037280273437500e+02	1.414225390625000e+04
7.036621093750000e+02	1.414221875000000e+04
7.035854492187500e+02	1.414220312500000e+04
7.037480468750000e+02	1.414094140625000e+04
7.038208007812500e+02	1.414037890625000e+04
7.037207031250000e+02	1.414010937500000e+04
7.037934570312500e+02	1.413943750000000e+04
7.039052734375000e+02	1.413821484375000e+04
7.037045898437500e+02	1.413897656250000e+04
7.038359375000000e+02	1.413795703125000e+04
7.040156250000000e+02	1.413542968750000e+04
7.038715820312500e+02	1.413637890625000e+04
7.038481445312500e+02	1.413555859375000e+04
7.040405273437500e+02	1.413391796875000e+04
7.039414062500000e+02	1.413367968750000e+04
7.039707031250000e+02	1.413301171875000e+04
7.041542968750000e+02	1.413087500000000e+04
7.040888671875000e+02	1.413039843750000e+04
7.041430664062500e+02	1.412919921875000e+04
7.041782226562500e+02	1.412815234375000e+04
7.042114257812500e+02	1.412697265625000e+04
7.040541992187500e+02	1.412710156250000e+04
7.038530273437500e+02	1.412795312500000e+04
7.039809570312500e+02	1.412645703125000e+04
7.038891601562500e+02	1.412628515625000e+04
7.039116210937500e+02	1.412583984375000e+04
7.039150390625000e+02	1.412480859375000e+04
7.039262695312500e+02	1.412452734375000e+04
7.037934570312500e+02	1.412444921875000e+04
7.039350585937500e+02	1.412335156250000e+04
7.038706054687500e+02	1.412280468750000e+04
7.038286132812500e+02	1.412302343750000e+04
7.039052734375000e+02	1.412144531250000e+04
7.036918945312500e+02	1.412293359375000e+04
7.036474609375000e+02	1.412266796875000e+04
7.037636718750000e+02	1.412122265625000e+04
7.038037109375000e+02	1.412091406250000e+04
7.036645507812500e+02	1.412132031250000e+04
7.037231445312500e+02	1.412038281250000e+04
7.038134765625000e+02	1.411967968750000e+04
7.035517578125000e+02	1.412110156250000e+04
7.036967773437500e+02	1.411943359375000e+04
7.036733398437500e+02	1.411961718750000e+04
7.035332031250000e+02	1.412070312500000e+04
7.036474609375000e+02	1.411923046875000e+04
7.036782226562500e+02	1.411842578125000e+04
7.036943359375000e+02	1.411830078125000e+04
7.036323242187500e+02	1.411878125000000e+04
7.037055664062500e+02	1.411762890625000e+04
7.039536132812500e+02	1.411513671875000e+04
7.038691406250000e+02	1.411562500000000e+04
7.039399414062500e+02	1.411408984375000e+04
7.039819335937500e+02	1.411345312500000e+04
7.038432617187500e+02	1.411368750000000e+04
7.038530273437500e+02	1.411333984375000e+04
7.038691406250000e+02	1.411233203125000e+04
7.036015625000000e+02	1.411440625000000e+04
7.035380859375000e+02	1.411397656250000e+04
7.035546875000000e+02	1.411361718750000e+04
7.034824218750000e+02	1.411417968750000e+04
7.035507812500000e+02	1.411364843750000e+04
7.036215820312500e+02	1.411310156250000e+04
7.035322265625000e+02	1.411358203125000e+04
7.035815429687500e+02	1.411225781250000e+04
7.036323242187500e+02	1.411186328125000e+04
7.036127929687500e+02	1.411201562500000e+04
7.036572265625000e+02	1.411167187500000e+04
7.036289062500000e+02	1.411159765625000e+04
7.035136718750000e+02	1.411163281250000e+04
7.033872070312500e+02	1.411261328125000e+04
7.034194335937500e+02	1.411236328125000e+04
7.036240234375000e+02	1.411077734375000e+04
7.034316406250000e+02	1.411226953125000e+04
7.037353515625000e+02	1.410991406250000e+04
7.038457031250000e+02	1.410897265625000e+04
7.038417968750000e+02	1.410793359375000e+04
7.038393554687500e+02	1.410795312500000e+04
7.039101562500000e+02	1.410646093750000e+04
7.037602539062500e+02	1.410741406250000e+04
7.035507812500000e+02	1.410853515625000e+04
7.036425781250000e+02	1.410717187500000e+04
7.035024414062500e+02	1.410825781250000e+04
7.032519531250000e+02	1.411020312500000e+04
7.035034179687500e+02	1.410825000000000e+04
7.034628906250000e+02	1.410856640625000e+04
7.035917968750000e+02	1.410756640625000e+04
7.039311523437500e+02	1.410491406250000e+04
7.039360351562500e+02	1.410374218750000e+04
7.039223632812500e+02	1.410372265625000e+04
7.039414062500000e+02	1.410254687500000e+04
7.038793945312500e+02	1.410269531250000e+04
7.036562500000000e+02	1.410360937500000e+04
7.035170898437500e+02	1.410468750000000e+04
7.035507812500000e+02	1.410442578125000e+04
7.033574218750000e+02	1.410535937500000e+04
7.034243164062500e+02	1.410425390625000e+04
7.034887695312500e+02	1.410375390625000e+04
7.035185546875000e+02	1.410352343750000e+04
7.037207031250000e+02	1.410195703125000e+04
7.037094726562500e+02	1.410204296875000e+04
7.038457031250000e+02	1.410094140625000e+04
7.038930664062500e+02	1.409946484375000e+04
7.038320312500000e+02	1.409994140625000e+04
7.037900390625000e+02	1.409921484375000e+04
7.036547851562500e+02	1.410016015625000e+04
7.037612304687500e+02	1.409916406250000e+04
7.036352539062500e+02	1.409915625000000e+04
7.036176757812500e+02	1.409929296875000e+04
7.037514648437500e+02	1.409825781250000e+04
7.037724609375000e+02	1.409710937500000e+04
7.037973632812500e+02	1.409674609375000e+04
7.039360351562500e+02	1.409531640625000e+04
7.039711914062500e+02	1.409424609375000e+04
7.039252929687500e+02	1.409409765625000e+04
7.038569335937500e+02	1.409398046875000e+04
7.038681640625000e+02	1.409330859375000e+04
7.037094726562500e+02	1.409397265625000e+04
7.036660156250000e+02	1.409430859375000e+04
7.035942382812500e+02	1.409396484375000e+04
7.033364257812500e+02	1.409571093750000e+04
7.035346679687500e+02	1.409417187500000e+04
7.036274414062500e+02	1.409345312500000e+04
7.035444335937500e+02	1.409409765625000e+04
7.037031250000000e+02	1.409286718750000e+04
7.038149414062500e+02	1.409118359375000e+04
7.039658203125000e+02	1.408967578125000e+04
7.037031250000000e+02	1.409104296875000e+04
7.038505859375000e+02	1.408941796875000e+04
7.038505859375000e+02	1.408901953125000e+04
7.035581054687500e+02	1.409053515625000e+04
7.035976562500000e+02	1.409022656250000e+04
7.035209960937500e+02	1.409082031250000e+04
7.033930664062500e+02	1.409181250000000e+04
7.034340820312500e+02	1.409149609375000e+04
7.035966796875000e+02	1.409023437500000e+04
7.036103515625000e+02	1.408899609375000e+04
7.037182617187500e+02	1.408814062500000e+04
7.039360351562500e+02	1.408644921875000e+04
7.039521484375000e+02	1.408558984375000e+04
7.039536132812500e+02	1.408516015625000e+04
7.040043945312500e+02	1.408382031250000e+04
7.039252929687500e+02	1.408405468750000e+04
7.038369140625000e+02	1.408375781250000e+04
7.037514648437500e+02	1.408433984375000e+04
7.036474609375000e+02	1.408407421875000e+04
7.034252929687500e+02	1.408579687500000e+04
7.034365234375000e+02	1.408571093750000e+04
7.036201171875000e+02	1.408428515625000e+04
7.036040039062500e+02	1.408441015625000e+04
7.036621093750000e+02	1.408337500000000e+04
7.037827148437500e+02	1.408187500000000e+04
7.036508789062500e+02	1.408289453125000e+04
7.036835937500000e+02	1.408239062500000e+04
7.037353515625000e+02	1.408108984375000e+04
7.035727539062500e+02	1.408234765625000e+04
7.034604492187500e+02	1.408321875000000e+04
7.035034179687500e+02	1.408288671875000e+04
7.033002929687500e+02	1.408446484375000e+04
7.032470703125000e+02	1.408487500000000e+04
7.033139648437500e+02	1.408435546875000e+04
7.034067382812500e+02	1.408363671875000e+04
7.034169921875000e+02	1.408355859375000e+04
7.036054687500000e+02	1.408209765625000e+04
7.037280273437500e+02	1.408114453125000e+04
7.036025390625000e+02	1.408104687500000e+04
7.036274414062500e+02	1.408077343750000e+04
7.037031250000000e+02	1.408018750000000e+04
7.036748046875000e+02	1.408000781250000e+04
7.036796875000000e+02	1.407921093750000e+04
7.037353515625000e+02	1.407878125000000e+04
7.036362304687500e+02	1.407950390625000e+04
7.034975585937500e+02	1.407947265625000e+04
7.037763671875000e+02	1.407730859375000e+04
7.036723632812500e+02	1.407811718750000e+04
7.037255859375000e+02	1.407745312500000e+04
7.039067382812500e+02	1.407514453125000e+04
7.039360351562500e+02	1.407491796875000e+04
7.039399414062500e+02	1.407383984375000e+04
7.038310546875000e+02	1.407458203125000e+04
7.038159179687500e+02	1.407358984375000e+04
7.036997070312500e+02	1.407444531250000e+04
7.036831054687500e+02	1.407407031250000e+04
7.035507812500000e+02	1.407444921875000e+04
7.035170898437500e+02	1.407471093750000e+04
7.034702148437500e+02	1.407507421875000e+04
7.035146484375000e+02	1.407473046875000e+04
7.034614257812500e+02	1.407514453125000e+04
7.035332031250000e+02	1.407458593750000e+04
7.036376953125000e+02	1.407335546875000e+04
7.035161132812500e+02	1.407356250000000e+04
7.037094726562500e+02	1.407206250000000e+04
7.037426757812500e+02	1.407180468750000e+04
7.036894531250000e+02	1.407171484375000e+04
7.036967773437500e+02	1.407100781250000e+04
7.038061523437500e+02	1.407016015625000e+04
7.037885742187500e+02	1.406981640625000e+04
7.038295898437500e+02	1.406882421875000e+04
7.038149414062500e+02	1.406881640625000e+04
7.038544921875000e+02	1.406748046875000e+04
7.037368164062500e+02	1.406839453125000e+04
7.037827148437500e+02	1.406724218750000e+04
7.037465820312500e+02	1.406716406250000e+04
7.037128906250000e+02	1.406742578125000e+04
7.037255859375000e+02	1.406630078125000e+04
7.038569335937500e+02	1.406515625000000e+04
7.037539062500000e+02	1.406553515625000e+04
7.037602539062500e+02	1.406475000000000e+04
7.038554687500000e+02	1.406401171875000e+04
7.037836914062500e+02	1.406381640625000e+04
7.036635742187500e+02	1.406434765625000e+04
7.036323242187500e+02	1.406458984375000e+04
7.037343750000000e+02	1.406296093750000e+04
7.035087890625000e+02	1.406439453125000e+04
7.036523437500000e+02	1.406328125000000e+04
7.036723632812500e+02	1.406312890625000e+04
7.036757812500000e+02	1.406205468750000e+04
7.038110351562500e+02	1.406089843750000e+04
7.037963867187500e+02	1.406101171875000e+04
7.038344726562500e+02	1.405964843750000e+04
7.038544921875000e+02	1.405941015625000e+04
7.039360351562500e+02	1.405796093750000e+04
7.038593750000000e+02	1.405821875000000e+04
7.039052734375000e+02	1.405702343750000e+04
7.039140625000000e+02	1.405664062500000e+04
7.037773437500000e+02	1.405679687500000e+04
7.037563476562500e+02	1.405671093750000e+04
7.037290039062500e+02	1.405662890625000e+04
7.036806640625000e+02	1.405614453125000e+04
7.037504882812500e+02	1.405560546875000e+04
7.037910156250000e+02	1.405493359375000e+04
7.039013671875000e+02	1.405328125000000e+04
7.038618164062500e+02	1.405350390625000e+04
7.039785156250000e+02	1.405153125000000e+04
7.038520507812500e+02	1.405234375000000e+04
7.037714843750000e+02	1.405198437500000e+04
7.037851562500000e+02	1.405187890625000e+04
7.037529296875000e+02	1.405120312500000e+04
7.037392578125000e+02	1.405107812500000e+04
7.036884765625000e+02	1.405136718750000e+04
7.035283203125000e+02	1.405156250000000e+04
7.034985351562500e+02	1.405179296875000e+04
7.035693359375000e+02	1.405124218750000e+04
7.036401367187500e+02	1.405069531250000e+04
7.035927734375000e+02	1.405106250000000e+04
7.035717773437500e+02	1.405063671875000e+04
7.037480468750000e+02	1.404870312500000e+04
7.036523437500000e+02	1.404944531250000e+04
7.036386718750000e+02	1.404955468750000e+04
7.037700195312500e+02	1.404769531250000e+04
7.037749023437500e+02	1.404734375000000e+04
7.037934570312500e+02	1.404707421875000e+04
7.038110351562500e+02	1.404591015625000e+04
7.038769531250000e+02	1.404539843750000e+04
7.038369140625000e+02	1.404474609375000e+04
