6.902304687500000e+02	2.558014062500000e+04
6.903110351562500e+02	2.558400000000000e+04
6.902827148437500e+02	2.558470312500000e+04
6.903261718750000e+02	2.558509765625000e+04
6.904155273437500e+02	2.558532812500000e+04
6.902182617187500e+02	2.558725781250000e+04
6.904736328125000e+02	2.558626171875000e+04
6.904487304687500e+02	2.558692968750000e+04
6.904697265625000e+02	2.558743750000000e+04
6.905527343750000e+02	2.558715234375000e+04
6.906982421875000e+02	2.558682421875000e+04
6.905854492187500e+02	2.558769921875000e+04
6.906767578125000e+02	2.558747265625000e+04
6.907836914062500e+02	2.558731640625000e+04
6.906523437500000e+02	2.558833593750000e+04
6.904155273437500e+02	2.559017187500000e+04
6.905952148437500e+02	2.558988671875000e+04
6.904697265625000e+02	2.559089843750000e+04
6.904565429687500e+02	2.559182421875000e+04
6.906088867187500e+02	2.559097656250000e+04
6.905800781250000e+02	2.559161328125000e+04
6.906274414062500e+02	2.559198046875000e+04
6.906386718750000e+02	2.559189453125000e+04
6.907500000000000e+02	2.559132812500000e+04
6.906499023437500e+02	2.559296484375000e+04
6.906708984375000e+02	2.559280078125000e+04
6.907280273437500e+02	2.559235546875000e+04
6.906064453125000e+02	2.559391015625000e+04
6.907304687500000e+02	2.559349609375000e+04
6.907402343750000e+02	2.559341796875000e+04
6.906469726562500e+02	2.559414062500000e+04
6.906606445312500e+02	2.559470703125000e+04
6.908989257812500e+02	2.559333593750000e+04
6.909521484375000e+02	2.559292187500000e+04
6.909682617187500e+02	2.559279687500000e+04
6.909697265625000e+02	2.559278515625000e+04
6.910424804687500e+02	2.559222265625000e+04
6.909199218750000e+02	2.559317187500000e+04
6.910664062500000e+02	2.559203515625000e+04
6.911665039062500e+02	2.559101171875000e+04
6.910180664062500e+02	2.559126171875000e+04
6.911889648437500e+02	2.558993750000000e+04
6.912236328125000e+02	2.558966796875000e+04
6.911826171875000e+02	2.558998437500000e+04
6.912397460937500e+02	2.558891015625000e+04
6.913647460937500e+02	2.558741796875000e+04
6.913476562500000e+02	2.558755078125000e+04
6.912075195312500e+02	2.558781640625000e+04
6.914316406250000e+02	2.558574218750000e+04
6.913959960937500e+02	2.558576953125000e+04
6.913325195312500e+02	2.558536328125000e+04
6.913129882812500e+02	2.558551562500000e+04
6.913178710937500e+02	2.558444531250000e+04
6.913339843750000e+02	2.558419531250000e+04
6.914306640625000e+02	2.558292187500000e+04
6.914541015625000e+02	2.558211328125000e+04
6.914589843750000e+02	2.558153125000000e+04
6.914506835937500e+02	2.558098437500000e+04
6.915683593750000e+02	2.557933593750000e+04
6.913969726562500e+02	2.558024609375000e+04
6.913349609375000e+02	2.557967968750000e+04
6.914790039062500e+02	2.557846093750000e+04
6.913710937500000e+02	2.557845312500000e+04
6.913378906250000e+02	2.557839843750000e+04
6.914741210937500e+02	2.557678125000000e+04
6.914321289062500e+02	2.557651953125000e+04
6.915126953125000e+02	2.557526171875000e+04
6.917255859375000e+02	2.557306250000000e+04
6.918510742187500e+02	2.557096484375000e+04
6.917802734375000e+02	2.557057031250000e+04
6.918906250000000e+02	2.556867968750000e+04
6.917988281250000e+02	2.556830859375000e+04
6.918520507812500e+02	2.556682421875000e+04
6.918286132812500e+02	2.556591015625000e+04
6.917465820312500e+02	2.556552343750000e+04
6.917192382812500e+02	2.556476953125000e+04
6.918408203125000e+02	2.556286328125000e+04
6.918916015625000e+02	2.556138281250000e+04
6.917851562500000e+02	2.556109375000000e+04
6.919130859375000e+02	2.555897656250000e+04
6.918583984375000e+02	2.555825781250000e+04
6.918085937500000e+02	2.555755859375000e+04
6.918408203125000e+02	2.555628515625000e+04
6.919042968750000e+02	2.555480078125000e+04
6.919350585937500e+02	2.555349218750000e+04
6.918916015625000e+02	2.555267968750000e+04
6.918408203125000e+02	2.555194140625000e+04
6.918100585937500e+02	2.555104687500000e+04
6.917119140625000e+02	2.555080078125000e+04
6.917119140625000e+02	2.554985546875000e+04
6.917407226562500e+02	2.554873437500000e+04
6.918647460937500e+02	2.554664062500000e+04
6.918891601562500e+02	2.554548828125000e+04
6.919697265625000e+02	2.554375390625000e+04
6.919462890625000e+02	2.554271875000000e+04
6.919326171875000e+02	2.554160546875000e+04
6.920019531250000e+02	2.553987109375000e+04
6.918237304687500e+02	2.554006640625000e+04
6.917221679687500e+02	2.553969921875000e+04
6.917626953125000e+02	2.553839843750000e+04
6.917998046875000e+02	2.553721484375000e+04
6.918247070312500e+02	2.553605078125000e+04
6.919277343750000e+02	2.553418359375000e+04
6.919365234375000e+02	2.553294140625000e+04
6.919970703125000e+02	2.553125390625000e+04
6.922919921875000e+02	2.552769140625000e+04
6.921435546875000e+02	2.552747656250000e+04
6.920468750000000e+02	2.552659375000000e+04
6.920766601562500e+02	2.552501953125000e+04
6.920800781250000e+02	2.552369531250000e+04
6.918857421875000e+02	2.552389843750000e+04
6.919799804687500e+02	2.552195703125000e+04
6.920468750000000e+02	2.552019531250000e+04
6.919711914062500e+02	2.551952343750000e+04
6.921186523437500e+02	2.551709765625000e+04
6.920976562500000e+02	2.551582421875000e+04
6.920419921875000e+02	2.551491406250000e+04
6.921171875000000e+02	2.551304687500000e+04
6.920678710937500e+02	2.551210937500000e+04
6.920766601562500e+02	2.551074609375000e+04
6.920493164062500e+02	2.550961328125000e+04
6.919960937500000e+02	2.550855859375000e+04
6.921225585937500e+02	2.550629687500000e+04
6.920107421875000e+02	2.550586718750000e+04
6.921137695312500e+02	2.550376953125000e+04
6.920419921875000e+02	2.550300781250000e+04
6.920341796875000e+02	2.550174609375000e+04
6.921499023437500e+02	2.549939453125000e+04
6.921816406250000e+02	2.549768750000000e+04
6.921596679687500e+02	2.549646875000000e+04
6.920073242187500e+02	2.549629296875000e+04
6.919448242187500e+02	2.549548046875000e+04
6.919277343750000e+02	2.549439453125000e+04
6.920766601562500e+02	2.549204296875000e+04
6.922539062500000e+02	2.548933203125000e+04
6.919672851562500e+02	2.549014843750000e+04
6.920742187500000e+02	2.548797656250000e+04
6.920566406250000e+02	2.548679296875000e+04
6.918149414062500e+02	2.548738671875000e+04
6.917949218750000e+02	2.548636718750000e+04
6.918012695312500e+02	2.548522656250000e+04
6.918447265625000e+02	2.548386328125000e+04
6.917924804687500e+02	2.548324609375000e+04
6.918569335937500e+02	2.548167578125000e+04
6.917866210937500e+02	2.548119140625000e+04
6.917416992187500e+02	2.548061718750000e+04
6.917617187500000e+02	2.547941406250000e+04
6.918100585937500e+02	2.547805468750000e+04
6.918857421875000e+02	2.547642187500000e+04
6.919365234375000e+02	2.547495703125000e+04
6.918408203125000e+02	2.547451953125000e+04
6.917626953125000e+02	2.547399218750000e+04
6.917949218750000e+02	2.547274218750000e+04
6.917158203125000e+02	2.547239062500000e+04
6.916796875000000e+02	2.547174609375000e+04
6.916040039062500e+02	2.547141406250000e+04
6.917675781250000e+02	2.546918359375000e+04
6.916660156250000e+02	2.546917187500000e+04
6.916064453125000e+02	2.546890234375000e+04
6.917939453125000e+02	2.546647656250000e+04
6.917812500000000e+02	2.546559375000000e+04
6.918569335937500e+02	2.546405859375000e+04
6.920888671875000e+02	2.546117578125000e+04
6.921547851562500e+02	2.545940625000000e+04
6.921201171875000e+02	2.545822265625000e+04
6.920502929687500e+02	2.545727734375000e+04
6.918906250000000e+02	2.545724218750000e+04
6.917431640625000e+02	2.545719140625000e+04
6.916386718750000e+02	2.545708203125000e+04
6.917617187500000e+02	2.545520312500000e+04
6.917753906250000e+02	2.545402734375000e+04
6.918383789062500e+02	2.545260937500000e+04
6.916835937500000e+02	2.545282812500000e+04
6.915771484375000e+02	2.545283984375000e+04
6.915981445312500e+02	2.545185546875000e+04
6.917270507812500e+02	2.544987109375000e+04
6.917861328125000e+02	2.544857812500000e+04
6.916572265625000e+02	2.544867187500000e+04
6.917255859375000e+02	2.544725781250000e+04
6.915620117187500e+02	2.544752734375000e+04
6.913662109375000e+02	2.544820312500000e+04
6.913427734375000e+02	2.544807031250000e+04
6.914702148437500e+02	2.544637109375000e+04
6.915434570312500e+02	2.544536718750000e+04
6.918833007812500e+02	2.544180859375000e+04
6.920380859375000e+02	2.543966015625000e+04
6.920097656250000e+02	2.543864843750000e+04
6.919052734375000e+02	2.543819140625000e+04
6.920043945312500e+02	2.543623437500000e+04
6.919277343750000e+02	2.543561328125000e+04
6.918496093750000e+02	2.543502343750000e+04
6.920205078125000e+02	2.543256250000000e+04
6.918720703125000e+02	2.543251953125000e+04
6.917626953125000e+02	2.543223437500000e+04
6.917875976562500e+02	2.543103515625000e+04
6.917705078125000e+02	2.543014453125000e+04
6.920429687500000e+02	2.542698437500000e+04
6.921992187500000e+02	2.542455078125000e+04
6.923627929687500e+02	2.542175390625000e+04
6.922885742187500e+02	2.542065625000000e+04
6.921806640625000e+02	2.542002343750000e+04
6.919453125000000e+02	2.542032031250000e+04
6.918247070312500e+02	2.541999609375000e+04
6.918535156250000e+02	2.541870312500000e+04
6.920234375000000e+02	2.541621484375000e+04
6.919179687500000e+02	2.541583593750000e+04
6.918720703125000e+02	2.541505859375000e+04
6.917602539062500e+02	2.541485546875000e+04
6.916118164062500e+02	2.541489843750000e+04
6.917802734375000e+02	2.541277343750000e+04
6.918979492187500e+02	2.541096093750000e+04
6.920405273437500e+02	2.540872265625000e+04
6.918779296875000e+02	2.540872656250000e+04
6.918891601562500e+02	2.540744140625000e+04
6.916845703125000e+02	2.540789843750000e+04
6.915708007812500e+02	2.540785937500000e+04
6.915395507812500e+02	2.540734375000000e+04
6.914692382812500e+02	2.540696484375000e+04
6.917812500000000e+02	2.540398437500000e+04
6.919340820312500e+02	2.540189062500000e+04
6.919721679687500e+02	2.540044531250000e+04
6.919907226562500e+02	2.539908593750000e+04
6.920551757812500e+02	2.539732812500000e+04
6.921362304687500e+02	2.539540234375000e+04
6.920283203125000e+02	2.539489453125000e+04
6.921533203125000e+02	2.539258203125000e+04
6.922216796875000e+02	2.539061328125000e+04
6.920952148437500e+02	2.539003906250000e+04
6.919897460937500e+02	2.538953515625000e+04
6.922573242187500e+02	2.538615625000000e+04
6.921098632812500e+02	2.538594140625000e+04
6.920751953125000e+02	2.538465625000000e+04
6.921459960937500e+02	2.538272265625000e+04
6.922934570312500e+02	2.538021875000000e+04
6.923515625000000e+02	2.537833984375000e+04
6.923491210937500e+02	2.537650000000000e+04
6.922290039062500e+02	2.537587500000000e+04
6.920009765625000e+02	2.537600390625000e+04
6.919736328125000e+02	2.537483984375000e+04
6.919365234375000e+02	2.537391015625000e+04
6.918164062500000e+02	2.537369531250000e+04
6.920566406250000e+02	2.537067578125000e+04
6.920405273437500e+02	2.536955859375000e+04
6.919995117187500e+02	2.536857812500000e+04
6.920766601562500e+02	2.536674609375000e+04
6.921347656250000e+02	2.536503515625000e+04
6.920244140625000e+02	2.536451171875000e+04
6.921284179687500e+02	2.536223437500000e+04
6.921547851562500e+02	2.536068750000000e+04
6.919599609375000e+02	2.536083984375000e+04
6.918979492187500e+02	2.536001562500000e+04
6.919077148437500e+02	2.535876562500000e+04
6.918408203125000e+02	2.535815234375000e+04
6.918359375000000e+02	2.535709765625000e+04
6.920043945312500e+02	2.535470312500000e+04
6.921171875000000e+02	2.535263281250000e+04
6.920986328125000e+02	2.535149609375000e+04
6.921708984375000e+02	2.534956250000000e+04
6.922041015625000e+02	2.534772656250000e+04
6.921298828125000e+02	2.534689453125000e+04
6.921669921875000e+02	2.534518359375000e+04
6.922265625000000e+02	2.534315234375000e+04
6.921171875000000e+02	2.534250781250000e+04
6.920629882812500e+02	2.534156250000000e+04
6.921879882812500e+02	2.533927343750000e+04
6.921225585937500e+02	2.533834375000000e+04
6.921943359375000e+02	2.533623046875000e+04
6.922597656250000e+02	2.533431640625000e+04
6.922192382812500e+02	2.533316406250000e+04
6.922734375000000e+02	2.533102343750000e+04
6.924360351562500e+02	2.532827734375000e+04
6.924321289062500e+02	2.532654296875000e+04
6.922651367187500e+02	2.532614453125000e+04
6.923144531250000e+02	2.532410546875000e+04
6.921386718750000e+02	2.532387500000000e+04
6.920688476562500e+02	2.532300781250000e+04
6.921357421875000e+02	2.532115625000000e+04
6.922539062500000e+02	2.531868359375000e+04
6.922661132812500e+02	2.531705859375000e+04
6.922451171875000e+02	2.531575000000000e+04
6.923530273437500e+02	2.531319531250000e+04
6.923408203125000e+02	2.531173437500000e+04
6.923354492187500e+02	2.531016796875000e+04
6.922749023437500e+02	2.530894140625000e+04
6.922167968750000e+02	2.530792578125000e+04
6.920688476562500e+02	2.530743750000000e+04
6.920307617187500e+02	2.530634375000000e+04
6.918408203125000e+02	2.530654296875000e+04
6.915781250000000e+02	2.530748828125000e+04
6.918583984375000e+02	2.530439062500000e+04
6.919833984375000e+02	2.530233593750000e+04
6.920952148437500e+02	2.530020312500000e+04
6.922836914062500e+02	2.529738281250000e+04
6.923642578125000e+02	2.529533593750000e+04
6.921323242187500e+02	2.529542968750000e+04
6.922006835937500e+02	2.529337890625000e+04
6.922983398437500e+02	2.529121484375000e+04
6.920419921875000e+02	2.529169531250000e+04
6.919799804687500e+02	2.529068359375000e+04
6.920986328125000e+02	2.528850390625000e+04
6.919155273437500e+02	2.528862109375000e+04
6.918833007812500e+02	2.528768359375000e+04
6.920815429687500e+02	2.528496484375000e+04
6.920605468750000e+02	2.528387109375000e+04
6.921171875000000e+02	2.528213281250000e+04
6.923056640625000e+02	2.527922656250000e+04
6.923862304687500e+02	2.527698437500000e+04
6.924047851562500e+02	2.527530859375000e+04
6.922426757812500e+02	2.527472265625000e+04
6.922065429687500e+02	2.527354296875000e+04
6.920268554687500e+02	2.527344531250000e+04
6.918940429687500e+02	2.527300781250000e+04
6.918696289062500e+02	2.527202343750000e+04
6.917924804687500e+02	2.527153515625000e+04
6.918940429687500e+02	2.526969531250000e+04
6.918808593750000e+02	2.526867187500000e+04
6.917788085937500e+02	2.526836718750000e+04
6.918916015625000e+02	2.526646093750000e+04
6.919536132812500e+02	2.526493359375000e+04
6.917851562500000e+02	2.526508593750000e+04
6.918696289062500e+02	2.526334375000000e+04
6.919414062500000e+02	2.526167578125000e+04
6.918681640625000e+02	2.526106640625000e+04
6.917617187500000e+02	2.526078125000000e+04
6.919277343750000e+02	2.525842578125000e+04
6.919848632812500e+02	2.525684765625000e+04
6.920107421875000e+02	2.525543750000000e+04
6.922836914062500e+02	2.525205468750000e+04
6.923466796875000e+02	2.525004296875000e+04
6.924472656250000e+02	2.524760546875000e+04
6.923974609375000e+02	2.524635937500000e+04
6.924482421875000e+02	2.524412109375000e+04
6.922402343750000e+02	2.524407031250000e+04
6.920307617187500e+02	2.524402343750000e+04
6.920454101562500e+02	2.524256640625000e+04
6.918793945312500e+02	2.524258203125000e+04
6.917641601562500e+02	2.524232031250000e+04
6.918173828125000e+02	2.524083593750000e+04
6.918496093750000e+02	2.523960156250000e+04
6.918037109375000e+02	2.523888671875000e+04
6.918496093750000e+02	2.523746093750000e+04
6.921049804687500e+02	2.523433203125000e+04
6.919897460937500e+02	2.523396484375000e+04
6.921357421875000e+02	2.523153125000000e+04
6.921362304687500e+02	2.523020703125000e+04
6.921494140625000e+02	2.522874218750000e+04
6.922031250000000e+02	2.522679687500000e+04
6.919501953125000e+02	2.522732812500000e+04
6.919052734375000e+02	2.522641796875000e+04
6.918520507812500e+02	2.522569921875000e+04
6.918261718750000e+02	2.522485156250000e+04
6.916811523437500e+02	2.522495312500000e+04
6.917529296875000e+02	2.522345312500000e+04
6.918632812500000e+02	2.522151171875000e+04
6.915200195312500e+02	2.522311718750000e+04
6.916787109375000e+02	2.522107421875000e+04
6.917084960937500e+02	2.522008593750000e+04
6.917504882812500e+02	2.521888671875000e+04
6.918696289062500e+02	2.521684375000000e+04
6.917465820312500e+02	2.521677343750000e+04
6.916684570312500e+02	2.521641406250000e+04
6.917529296875000e+02	2.521489843750000e+04
6.918076171875000e+02	2.521361328125000e+04
6.919189453125000e+02	2.521172656250000e+04
6.918994140625000e+02	2.521076171875000e+04
6.921040039062500e+02	2.520798828125000e+04
6.923417968750000e+02	2.520475781250000e+04
6.921669921875000e+02	2.520466796875000e+04
6.921904296875000e+02	2.520299609375000e+04
6.919921875000000e+02	2.520291796875000e+04
6.919140625000000e+02	2.520226562500000e+04
6.918681640625000e+02	2.520144921875000e+04
6.918496093750000e+02	2.520043750000000e+04
6.918979492187500e+02	2.519892968750000e+04
6.917304687500000e+02	2.519916406250000e+04
6.917729492187500e+02	2.519784375000000e+04
6.918520507812500e+02	2.519623046875000e+04
6.918720703125000e+02	2.519494140625000e+04
6.919116210937500e+02	2.519355078125000e+04
6.918012695312500e+02	2.519328906250000e+04
6.919423828125000e+02	2.519108593750000e+04
6.921308593750000e+02	2.518851171875000e+04
6.919648437500000e+02	2.518851953125000e+04
6.919375000000000e+02	2.518737109375000e+04
6.917963867187500e+02	2.518734765625000e+04
6.918398437500000e+02	2.518594140625000e+04
6.916513671875000e+02	2.518629687500000e+04
6.917988281250000e+02	2.518425390625000e+04
6.918212890625000e+02	2.518313281250000e+04
6.916787109375000e+02	2.518325390625000e+04
6.917490234375000e+02	2.518176562500000e+04
6.918730468750000e+02	2.517982421875000e+04
6.917705078125000e+02	2.517956640625000e+04
6.917841796875000e+02	2.517836718750000e+04
6.917851562500000e+02	2.517737500000000e+04
6.918769531250000e+02	2.517567578125000e+04
6.918247070312500e+02	2.517499609375000e+04
6.921186523437500e+02	2.517158203125000e+04
6.921040039062500e+02	2.517045703125000e+04
6.920268554687500e+02	2.516971875000000e+04
6.920976562500000e+02	2.516777734375000e+04
6.920952148437500e+02	2.516637500000000e+04
6.921201171875000e+02	2.516484765625000e+04
6.920776367187500e+02	2.516385546875000e+04
6.920034179687500e+02	2.516310156250000e+04
6.921894531250000e+02	2.516030078125000e+04
6.920380859375000e+02	2.515996484375000e+04
6.920825195312500e+02	2.515832421875000e+04
6.919028320312500e+02	2.515842968750000e+04
6.917329101562500e+02	2.515864062500000e+04
6.918159179687500e+02	2.515699609375000e+04
6.914887695312500e+02	2.515866406250000e+04
6.914565429687500e+02	2.515778906250000e+04
6.916513671875000e+02	2.515583593750000e+04
6.915781250000000e+02	2.515569140625000e+04
6.915185546875000e+02	2.515515234375000e+04
6.915732421875000e+02	2.515422265625000e+04
6.916958007812500e+02	2.515247265625000e+04
6.916176757812500e+02	2.515207031250000e+04
6.917626953125000e+02	2.515021093750000e+04
6.918471679687500e+02	2.514863671875000e+04
6.917680664062500e+02	2.514820312500000e+04
6.918457031250000e+02	2.514664062500000e+04
6.917651367187500e+02	2.514617187500000e+04
6.916635742187500e+02	2.514597265625000e+04
6.916611328125000e+02	2.514508593750000e+04
6.917568359375000e+02	2.514353125000000e+04
6.917973632812500e+02	2.514233593750000e+04
6.918100585937500e+02	2.514121093750000e+04
6.920034179687500e+02	2.513859375000000e+04
6.919179687500000e+02	2.513813281250000e+04
6.920258789062500e+02	2.513607812500000e+04
6.920405273437500e+02	2.513466015625000e+04
6.920751953125000e+02	2.513309375000000e+04
6.918520507812500e+02	2.513356640625000e+04
6.918422851562500e+02	2.513244531250000e+04
6.919003906250000e+02	2.513088671875000e+04
6.917729492187500e+02	2.513074218750000e+04
6.917753906250000e+02	2.512971484375000e+04
6.919550781250000e+02	2.512727343750000e+04
6.919389648437500e+02	2.512622656250000e+04
6.920244140625000e+02	2.512437109375000e+04
6.919399414062500e+02	2.512381250000000e+04
6.918051757812500e+02	2.512367968750000e+04
6.917851562500000e+02	2.512274218750000e+04
6.916909179687500e+02	2.512253515625000e+04
6.916547851562500e+02	2.512169921875000e+04
6.915659179687500e+02	2.512157421875000e+04
6.915161132812500e+02	2.512143750000000e+04
6.916450195312500e+02	2.511942968750000e+04
6.914628906250000e+02	2.512013281250000e+04
6.917705078125000e+02	2.511721484375000e+04
6.916821289062500e+02	2.511683593750000e+04
6.917231445312500e+02	2.511561328125000e+04
6.919365234375000e+02	2.511308203125000e+04
6.919995117187500e+02	2.511150000000000e+04
6.920341796875000e+02	2.511003515625000e+04
6.920019531250000e+02	2.510902734375000e+04
6.920244140625000e+02	2.510762109375000e+04
6.919438476562500e+02	2.510698828125000e+04
6.917490234375000e+02	2.510726562500000e+04
6.919423828125000e+02	2.510463281250000e+04
6.918979492187500e+02	2.510382031250000e+04
6.917866210937500e+02	2.510355078125000e+04
6.918247070312500e+02	2.510214453125000e+04
6.918295898437500e+02	2.510103906250000e+04
6.918383789062500e+02	2.509994531250000e+04
6.918334960937500e+02	2.509895312500000e+04
6.918857421875000e+02	2.509745312500000e+04
6.917070312500000e+02	2.509779296875000e+04
6.916699218750000e+02	2.509723046875000e+04
6.916425781250000e+02	2.509638671875000e+04
6.915693359375000e+02	2.509614062500000e+04
6.915732421875000e+02	2.509556640625000e+04
6.916425781250000e+02	2.509408203125000e+04
6.916958007812500e+02	2.509280859375000e+04
6.918271484375000e+02	2.509092968750000e+04
6.918583984375000e+02	2.508970312500000e+04
6.918881835937500e+02	2.508836328125000e+04
6.919711914062500e+02	2.508654687500000e+04
6.920332031250000e+02	2.508487109375000e+04
6.919775390625000e+02	2.508400000000000e+04
6.918496093750000e+02	2.508377343750000e+04
6.920566406250000e+02	2.508099609375000e+04
6.919746093750000e+02	2.508043750000000e+04
6.918310546875000e+02	2.508033984375000e+04
6.920888671875000e+02	2.507718359375000e+04
6.920156250000000e+02	2.507651562500000e+04
6.920205078125000e+02	2.507517968750000e+04
6.920727539062500e+02	2.507336328125000e+04
6.919262695312500e+02	2.507322656250000e+04
6.919487304687500e+02	2.507183203125000e+04
6.919833984375000e+02	2.507035156250000e+04
6.920122070312500e+02	2.506888671875000e+04
6.919936523437500e+02	2.506779687500000e+04
6.919438476562500e+02	2.506694921875000e+04
6.921025390625000e+02	2.506447265625000e+04
6.919179687500000e+02	2.506464843750000e+04
6.918720703125000e+02	2.506381640625000e+04
6.918398437500000e+02	2.506287109375000e+04
6.918793945312500e+02	2.506141015625000e+04
6.918359375000000e+02	2.506067578125000e+04
6.918808593750000e+02	2.505930468750000e+04
6.919750976562500e+02	2.505744140625000e+04
6.919882812500000e+02	2.505614062500000e+04
6.919672851562500e+02	2.505510937500000e+04
6.919663085937500e+02	2.505387500000000e+04
6.919262695312500e+02	2.505295312500000e+04
6.920800781250000e+02	2.505054687500000e+04
6.920019531250000e+02	2.504993359375000e+04
6.919291992187500e+02	2.504920312500000e+04
6.919052734375000e+02	2.504819140625000e+04
6.919301757812500e+02	2.504682031250000e+04
6.918383789062500e+02	2.504640625000000e+04
6.918994140625000e+02	2.504479296875000e+04
6.920502929687500e+02	2.504241015625000e+04
6.920146484375000e+02	2.504138281250000e+04
6.920058593750000e+02	2.504019140625000e+04
6.920952148437500e+02	2.503824218750000e+04
6.918618164062500e+02	2.503875781250000e+04
6.918061523437500e+02	2.503799218750000e+04
6.919116210937500e+02	2.503612890625000e+04
6.918432617187500e+02	2.503557031250000e+04
6.917231445312500e+02	2.503543359375000e+04
6.918286132812500e+02	2.503366796875000e+04
6.918061523437500e+02	2.503283593750000e+04
6.914516601562500e+02	2.503445312500000e+04
6.915434570312500e+02	2.503313281250000e+04
6.917006835937500e+02	2.503133593750000e+04
6.914951171875000e+02	2.503181250000000e+04
6.917031250000000e+02	2.502955078125000e+04
6.916547851562500e+02	2.502926953125000e+04
6.916264648437500e+02	2.502848828125000e+04
6.916015625000000e+02	2.502785937500000e+04
6.916513671875000e+02	2.502678906250000e+04
6.916997070312500e+02	2.502557812500000e+04
6.914965820312500e+02	2.502603515625000e+04
6.916650390625000e+02	2.502405468750000e+04
6.916166992187500e+02	2.502371875000000e+04
6.916450195312500e+02	2.502257812500000e+04
6.918188476562500e+02	2.502030859375000e+04
6.917343750000000e+02	2.502005859375000e+04
6.918383789062500e+02	2.501826562500000e+04
6.920678710937500e+02	2.501542187500000e+04
6.919350585937500e+02	2.501523437500000e+04
6.917812500000000e+02	2.501523437500000e+04
6.918916015625000e+02	2.501328125000000e+04
6.918134765625000e+02	2.501286718750000e+04
6.917182617187500e+02	2.501257421875000e+04
6.917392578125000e+02	2.501147265625000e+04
6.918100585937500e+02	2.500982812500000e+04
6.917060546875000e+02	2.500967578125000e+04
6.918349609375000e+02	2.500771484375000e+04
6.919824218750000e+02	2.500551562500000e+04
6.920380859375000e+02	2.500388671875000e+04
6.919663085937500e+02	2.500318750000000e+04
6.919301757812500e+02	2.500221093750000e+04
6.918994140625000e+02	2.500123828125000e+04
6.916796875000000e+02	2.500178515625000e+04
6.916611328125000e+02	2.500098437500000e+04
6.916040039062500e+02	2.500069531250000e+04
6.914218750000000e+02	2.500124609375000e+04
6.915224609375000e+02	2.499978125000000e+04
6.916225585937500e+02	2.499854296875000e+04
6.915820312500000e+02	2.499776171875000e+04
6.915200195312500e+02	2.499774218750000e+04
6.916948242187500e+02	2.499567578125000e+04
6.915742187500000e+02	2.499554296875000e+04
6.915361328125000e+02	2.499514062500000e+04
6.915288085937500e+02	2.499465234375000e+04
6.914291992187500e+02	2.499442578125000e+04
6.914628906250000e+02	2.499392968750000e+04
6.915419921875000e+02	2.499224609375000e+04
6.914692382812500e+02	2.499243359375000e+04
6.916279296875000e+02	2.499042968750000e+04
6.918212890625000e+02	2.498810937500000e+04
6.918188476562500e+02	2.498724609375000e+04
6.918061523437500e+02	2.498633593750000e+04
6.919858398437500e+02	2.498387890625000e+04
6.921494140625000e+02	2.498135156250000e+04
6.919487304687500e+02	2.498158984375000e+04
6.918833007812500e+02	2.498083984375000e+04
6.918027343750000e+02	2.498029296875000e+04
6.916215820312500e+02	2.498066796875000e+04
6.916923828125000e+02	2.497929687500000e+04
6.916352539062500e+02	2.497884375000000e+04
6.915458984375000e+02	2.497850390625000e+04
6.915395507812500e+02	2.497801562500000e+04
6.915756835937500e+02	2.497700000000000e+04
6.916860351562500e+02	2.497517578125000e+04
6.917739257812500e+02	2.497373437500000e+04
6.918891601562500e+02	2.497187890625000e+04
6.917514648437500e+02	2.497194140625000e+04
6.917329101562500e+02	2.497114062500000e+04
6.916723632812500e+02	2.497048437500000e+04
6.914233398437500e+02	2.497159375000000e+04
6.914331054687500e+02	2.497118359375000e+04
6.912817382812500e+02	2.497122656250000e+04
6.913574218750000e+02	2.497061328125000e+04
6.914155273437500e+02	2.496949218750000e+04
6.915322265625000e+02	2.496810937500000e+04
6.916811523437500e+02	2.496624218750000e+04
6.916215820312500e+02	2.496607421875000e+04
6.918076171875000e+02	2.496366796875000e+04
6.919052734375000e+02	2.496185546875000e+04
6.918027343750000e+02	2.496156640625000e+04
6.917890625000000e+02	2.496062500000000e+04
6.917480468750000e+02	2.495991406250000e+04
6.916650390625000e+02	2.495961718750000e+04
6.916499023437500e+02	2.495885156250000e+04
6.916118164062500e+02	2.495826562500000e+04
6.916499023437500e+02	2.495704687500000e+04
6.917045898437500e+02	2.495593750000000e+04
6.919389648437500e+02	2.495318750000000e+04
6.921782226562500e+02	2.495013671875000e+04
6.920888671875000e+02	2.494951171875000e+04
6.922153320312500e+02	2.494714453125000e+04
6.921396484375000e+02	2.494635156250000e+04
6.920766601562500e+02	2.494523046875000e+04
6.919995117187500e+02	2.494450781250000e+04
6.919638671875000e+02	2.494350390625000e+04
6.918671875000000e+02	2.494303515625000e+04
6.917143554687500e+02	2.494309375000000e+04
6.918559570312500e+02	2.494094140625000e+04
6.917158203125000e+02	2.494107031250000e+04
6.918730468750000e+02	2.493890234375000e+04
6.919399414062500e+02	2.493727343750000e+04
6.917255859375000e+02	2.493784375000000e+04
6.917924804687500e+02	2.493626171875000e+04
6.918383789062500e+02	2.493493750000000e+04
6.917841796875000e+02	2.493433593750000e+04
6.916127929687500e+02	2.493474218750000e+04
6.916474609375000e+02	2.493373828125000e+04
6.916416015625000e+02	2.493266796875000e+04
6.915683593750000e+02	2.493246093750000e+04
6.916845703125000e+02	2.493089062500000e+04
6.916547851562500e+02	2.493026171875000e+04
6.915966796875000e+02	2.492971093750000e+04
6.917841796875000e+02	2.492750000000000e+04
6.918671875000000e+02	2.492593359375000e+04
6.917543945312500e+02	2.492575390625000e+04
6.918222656250000e+02	2.492426562500000e+04
6.918149414062500e+02	2.492325390625000e+04
6.916738281250000e+02	2.492328515625000e+04
6.917031250000000e+02	2.492206640625000e+04
6.919672851562500e+02	2.491909375000000e+04
6.916933593750000e+02	2.492015625000000e+04
6.917304687500000e+02	2.491896093750000e+04
6.921308593750000e+02	2.491478515625000e+04
6.919438476562500e+02	2.491500390625000e+04
6.920332031250000e+02	2.491307421875000e+04
6.922192382812500e+02	2.491032812500000e+04
6.922973632812500e+02	2.490831640625000e+04
6.922734375000000e+02	2.490674218750000e+04
6.920976562500000e+02	2.490666015625000e+04
6.920341796875000e+02	2.490574609375000e+04
6.918173828125000e+02	2.490610937500000e+04
6.916547851562500e+02	2.490617578125000e+04
6.916899414062500e+02	2.490499609375000e+04
6.914741210937500e+02	2.490600781250000e+04
6.916176757812500e+02	2.490403125000000e+04
6.916201171875000e+02	2.490328125000000e+04
6.916040039062500e+02	2.490277343750000e+04
6.916982421875000e+02	2.490110156250000e+04
6.915288085937500e+02	2.490147265625000e+04
6.914257812500000e+02	2.490172656250000e+04
6.913911132812500e+02	2.490117187500000e+04
6.913798828125000e+02	2.490092578125000e+04
6.914541015625000e+02	2.489953515625000e+04
6.913696289062500e+02	2.489991796875000e+04
6.914541015625000e+02	2.489837890625000e+04
6.914863281250000e+02	2.489791796875000e+04
6.915161132812500e+02	2.489675000000000e+04
6.916577148437500e+02	2.489512890625000e+04
6.918295898437500e+02	2.489303906250000e+04
6.917382812500000e+02	2.489272265625000e+04
6.919116210937500e+02	2.489028515625000e+04
6.920478515625000e+02	2.488817968750000e+04
6.919028320312500e+02	2.488810937500000e+04
6.918559570312500e+02	2.488723046875000e+04
6.918994140625000e+02	2.488574609375000e+04
6.918964843750000e+02	2.488463671875000e+04
6.917939453125000e+02	2.488429687500000e+04
6.919487304687500e+02	2.488198828125000e+04
6.921743164062500e+02	2.487899609375000e+04
6.920009765625000e+02	2.487891796875000e+04
6.919663085937500e+02	2.487789062500000e+04
6.921196289062500e+02	2.487542187500000e+04
6.918559570312500e+02	2.487618359375000e+04
6.918730468750000e+02	2.487487890625000e+04
6.917592773437500e+02	2.487469140625000e+04
6.916425781250000e+02	2.487461328125000e+04
6.917841796875000e+02	2.487274218750000e+04
6.914379882812500e+02	2.487429296875000e+04
6.913115234375000e+02	2.487478906250000e+04
6.912485351562500e+02	2.487460937500000e+04
6.911777343750000e+02	2.487515625000000e+04
6.912275390625000e+02	2.487420703125000e+04
6.913242187500000e+02	2.487287109375000e+04
6.914838867187500e+02	2.487163281250000e+04
6.915556640625000e+02	2.487013281250000e+04
6.914692382812500e+02	2.487044140625000e+04
6.915200195312500e+02	2.486904687500000e+04
6.913896484375000e+02	2.486963671875000e+04
6.912978515625000e+02	2.486961718750000e+04
6.913251953125000e+02	2.486915234375000e+04
6.911655273437500e+02	2.486949218750000e+04
6.912446289062500e+02	2.486887890625000e+04
6.911689453125000e+02	2.486946875000000e+04
6.911157226562500e+02	2.486878515625000e+04
6.911196289062500e+02	2.486869531250000e+04
6.914799804687500e+02	2.486589843750000e+04
6.915556640625000e+02	2.486472656250000e+04
6.914404296875000e+02	2.486504687500000e+04
6.916279296875000e+02	2.486271875000000e+04
6.919936523437500e+02	2.485921093750000e+04
6.920332031250000e+02	2.485779296875000e+04
6.918955078125000e+02	2.485766796875000e+04
6.919213867187500e+02	2.485628515625000e+04
6.918535156250000e+02	2.485567968750000e+04
6.918100585937500e+02	2.485492968750000e+04
6.915795898437500e+02	2.485567187500000e+04
6.915449218750000e+02	2.485501953125000e+04
6.915126953125000e+02	2.485444921875000e+04
6.916303710937500e+02	2.485298828125000e+04
6.915957031250000e+02	2.485232031250000e+04
6.915151367187500e+02	2.485208593750000e+04
6.918051757812500e+02	2.484928906250000e+04
6.918222656250000e+02	2.484822656250000e+04
6.916069335937500e+02	2.484877343750000e+04
6.915063476562500e+02	2.484875781250000e+04
6.915258789062500e+02	2.484818359375000e+04
6.914023437500000e+02	2.484805468750000e+04
6.911704101562500e+02	2.484985546875000e+04
6.911826171875000e+02	2.484872656250000e+04
6.912543945312500e+02	2.484804687500000e+04
6.912656250000000e+02	2.484796093750000e+04
6.914716796875000e+02	2.484564843750000e+04
6.915595703125000e+02	2.484452343750000e+04
6.917109375000000e+02	2.484242578125000e+04
6.918818359375000e+02	2.484028906250000e+04
6.917329101562500e+02	2.484037500000000e+04
6.916796875000000e+02	2.483982421875000e+04
6.915507812500000e+02	2.483998046875000e+04
6.915087890625000e+02	2.483932421875000e+04
6.914370117187500e+02	2.483950390625000e+04
6.913510742187500e+02	2.483922656250000e+04
6.914194335937500e+02	2.483869531250000e+04
6.914531250000000e+02	2.483733984375000e+04
6.915830078125000e+02	2.483618359375000e+04
6.917729492187500e+02	2.483364843750000e+04
6.918398437500000e+02	2.483228515625000e+04
6.920283203125000e+02	2.482980078125000e+04
6.921733398437500e+02	2.482744140625000e+04
6.920073242187500e+02	2.482738671875000e+04
6.920073242187500e+02	2.482596484375000e+04
6.920097656250000e+02	2.482470312500000e+04
6.918608398437500e+02	2.482464453125000e+04
6.917675781250000e+02	2.482427734375000e+04
6.919375000000000e+02	2.482188671875000e+04
6.918730468750000e+02	2.482125390625000e+04
6.917407226562500e+02	2.482121093750000e+04
6.917949218750000e+02	2.481966406250000e+04
6.917592773437500e+02	2.481888671875000e+04
6.916699218750000e+02	2.481864453125000e+04
6.915610351562500e+02	2.481866796875000e+04
6.913154296875000e+02	2.481990234375000e+04
6.911816406250000e+02	2.482003125000000e+04
6.911601562500000e+02	2.481994921875000e+04
6.912412109375000e+02	2.481932031250000e+04
6.911069335937500e+02	2.482026171875000e+04
6.910961914062500e+02	2.481929687500000e+04
6.912275390625000e+02	2.481827734375000e+04
6.913325195312500e+02	2.481746484375000e+04
6.912758789062500e+02	2.481781640625000e+04
6.914355468750000e+02	2.481550781250000e+04
6.916401367187500e+02	2.481383593750000e+04
6.915249023437500e+02	2.481366796875000e+04
6.916577148437500e+02	2.481198828125000e+04
6.917431640625000e+02	2.481058203125000e+04
6.915932617187500e+02	2.481082421875000e+04
6.916176757812500e+02	2.480963281250000e+04
6.914990234375000e+02	2.480992187500000e+04
6.916474609375000e+02	2.480809765625000e+04
6.917988281250000e+02	2.480594140625000e+04
6.918247070312500e+02	2.480490234375000e+04
6.918110351562500e+02	2.480398437500000e+04
6.918696289062500e+02	2.480247656250000e+04
6.920800781250000e+02	2.479967187500000e+04
6.921137695312500e+02	2.479808984375000e+04
6.920170898437500e+02	2.479749609375000e+04
6.920688476562500e+02	2.479579687500000e+04
6.919599609375000e+02	2.479526171875000e+04
6.918979492187500e+02	2.479447656250000e+04
6.919550781250000e+02	2.479285937500000e+04
6.918754882812500e+02	2.479232812500000e+04
6.917221679687500e+02	2.479247265625000e+04
6.918198242187500e+02	2.479062109375000e+04
6.918559570312500e+02	2.478931640625000e+04
6.917143554687500e+02	2.478949218750000e+04
6.917343750000000e+02	2.478839453125000e+04
6.917866210937500e+02	2.478708203125000e+04
6.916289062500000e+02	2.478736718750000e+04
6.915161132812500e+02	2.478721093750000e+04
6.914072265625000e+02	2.478738281250000e+04
6.911704101562500e+02	2.478874609375000e+04
6.912246093750000e+02	2.478801171875000e+04
6.913315429687500e+02	2.478633984375000e+04
6.912768554687500e+02	2.478676171875000e+04
6.912993164062500e+02	2.478604296875000e+04
6.914169921875000e+02	2.478451953125000e+04
6.915957031250000e+02	2.478288281250000e+04
6.915151367187500e+02	2.478260937500000e+04
6.916811523437500e+02	2.478060937500000e+04
6.916684570312500e+02	2.478005468750000e+04
6.916684570312500e+02	2.477911718750000e+04
6.916772460937500e+02	2.477812500000000e+04
6.916899414062500e+02	2.477720703125000e+04
6.918398437500000e+02	2.477516796875000e+04
6.918286132812500e+02	2.477423828125000e+04
6.918149414062500e+02	2.477327734375000e+04
6.919018554687500e+02	2.477150000000000e+04
6.918486328125000e+02	2.477079687500000e+04
6.919277343750000e+02	2.476905859375000e+04
6.918247070312500e+02	2.476871484375000e+04
6.917753906250000e+02	2.476796484375000e+04
6.917407226562500e+02	2.476717187500000e+04
6.916660156250000e+02	2.476689062500000e+04
6.913349609375000e+02	2.476889062500000e+04
6.914184570312500e+02	2.476721875000000e+04
6.913500976562500e+02	2.476775000000000e+04
6.911728515625000e+02	2.476817968750000e+04
6.913291015625000e+02	2.476675781250000e+04
6.911850585937500e+02	2.476787500000000e+04
6.911816406250000e+02	2.476689843750000e+04
6.913266601562500e+02	2.476562500000000e+04
6.913452148437500e+02	2.476548437500000e+04
6.911738281250000e+02	2.476589062500000e+04
6.911083984375000e+02	2.476616406250000e+04
6.912309570312500e+02	2.476521093750000e+04
6.911147460937500e+02	2.476581640625000e+04
6.910898437500000e+02	2.476515234375000e+04
6.912197265625000e+02	2.476414453125000e+04
6.911157226562500e+02	2.476494921875000e+04
6.913164062500000e+02	2.476339453125000e+04
6.913994140625000e+02	2.476176562500000e+04
6.915273437500000e+02	2.476060937500000e+04
6.916225585937500e+02	2.475907421875000e+04
6.917246093750000e+02	2.475767187500000e+04
6.918110351562500e+02	2.475606250000000e+04
6.917651367187500e+02	2.475530468750000e+04
6.917812500000000e+02	2.475417187500000e+04
6.918696289062500e+02	2.475253906250000e+04
6.917543945312500e+02	2.475238671875000e+04
6.919536132812500e+02	2.474976953125000e+04
6.917480468750000e+02	2.475024218750000e+04
6.917915039062500e+02	2.474880859375000e+04
6.918745117187500e+02	2.474714062500000e+04
6.917626953125000e+02	2.474695312500000e+04
6.917270507812500e+02	2.474624609375000e+04
6.916240234375000e+02	2.474602343750000e+04
6.915336914062500e+02	2.474583984375000e+04
6.915073242187500e+02	2.474560937500000e+04
6.914604492187500e+02	2.474498828125000e+04
6.916601562500000e+02	2.474291406250000e+04
6.914072265625000e+02	2.474424218750000e+04
6.914331054687500e+02	2.474324609375000e+04
6.914257812500000e+02	2.474294531250000e+04
6.915200195312500e+02	2.474127343750000e+04
6.914829101562500e+02	2.474126562500000e+04
6.915014648437500e+02	2.474005078125000e+04
6.916547851562500e+02	2.473838671875000e+04
6.916103515625000e+02	2.473805859375000e+04
6.914355468750000e+02	2.473832031250000e+04
6.915000000000000e+02	2.473740625000000e+04
6.914926757812500e+02	2.473666796875000e+04
6.915395507812500e+02	2.473560937500000e+04
6.914589843750000e+02	2.473577343750000e+04
6.914653320312500e+02	2.473475390625000e+04
6.916152343750000e+02	2.473330078125000e+04
6.915556640625000e+02	2.473271875000000e+04
6.913886718750000e+02	2.473346484375000e+04
6.914565429687500e+02	2.473232812500000e+04
6.913935546875000e+02	2.473225781250000e+04
6.913959960937500e+02	2.473165234375000e+04
6.914614257812500e+02	2.473047265625000e+04
6.914418945312500e+02	2.473014062500000e+04
6.914428710937500e+02	2.472931250000000e+04
6.913823242187500e+02	2.472944531250000e+04
6.915483398437500e+02	2.472735937500000e+04
6.916176757812500e+02	2.472642968750000e+04
6.915385742187500e+02	2.472592968750000e+04
6.914692382812500e+02	2.472598828125000e+04
6.914741210937500e+02	2.472528125000000e+04
6.913461914062500e+02	2.472553906250000e+04
6.913251953125000e+02	2.472527734375000e+04
6.913227539062500e+02	2.472489843750000e+04
6.911494140625000e+02	2.472549218750000e+04
6.912099609375000e+02	2.472502343750000e+04
6.913886718750000e+02	2.472351171875000e+04
6.914145507812500e+02	2.472228125000000e+04
6.914814453125000e+02	2.472167578125000e+04
6.916513671875000e+02	2.471928906250000e+04
6.916328125000000e+02	2.471875781250000e+04
6.916254882812500e+02	2.471810546875000e+04
6.916513671875000e+02	2.471698437500000e+04
6.917045898437500e+02	2.471567187500000e+04
6.915659179687500e+02	2.471598828125000e+04
6.915571289062500e+02	2.471541015625000e+04
6.916264648437500e+02	2.471380078125000e+04
6.915336914062500e+02	2.471395703125000e+04
6.915766601562500e+02	2.471295312500000e+04
6.915258789062500e+02	2.471242578125000e+04
6.914692382812500e+02	2.471244140625000e+04
6.915668945312500e+02	2.471072265625000e+04
6.915151367187500e+02	2.471055468750000e+04
6.913251953125000e+02	2.471144140625000e+04
6.913300781250000e+02	2.471073437500000e+04
6.915805664062500e+02	2.470831250000000e+04
6.914653320312500e+02	2.470851171875000e+04
6.915668945312500e+02	2.470726171875000e+04
6.915063476562500e+02	2.470667968750000e+04
6.915854492187500e+02	2.470564843750000e+04
6.915708007812500e+02	2.470492968750000e+04
6.917084960937500e+02	2.470303906250000e+04
6.918149414062500e+02	2.470140234375000e+04
